MeshAnim
1
134
81
30
0.97684 0.1455804 0.1568121 0
-0.1810493 0.9529473 0.2431307 0
-0.1140387 -0.2658905 0.9572343 0
0.2328216 0.8244694 -0.01779215 1

0.9944295 0.07348902 0.07555979 0
-0.09226938 0.9534783 0.2869942 0
-0.0509537 -0.2923673 0.9549476 0
0.2077906 0.9556606 0.01633908 1

-0.8767198 -0.3406173 -0.3396211 0
0.3535573 -0.9350755 0.02512257 0
-0.3261285 -0.09805007 0.9402268 0
0.05662578 0.7294783 -0.1009962 1

-0.9907094 -0.1330144 -0.02832934 0
0.09331627 -0.8164066 0.5698882 0
-0.09893151 0.5619497 0.8212337 0
0.4453908 0.7874173 -0.03858756 1

0.9768397 0.1455819 0.1568127 0
0.181051 -0.9529471 -0.2431304 0
0.1140388 0.2658905 -0.9572343 0
0.2436417 0.5754967 0.145947 1

-0.181051 0.9529471 0.2431304 0
-0.9768397 -0.1455819 -0.1568127 0
-0.1140388 -0.2658905 0.9572343 0
0.2760773 0.850805 -0.3116962 1

0.9939302 -0.04820831 -0.09888786 0
0.07396966 0.958208 0.2763438 0
0.08143306 -0.2819812 0.9559578 0
0.1966958 1.07031 0.05084823 1

-0.8088632 -0.215731 -0.5469926 0
0.5879734 -0.3051401 -0.7491175 0
-0.005301513 -0.9275505 0.3736605 0
0.1919777 0.3715045 -0.0913786 1

-0.9887669 -0.1374754 0.05865887 0
0.06755096 -0.7611046 -0.6451021 0
0.1333312 -0.6338933 0.7618415 0
0.481115 0.4748734 0.179582 1

0.9768397 0.1455819 0.1568127 0
0.181051 -0.9529471 -0.2431304 0
0.1140388 0.2658905 -0.9572343 0
0.2631288 0.4729279 0.1197781 1

-0.181051 0.9529471 0.2431304 0
-0.9768397 -0.1455819 -0.1568127 0
-0.1140388 -0.2658905 0.9572343 0
0.3037937 0.704922 -0.3489161 1

0.9484867 -0.167019 -0.269217 0
0.2307833 0.9464094 0.2259386 0
0.2170535 -0.2764305 0.9362019 0
0.2098741 1.241023 0.1000812 1

-0.6893713 -0.01595881 -0.7242326 0
-0.03168979 -0.998136 0.05215877 0
-0.7237149 0.05890752 0.6875803 0
0.384151 0.2717726 -0.3362201 1

-0.9729542 0.004728839 0.2309508 0
0.1240788 -0.8326183 0.5397699 0
0.1948463 0.5538275 0.8095123 0
0.5031933 0.2261139 -0.03126328 1

0.9768397 0.1455819 0.1568127 0
0.181051 -0.9529471 -0.2431304 0
0.1140388 0.2658905 -0.9572343 0
0.2880225 0.3419021 0.08634876 1

-0.181051 0.9529471 0.2431304 0
-0.9768397 -0.1455819 -0.1568127 0
-0.1140388 -0.2658905 0.9572343 0
0.3359793 0.5355154 -0.3921377 1

0.9631362 -0.1612753 -0.215312 0
0.2039622 0.9596539 0.1935562 0
0.1754092 -0.2303364 0.9571712 0
0.3261475 1.578128 0.3005918 1

0.3058282 -0.3274831 0.8939933 0
-0.8644335 0.298028 0.404888 0
-0.3990291 -0.8966237 -0.1919419 0
0.1041611 1.499834 0.2133766 1

-0.2665942 0.3004954 -0.9157677 0
0.9637899 0.089105 -0.2513357 0
0.00607425 -0.949612 -0.3133693 0
0.4342248 1.441713 0.1196919 1

-0.6893714 -0.01595799 -0.7242326 0
-0.7202826 0.1216501 0.6829308 0
0.07720482 0.9924449 -0.0953563 0
0.3755633 0.001277804 -0.3220848 1

-0.9729545 0.004729614 0.2309494 0
0.230997 0.0170927 0.9728044 0
0.0006534755 0.9998428 -0.01772306 0
0.5368187 0.0004742742 0.1150144 1

0.9768397 0.1455819 0.1568127 0
0.181051 -0.9529471 -0.2431304 0
0.1140388 0.2658905 -0.9572343 0
0.3137003 0.2067493 0.05186652 1

-0.181051 0.9529471 0.2431304 0
-0.9768397 -0.1455819 -0.1568127 0
-0.1140388 -0.2658905 0.9572343 0
0.3641244 0.3873765 -0.4299332 1

0.9884238 -0.1464553 0.03961228 0
0.1269404 0.9413114 0.3127606 0
-0.08309294 -0.3041116 0.9490056 0
0.3833054 1.681701 0.4786913 1

0.9540119 0.100112 -0.2825579 0
0.2787824 -0.6427775 0.7135247 0
-0.1101895 -0.7594832 -0.6411268 0
-0.06795081 1.559172 0.2939912 1

0.3441774 0.4531226 -0.8223271 0
0.02947691 -0.8806196 -0.4729061 0
-0.9384419 0.1385239 -0.3164459 0
0.6261191 1.459455 0.06965005 1

-0.6893714 -0.01595799 -0.7242326 0
-0.7202826 0.1216501 0.6829308 0
0.07720482 0.9924449 -0.0953563 0
0.255766 0.0215106 -0.2084997 1

-0.9729545 0.004729614 0.2309494 0
0.230997 0.0170927 0.9728044 0
0.0006534755 0.9998428 -0.01772306 0
0.575238 0.003317118 0.2768106 1

0.9884238 -0.1464553 0.03961228 0
0.1269404 0.9413114 0.3127606 0
-0.08309294 -0.3041116 0.9490056 0
0.3968337 1.80559 0.5991727 1

0.9884238 -0.1464553 0.03961228 0
0.1269404 0.9413114 0.3127606 0
-0.08309294 -0.3041116 0.9490056 0
0.3408845 1.671003 0.6068292 1

0.9884238 -0.1464553 0.03961228 0
0.1269404 0.9413114 0.3127606 0
-0.08309294 -0.3041116 0.9490056 0
0.410642 1.660667 0.6096244 1

0.9884238 -0.1464553 0.03961228 0
-0.1418136 -0.7990643 0.5842815 0
-0.05391841 -0.5831354 -0.8105837 0
0.3773547 1.648873 0.5058028 1

0.1407753 0.626626 -0.7665002 0
0.9838907 -0.1747149 0.03786889 0
-0.1101893 -0.7594832 -0.6411268 0
0.06949247 1.242275 0.645768 1

0.3423298 0.2503363 -0.9056169 0
-0.04623175 -0.9581978 -0.282347 0
-0.9384419 0.1385241 -0.3164464 0
0.6406516 1.025298 -0.1634988 1

0.02947691 -0.8806196 -0.4729061 0
0.9384419 -0.1385239 0.3164459 0
-0.3441774 -0.4531226 0.8223271 0
0.8059874 1.396372 0.09232921 1

-0.2175965 0.3605744 -0.9069942 0
0.9498698 0.2919689 -0.1118109 0
0.2244979 -0.8858558 -0.40603 0
0.3804485 1.187056 0.6577366 1

-0.07777815 0.02479373 -0.9966625 0
0.4985623 -0.8647457 -0.06041908 0
-0.8633578 -0.5015973 0.05489695 0
0.6260401 0.7224593 -0.2527347 1

-0.357497 0.6902917 0.6290418 0
-0.8433884 0.05066328 -0.534911 0
-0.4011137 -0.7217554 0.5640717 0
0.7800053 1.527903 -0.07207159 1

0.4843058 -0.3594574 -0.7976455 0
-0.8679579 -0.3120141 -0.3863888 0
-0.1099865 0.8794529 -0.4631042 0
0.6225064 1.288395 0.2259459 1

-0.5363067 0.176578 -0.8253458 0
0.8433131 0.07200225 -0.5325772 0
-0.03461461 -0.9816497 -0.1875258 0
0.4328482 1.191353 0.5690383 1

-0.2169247 0.3607807 -0.9070729 0
0.9501062 0.2913875 -0.1113191 0
0.2241479 -0.8859632 -0.4059889 0
0.5701402 1.267073 0.5757589 1

-0.2169567 0.3607709 -0.9070691 0
0.9500362 0.2916467 -0.1112363 0
0.2244128 -0.885882 -0.40602 0
0.6021504 1.25505 0.6317604 1

-0.2169247 0.3607807 -0.9070729 0
0.9501062 0.2913875 -0.1113191 0
0.2241479 -0.8859632 -0.4059889 0
0.6103553 1.228878 0.6910575 1

-0.1492716 0.3807582 -0.9125466 0
0.9610475 0.2729691 -0.04330938 0
0.2326066 -0.8834654 -0.4066731 0
0.5857323 1.196831 0.7385395 1

0.1678808 -0.2915428 -0.9417107 0
0.1722163 -0.9319054 0.3192086 0
-0.9706481 -0.2157669 -0.1062407 0
0.6239516 0.645956 -0.183642 1

-0.07813063 0.02540521 -0.9966194 0
0.4981742 -0.8649215 -0.06110279 0
-0.8635498 -0.501264 0.05492045 0
0.7325979 0.5344808 -0.2035906 1

-0.07813063 0.02540521 -0.9966194 0
0.4981742 -0.8649215 -0.06110279 0
-0.8635498 -0.501264 0.05492045 0
0.7422842 0.5206385 -0.2669919 1

-0.07813063 0.02540521 -0.9966194 0
0.4981742 -0.8649215 -0.06110279 0
-0.8635498 -0.501264 0.05492045 0
0.7331774 0.5273771 -0.3313358 1

-0.07813063 0.02540521 -0.9966194 0
0.4981742 -0.8649215 -0.06110279 0
-0.8635498 -0.501264 0.05492045 0
0.7072848 0.5597063 -0.3779389 1

-0.357497 0.6902917 0.6290418 0
-0.8433884 0.05066328 -0.534911 0
-0.4011137 -0.7217554 0.5640717 0
0.6868998 1.533496 -0.1311228 1

0.4843058 -0.3594574 -0.7976455 0
-0.8679579 -0.3120141 -0.3863888 0
-0.1099865 0.8794529 -0.4631042 0
0.5266886 1.253951 0.1832907 1

-0.1271438 0.2432966 -0.9615829 0
0.9791705 0.1855098 -0.08253215 0
0.1583033 -0.9520468 -0.2618152 0
0.4964041 1.196779 0.5289009 1

-0.2169248 0.3607806 -0.907073 0
0.9501063 0.2913867 -0.1113196 0
0.2241469 -0.8859636 -0.4059888 0
0.6417445 1.289033 0.5673694 1

-0.2169249 0.3607807 -0.907073 0
0.950106 0.2913874 -0.1113192 0
0.2241478 -0.8859631 -0.405989 0
0.6686209 1.275455 0.6239777 1

-0.2169247 0.3607805 -0.9070729 0
0.9501064 0.2913869 -0.1113193 0
0.2241473 -0.8859634 -0.4059887 0
0.6712443 1.247552 0.6839235 1

-0.2169246 0.3607805 -0.9070729 0
0.9501061 0.2913875 -0.1113189 0
0.2241481 -0.8859633 -0.4059888 0
0.6330122 1.21026 0.7364088 1

-0.05729994 0.2129209 -0.9753879 0
0.1824032 -0.9583157 -0.2199096 0
-0.9815528 -0.1905145 0.01607385 0
0.6369303 0.5757243 -0.1595853 1

-0.07813063 0.02540521 -0.9966194 0
0.4981742 -0.8649215 -0.06110279 0
-0.8635498 -0.501264 0.05492045 0
0.7701402 0.4693002 -0.2081954 1

-0.07813078 0.0254055 -0.9966194 0
0.4981742 -0.8649215 -0.061103 0
-0.8635498 -0.501264 0.05492045 0
0.7771415 0.4601197 -0.2712673 1

-0.07813063 0.02540521 -0.9966194 0
0.4981742 -0.8649215 -0.06110279 0
-0.8635498 -0.501264 0.05492045 0
0.7651054 0.4719444 -0.3352519 1

-0.07813063 0.02540521 -0.9966194 0
0.4981742 -0.8649215 -0.06110279 0
-0.8635498 -0.501264 0.05492045 0
0.7317948 0.5171522 -0.3809451 1

0.04426561 0.2911338 -0.9556579 0
0.9503048 0.2828009 0.1301708 0
0.3081579 -0.9139283 -0.2641474 0
0.5699626 1.210715 0.5227008 1

-0.2169248 0.3607806 -0.907073 0
0.9501063 0.2913867 -0.1113196 0
0.2241469 -0.8859636 -0.4059888 0
0.7131197 1.310923 0.5590068 1

-0.2169249 0.3607807 -0.907073 0
0.950106 0.2913874 -0.1113192 0
0.2241478 -0.8859631 -0.405989 0
0.7352799 1.295899 0.6161676 1

-0.2169247 0.3607805 -0.9070729 0
0.9501064 0.2913869 -0.1113193 0
0.2241473 -0.8859634 -0.4059887 0
0.7296784 1.265473 0.6770771 1

-0.2169246 0.3607804 -0.9070729 0
0.950106 0.2913876 -0.1113189 0
0.2241481 -0.8859633 -0.4059888 0
0.6827314 1.225509 0.7305834 1

-0.154527 0.3744113 -0.9142964 0
0.2057101 -0.8929375 -0.4004322 0
-0.966336 -0.2499574 0.06096262 0
0.6506337 0.5037295 -0.1761063 1

-0.07813063 0.02540527 -0.9966194 0
0.4981743 -0.8649215 -0.06110272 0
-0.8635498 -0.501264 0.05492043 0
0.8075681 0.4043186 -0.212786 1

-0.07813081 0.02540549 -0.9966194 0
0.4981743 -0.8649215 -0.06110306 0
-0.8635498 -0.501264 0.05492043 0
0.8120933 0.3994368 -0.2755543 1

-0.07813063 0.02540527 -0.9966194 0
0.4981743 -0.8649215 -0.06110272 0
-0.8635498 -0.501264 0.05492043 0
0.7957431 0.4187517 -0.3390097 1

-0.07813063 0.02540527 -0.9966194 0
0.4981743 -0.8649215 -0.06110272 0
-0.8635498 -0.501264 0.05492043 0
0.7578644 0.4718908 -0.3841426 1

0.04426561 0.2911338 -0.9556579 0
0.9503048 0.2828009 0.1301708 0
0.3081579 -0.9139283 -0.2641474 0
0.6670116 1.239596 0.5359943 1

-0.2169248 0.3607806 -0.907073 0
0.9501063 0.2913867 -0.1113196 0
0.2241469 -0.8859636 -0.4059888 0
0.8101482 1.340681 0.5476384 1

-0.2169249 0.3607807 -0.907073 0
0.950106 0.2913874 -0.1113192 0
0.2241478 -0.8859631 -0.405989 0
0.8086432 1.318399 0.607572 1

-0.2169247 0.3607805 -0.9070729 0
0.9501064 0.2913869 -0.1113193 0
0.2241473 -0.8859634 -0.4059887 0
0.7880663 1.28338 0.6702361 1

-0.2169246 0.3607804 -0.9070729 0
0.950106 0.2913876 -0.1113189 0
0.2241481 -0.8859633 -0.4059888 0
0.735669 1.241744 0.7243809 1

-0.154527 0.3744113 -0.9142964 0
0.2057101 -0.8929375 -0.4004322 0
-0.966336 -0.2499574 0.06096262 0
0.6716422 0.4125366 -0.2170012 1

-0.07813063 0.02540527 -0.9966194 0
0.4981743 -0.8649215 -0.06110272 0
-0.8635498 -0.501264 0.05492043 0
0.8584417 0.3159929 -0.2190258 1

-0.07813081 0.02540549 -0.9966194 0
0.4981743 -0.8649215 -0.06110306 0
-0.8635498 -0.501264 0.05492043 0
0.8505574 0.3326564 -0.280272 1

-0.07813063 0.02540527 -0.9966194 0
0.4981743 -0.8649215 -0.06110272 0
-0.8635498 -0.501264 0.05492043 0
0.8263609 0.3655936 -0.3427651 1

-0.07813063 0.02540527 -0.9966194 0
0.4981743 -0.8649215 -0.06110272 0
-0.8635498 -0.501264 0.05492043 0
0.7856176 0.4237062 -0.3875466 1

0.9725055 0.146593 0.1809519 0
-0.1904816 0.9477413 0.2559362 0
-0.1339771 -0.2833673 0.9496068 0
0.2287827 0.8179512 -0.01705026 1

0.9931815 0.07608338 0.08832894 0
-0.09906592 0.9502147 0.2954283 0
-0.06145424 -0.3021643 0.9512728 0
0.2024387 0.9484134 0.01884128 1

-0.875254 -0.3126335 -0.3690405 0
0.2746479 -0.9493208 0.1528362 0
-0.3981194 0.03241436 0.9167607 0
0.05487701 0.7237684 -0.1058061 1

-0.9766704 -0.07702448 -0.2004545 0
-0.05556503 -0.8110264 0.5823646 0
-0.2074303 0.5799165 0.7878258 0
0.441917 0.7821105 -0.03379022 1

0.9725052 0.1465945 0.1809524 0
0.1904832 -0.947741 -0.2559359 0
0.1339772 0.2833673 -0.9496068 0
0.2370633 0.5661419 0.1424443 1

-0.1904832 0.947741 0.2559359 0
-0.9725052 -0.1465946 -0.1809524 0
-0.1339772 -0.2833673 0.9496068 0
0.278397 0.8496943 -0.3094114 1

0.9930171 -0.03972274 -0.111082 0
0.06806037 0.9620047 0.2644143 0
0.09635814 -0.2701281 0.9579905 0
0.1905267 1.06267 0.05436458 1

-0.7902657 -0.211319 -0.5751736 0
0.6127505 -0.2788657 -0.7394395 0
-0.00413844 -0.9367917 0.3498636 0
0.1600202 0.3603412 -0.04729599 1

-0.9904403 -0.09271609 -0.1021357 0
0.1371943 -0.7390904 -0.6594871 0
-0.01434242 -0.667195 0.744745 0
0.4206451 0.4716262 0.1891557 1

0.9725052 0.1465945 0.1809524 0
0.1904832 -0.947741 -0.2559359 0
0.1339772 0.2833673 -0.9496068 0
0.2575657 0.4641335 0.1148971 1

-0.1904832 0.947741 0.2559359 0
-0.9725052 -0.1465946 -0.1809524 0
-0.1339772 -0.2833673 0.9496068 0
0.3075573 0.7046082 -0.3485916 1

0.9400813 -0.156234 -0.3030481 0
0.2202467 0.9567667 0.1899709 0
0.2602664 -0.2453334 0.9338484 0
0.2026522 1.23406 0.1014722 1

-0.7660042 -0.05103639 -0.6408066 0
0.1447638 -0.9849337 -0.09460289 0
-0.6263236 -0.1652317 0.7618513 0
0.3602916 0.2691967 -0.2889744 1

-0.998336 0.004213437 -0.05750948 0
-0.03421689 -0.846051 0.5320025 0
-0.04641448 0.5330852 0.8447876 0
0.4654858 0.2300617 -0.02639121 1

0.9725052 0.1465945 0.1809524 0
0.1904832 -0.947741 -0.2559359 0
0.1339772 0.2833673 -0.9496068 0
0.2837562 0.3338235 0.07970716 1

-0.1904832 0.947741 0.2559359 0
-0.9725052 -0.1465946 -0.1809524 0
-0.1339772 -0.2833673 0.9496068 0
0.3414197 0.5361272 -0.3940896 1

0.958533 -0.1525904 -0.2406877 0
0.1956376 0.9664535 0.1664134 0
0.2072203 -0.2066003 0.9562302 0
0.3199795 1.57894 0.2876312 1

0.3272088 -0.2839173 0.9012909 0
-0.8715111 0.2779903 0.4039675 0
-0.3652435 -0.9176668 -0.1564762 0
0.09630859 1.493903 0.2117735 1

-0.3092486 0.268981 -0.9121485 0
0.9509453 0.09582997 -0.2941429 0
0.008292422 -0.9583663 -0.2854216 0
0.4234473 1.439536 0.106316 1

-0.7663531 -0.04176094 -0.6410609 0
-0.6416802 0.001889944 0.7669702 0
-0.03081793 0.9991261 -0.02824547 0
0.3995229 0.002279699 -0.3146116 1

-0.998336 0.004214197 -0.05751099 0
-0.05731417 0.03735911 0.9976571 0
0.006352857 0.9992931 -0.03705534 0
0.4562129 0.0007820129 0.1177816 1

0.9725052 0.1465945 0.1809524 0
0.1904832 -0.947741 -0.2559359 0
0.1339772 0.2833673 -0.9496068 0
0.3107717 0.199409 0.04340875 1

-0.1904832 0.947741 0.2559359 0
-0.9725052 -0.1465946 -0.1809524 0
-0.1339772 -0.2833673 0.9496068 0
0.371031 0.3887975 -0.4338758 1

0.9863969 -0.1501402 0.06692705 0
0.1262666 0.9527311 0.2763337 0
-0.1052523 -0.2641241 0.9587286 0
0.380909 1.687222 0.4616334 1

0.9395469 0.05638099 -0.3377466 0
0.2647459 -0.7451623 0.6120806 0
-0.2171663 -0.6644953 -0.7150416 0
-0.07721262 1.549252 0.292205 1

0.2395395 0.4680813 -0.8506003 0
0.07713407 -0.8825124 -0.4639207 0
-0.967818 0.04551715 -0.2475016 0
0.6127842 1.458616 0.04775107 1

-0.7663531 -0.04176094 -0.6410609 0
-0.6416802 0.001889944 0.7669702 0
-0.03081793 0.9991261 -0.02824547 0
0.2927987 0.002594173 -0.187049 1

-0.998336 0.004214197 -0.05751099 0
-0.05731417 0.03735911 0.9976571 0
0.006352857 0.9992931 -0.03705534 0
0.4466805 0.006995499 0.2837112 1

0.9863969 -0.1501402 0.06692705 0
0.1262666 0.9527311 0.2763337 0
-0.1052523 -0.2641241 0.9587286 0
0.3926582 1.815913 0.577166 1

0.9863969 -0.1501402 0.06692705 0
0.1262666 0.9527311 0.2763337 0
-0.1052523 -0.2641241 0.9587286 0
0.3356981 1.682069 0.5891587 1

0.9863969 -0.1501402 0.06692705 0
0.1262666 0.9527311 0.2763337 0
-0.1052523 -0.2641241 0.9587286 0
0.4053127 1.671473 0.5938818 1

0.9863969 -0.1501402 0.06692705 0
-0.1593508 -0.7734116 0.6135483 0
-0.04035607 -0.6158671 -0.7868158 0
0.3741715 1.655576 0.4899412 1

0.2793804 0.659568 -0.6977943 0
0.9352996 -0.351306 0.04241107 0
-0.2171663 -0.6644954 -0.7150416 0
0.05331054 1.181878 0.5939686 1

0.2516517 0.1774511 -0.9514109 0
0.000614062 -0.9830767 -0.183195 0
-0.967818 0.04551719 -0.2475018 0
0.6508123 1.023526 -0.1809679 1

0.07713407 -0.8825124 -0.4639207 0
0.967818 -0.04551715 0.2475016 0
-0.2395395 -0.4680813 0.8506003 0
0.7989321 1.412837 0.05773102 1

0.117617 0.5669211 -0.8153323 0
0.8901953 0.3036996 0.3395866 0
0.440135 -0.765746 -0.4689503 0
0.3489095 1.070848 0.6073725 1

-0.1849017 -0.3145049 -0.9310738 0
0.6427114 -0.7554187 0.127535 0
-0.743461 -0.5748299 0.3418139 0
0.6510064 0.7128248 -0.2388668 1

-0.3736908 0.665543 0.6460714 0
-0.8811284 -0.03711099 -0.4714193 0
-0.2897733 -0.7454364 0.6002966 0
0.748872 1.538422 -0.1057493 1

0.4564146 -0.3275028 -0.8273017 0
-0.8608194 -0.3977711 -0.317441 0
-0.225114 0.8570418 -0.463469 0
0.6365616 1.2908 0.2057859 1

-0.1905235 0.3709772 -0.9088877 0
0.9735177 0.1905622 -0.1262903 0
0.1263489 -0.9088794 -0.3974594 0
0.430819 1.095708 0.549889 1

0.1182464 0.5671358 -0.815092 0
0.890274 0.3030165 0.3399902 0
0.4398071 -0.7658578 -0.4690756 0
0.5477427 1.166738 0.6267748 1

0.1182165 0.5671256 -0.8151034 0
0.8901553 0.3032492 0.3400936 0
0.4400553 -0.7657732 -0.4689808 0
0.5566502 1.141556 0.6867071 1

0.1182464 0.5671358 -0.815092 0
0.890274 0.3030165 0.3399902 0
0.4398071 -0.7658578 -0.4690756 0
0.5436561 1.102008 0.7370619 1

0.1807625 0.5873815 -0.7888649 0
0.8757616 0.2689157 0.4009064 0
0.4476235 -0.7633263 -0.4657963 0
0.5055627 1.05978 0.7626252 1

0.1200765 -0.5564899 -0.822132 0
0.3762867 -0.7408212 0.5564104 0
-0.9186896 -0.3761688 0.1204443 0
0.6705367 0.6637172 -0.1503348 1

-0.1853562 -0.3139704 -0.9311638 0
0.6422938 -0.7558626 0.1270083 0
-0.7437087 -0.5745385 0.3417647 0
0.7954584 0.5687482 -0.1523731 1

-0.1853562 -0.3139704 -0.9311638 0
0.6422938 -0.7558626 0.1270083 0
-0.7437087 -0.5745385 0.3417647 0
0.8008794 0.5364519 -0.2092302 1

-0.1853562 -0.3139704 -0.9311638 0
0.6422938 -0.7558626 0.1270083 0
-0.7437087 -0.5745385 0.3417647 0
0.7839888 0.5203567 -0.270256 1

-0.1853562 -0.3139704 -0.9311638 0
0.6422938 -0.7558626 0.1270083 0
-0.7437087 -0.5745385 0.3417647 0
0.7477633 0.5315491 -0.3197523 1

-0.3736908 0.665543 0.6460714 0
-0.8811284 -0.03711099 -0.4714193 0
-0.2897733 -0.7454364 0.6002966 0
0.6516003 1.534325 -0.1577915 1

0.4564146 -0.3275028 -0.8273017 0
-0.8608194 -0.3977711 -0.317441 0
-0.225114 0.8570418 -0.463469 0
0.5415319 1.246888 0.1707422 1

0.2320067 0.4653301 -0.8541902 0
0.9151695 0.1931373 0.3537833 0
0.3296022 -0.863809 -0.3810469 0
0.5041877 1.11007 0.5403711 1

0.1182464 0.5671357 -0.815092 0
0.8902743 0.3030158 0.3399897 0
0.4398062 -0.7658582 -0.4690759 0
0.6148378 1.189575 0.6523979 1

0.1182463 0.5671356 -0.8150919 0
0.8902741 0.3030165 0.33999 0
0.4398069 -0.7658576 -0.4690756 0
0.6189309 1.162773 0.7105022 1

0.1182465 0.5671357 -0.815092 0
0.8902743 0.3030161 0.3399899 0
0.4398065 -0.765858 -0.4690756 0
0.6007106 1.121428 0.7588506 1

0.1182466 0.5671356 -0.815092 0
0.8902739 0.3030165 0.3399904 0
0.4398072 -0.7658578 -0.4690754 0
0.5486468 1.07301 0.7823481 1

-0.197939 -0.1289156 -0.9717002 0
0.334774 -0.9405976 0.0565945 0
-0.9212748 -0.3140975 0.2293383 0
0.6988949 0.6078866 -0.1084016 1

-0.1853562 -0.3139704 -0.9311638 0
0.6422938 -0.7558626 0.1270083 0
-0.7437087 -0.5745385 0.3417647 0
0.8438616 0.5117863 -0.1428019 1

-0.1853563 -0.3139703 -0.9311638 0
0.6422936 -0.7558627 0.127008 0
-0.7437087 -0.5745385 0.3417647 0
0.8458207 0.4835641 -0.2003435 1

-0.1853562 -0.3139704 -0.9311638 0
0.6422938 -0.7558626 0.1270083 0
-0.7437087 -0.5745385 0.3417647 0
0.8251534 0.4719133 -0.262116 1

-0.1853562 -0.3139704 -0.9311638 0
0.6422938 -0.7558626 0.1270083 0
-0.7437087 -0.5745385 0.3417647 0
0.7793642 0.4943606 -0.3135036 1

0.3830251 0.5092304 -0.7706984 0
0.7982545 0.237384 0.5535691 0
0.4648458 -0.8272443 -0.3155715 0
0.5729383 1.124579 0.5669484 1

0.1182464 0.5671357 -0.815092 0
0.8902743 0.3030158 0.3399897 0
0.4398062 -0.7658582 -0.4690759 0
0.6817182 1.212338 0.6779391 1

0.1182463 0.5671356 -0.8150919 0
0.8902741 0.3030165 0.33999 0
0.4398069 -0.7658576 -0.4690756 0
0.6813921 1.184033 0.7343556 1

0.1182465 0.5671357 -0.815092 0
0.8902743 0.3030161 0.3399899 0
0.4398065 -0.765858 -0.4690756 0
0.6554648 1.140064 0.7797608 1

0.1182465 0.5671357 -0.815092 0
0.8902739 0.3030165 0.3399903 0
0.4398072 -0.7658578 -0.4690754 0
0.595235 1.088867 0.8001399 1

-0.3167777 0.02787831 -0.9480903 0
0.3263928 -0.9353182 -0.1365578 0
-0.8905731 -0.352708 0.2871884 0
0.7240454 0.5372226 -0.10415 1

-0.1853562 -0.3139704 -0.9311638 0
0.6422938 -0.7558626 0.1270083 0
-0.7437087 -0.5745385 0.3417647 0
0.8921171 0.4549984 -0.1332597 1

-0.1853564 -0.3139703 -0.9311638 0
0.6422936 -0.7558627 0.127008 0
-0.7437087 -0.5745385 0.3417647 0
0.8908839 0.4305327 -0.1914327 1

-0.1853562 -0.3139704 -0.9311638 0
0.6422938 -0.7558626 0.1270083 0
-0.7437087 -0.5745385 0.3417647 0
0.8646545 0.4254278 -0.254305 1

-0.1853562 -0.3139704 -0.9311638 0
0.6422938 -0.7558626 0.1270083 0
-0.7437087 -0.5745385 0.3417647 0
0.8129755 0.4548062 -0.3068573 1

0.3830251 0.5092304 -0.7706984 0
0.7982545 0.237384 0.5535691 0
0.4648458 -0.8272443 -0.3155715 0
0.6544592 1.148822 0.623481 1

0.1182464 0.5671357 -0.815092 0
0.8902743 0.3030158 0.3399897 0
0.4398062 -0.7658582 -0.4690759 0
0.7726365 1.243284 0.7126603 1

0.1182463 0.5671356 -0.8150919 0
0.8902741 0.3030165 0.33999 0
0.4398069 -0.7658576 -0.4690756 0
0.7501352 1.20743 0.7606082 1

0.1182465 0.5671357 -0.815092 0
0.8902743 0.3030161 0.3399899 0
0.4398065 -0.765858 -0.4690756 0
0.7101757 1.158685 0.8006546 1

0.1182465 0.5671357 -0.815092 0
0.8902739 0.3030165 0.3399903 0
0.4398072 -0.7658578 -0.4690754 0
0.6448388 1.10575 0.8190834 1

-0.3167777 0.02787831 -0.9480903 0
0.3263928 -0.9353182 -0.1365578 0
-0.8905731 -0.352708 0.2871884 0
0.7573789 0.4417014 -0.1180962 1

-0.1853562 -0.3139704 -0.9311638 0
0.6422938 -0.7558626 0.1270083 0
-0.7437087 -0.5745385 0.3417647 0
0.9577081 0.3778098 -0.1202896 1

-0.1853564 -0.3139703 -0.9311638 0
0.6422936 -0.7558627 0.127008 0
-0.7437087 -0.5745385 0.3417647 0
0.9404754 0.3721727 -0.1816263 1

-0.1853562 -0.3139704 -0.9311638 0
0.6422938 -0.7558626 0.1270083 0
-0.7437087 -0.5745385 0.3417647 0
0.9041299 0.3789727 -0.246499 1

-0.1853562 -0.3139704 -0.9311638 0
0.6422938 -0.7558626 0.1270083 0
-0.7437087 -0.5745385 0.3417647 0
0.8487576 0.4126972 -0.2997816 1

0.9654236 0.1480594 0.2145592 0
-0.2000672 0.9484723 0.2457103 0
-0.1671237 -0.2801408 0.9452993 0
0.2236829 0.804359 -0.01965353 1

0.9900317 0.08118057 0.1150953 0
-0.1115443 0.9508668 0.2888087 0
-0.08599467 -0.298768 0.9504434 0
0.1959962 0.9349241 0.0148256 1

-0.8954602 -0.1980949 -0.398635 0
0.07625969 -0.9505522 0.3010573 0
-0.4385611 0.2391851 0.8662878 0
0.05307902 0.7097162 -0.1141429 1

-0.9666782 -0.02149403 -0.255091 0
-0.1289431 -0.8199496 0.5577244 0
-0.2211495 0.5720322 0.7898557 0
0.4373006 0.7686418 -0.02875187 1

0.9654233 0.1480609 0.2145597 0
0.2000688 -0.948472 -0.2457099 0
0.1671239 0.2801408 -0.9452993 0
0.2265263 0.5531193 0.1409252 1

-0.2000688 0.948472 0.2457099 0
-0.9654233 -0.1480609 -0.2145597 0
-0.1671239 -0.2801408 0.9452993 0
0.2835375 0.8351163 -0.3101972 1

0.9940663 -0.02500211 -0.1058639 0
0.05147591 0.9654797 0.2553411 0
0.09582537 -0.2592753 0.9610379 0
0.1825837 1.049259 0.04955292 1

-0.7981186 -0.1838037 -0.5737798 0
0.5999281 -0.3303519 -0.7286658 0
-0.0556177 -0.9257884 0.3739289 0
0.08227347 0.3458175 0.001110531 1

-0.9882848 -0.05097323 -0.1438578 0
0.1396019 -0.6828554 -0.7170914 0
-0.06168157 -0.7287734 0.6819715 0
0.3879375 0.4547415 0.1847611 1

0.9654233 0.1480609 0.2145597 0
0.2000688 -0.948472 -0.2457099 0
0.1671239 0.2801408 -0.9452993 0
0.2480603 0.4510322 0.1144787 1

-0.2000688 0.948472 0.2457099 0
-0.9654233 -0.1480609 -0.2145597 0
-0.1671239 -0.2801408 0.9452993 0
0.3141653 0.6899183 -0.347812 1

0.9383778 -0.1338418 -0.3186432 0
0.1972677 0.9644526 0.1758316 0
0.2837826 -0.2278545 0.9314235 0
0.1917546 1.221268 0.09504409 1

-0.7313284 -0.1188036 -0.6715987 0
0.4283225 -0.8463078 -0.3167069 0
-0.5307532 -0.5192776 0.6698148 0
0.278354 0.2378453 -0.2370466 1

-0.9900249 3.921986E-05 -0.1408929 0
-0.07333566 -0.8540013 0.5150766 0
-0.1203025 0.5202713 0.8454853 0
0.433565 0.2315569 -0.04961321 1

0.9654233 0.1480609 0.2145597 0
0.2000688 -0.948472 -0.2457099 0
0.1671239 0.2801408 -0.9452993 0
0.2755689 0.3206217 0.08069471 1

-0.2000688 0.948472 0.2457099 0
-0.9654233 -0.1480609 -0.2145597 0
-0.1671239 -0.2801408 0.9452993 0
0.3497318 0.5213073 -0.3914921 1

0.9579009 -0.1352265 -0.2532583 0
0.1769973 0.9727002 0.1500877 0
0.2260486 -0.1885952 0.955685 0
0.3029096 1.571249 0.2753817 1

0.3145697 -0.2492545 0.9159248 0
-0.8943537 0.2455111 0.3739732 0
-0.3180842 -0.9368013 -0.1456913 0
0.08032347 1.47931 0.2045505 1

-0.3406935 0.2504638 -0.9061986 0
0.9399509 0.1117643 -0.3224923 0
0.02050811 -0.9616532 -0.2735011 0
0.4068695 1.432735 0.09366611 1

-0.7710841 0.0001920462 -0.6367335 0
-0.6359538 -0.04970858 0.7701247 0
-0.03150323 0.998764 0.03845157 0
0.3944297 0.008495867 -0.3228739 1

-0.9900247 4.000962E-05 -0.1408944 0
-0.1407065 0.05134225 0.9887192 0
0.007273436 0.9986813 -0.05082457 0
0.413691 0.0001226664 0.08997254 1

0.9654233 0.1480609 0.2145597 0
0.2000688 -0.948472 -0.2457099 0
0.1671239 0.2801408 -0.9452993 0
0.3039439 0.1861035 0.04584663 1

-0.2000688 0.948472 0.2457099 0
-0.9654233 -0.1480609 -0.2145597 0
-0.1671239 -0.2801408 0.9452993 0
0.3808332 0.373864 -0.4296886 1

0.9865823 -0.1402677 0.08354972 0
0.1155015 0.9613218 0.2500395 0
-0.1153907 -0.2370344 0.964624 0
0.3640756 1.683259 0.4469227 1

0.9507909 0.09955688 -0.2934031 0
0.2354647 -0.8476692 0.4754087 0
-0.2013786 -0.5211003 -0.8293982 0
-0.09774572 1.528192 0.27901 1

0.1447264 0.411267 -0.8999521 0
0.1144325 -0.9103821 -0.3976308 0
-0.9828326 -0.04543595 -0.1788186 0
0.5940173 1.454987 0.02945668 1

-0.7710841 0.0001920462 -0.6367335 0
-0.6359538 -0.04970858 0.7701247 0
-0.03150323 0.998764 0.03845157 0
0.2886579 0.0002284646 -0.1947867 1

-0.9900247 4.000962E-05 -0.1408944 0
-0.1407065 0.05134225 0.9887192 0
0.007273436 0.9986813 -0.05082457 0
0.3902888 0.008661807 0.2544158 1

0.9865823 -0.1402677 0.08354972 0
0.1155015 0.9613218 0.2500395 0
-0.1153907 -0.2370344 0.964624 0
0.3733795 1.815337 0.5587983 1

0.9865823 -0.1402677 0.08354972 0
0.1155015 0.9613218 0.2500395 0
-0.1153907 -0.2370344 0.964624 0
0.3172916 1.681447 0.573971 1

0.9865823 -0.1402677 0.08354972 0
0.1155015 0.9613218 0.2500395 0
-0.1153907 -0.2370344 0.964624 0
0.3869193 1.671548 0.5798671 1

0.9865823 -0.1402677 0.08354972 0
-0.1612318 -0.7565354 0.6337652 0
-0.0256885 -0.6387324 -0.7689997 0
0.3572206 1.652395 0.4760534 1

0.5133815 0.6649758 -0.5424451 0
0.8341982 -0.5350345 0.1336111 0
-0.2013787 -0.5211003 -0.8293982 0
0.01834139 1.11028 0.5133926 1

0.1771683 0.03810102 -0.9834429 0
0.05149701 -0.9982405 -0.02939723 0
-0.9828325 -0.0454359 -0.1788185 0
0.6504341 1.006157 -0.1665805 1

0.1144325 -0.9103821 -0.3976308 0
0.9828326 0.04543595 0.1788186 0
-0.1447264 -0.411267 0.8999521 0
0.7834171 1.423778 0.02934904 1

0.3029463 0.6998066 -0.6469114 0
0.728538 0.2675477 0.6305957 0
0.6143747 -0.6623362 -0.4287831 0
0.2819874 0.9411837 0.5556201 1

-0.2183098 -0.5867891 -0.7797561 0
0.7159996 -0.6392332 0.2805817 0
-0.6630881 -0.4970511 0.5596915 0
0.6667097 0.6906633 -0.1758717 1

-0.3802822 0.6885715 0.6174591 0
-0.9051754 -0.1400489 -0.4013032 0
-0.1898512 -0.711517 0.6765355 0
0.7128664 1.53128 -0.1393794 1

0.4240535 -0.3618087 -0.8302249 0
-0.8465239 -0.4841293 -0.2213969 0
-0.3218329 0.7966893 -0.5115762 0
0.6413529 1.303158 0.1980086 1

0.05089459 0.5136658 -0.8564796 0
0.9508768 0.2372887 0.1988157 0
0.3053579 -0.8245254 -0.4763561 0
0.3747898 0.9777689 0.5295279 1

0.3034615 0.6999955 -0.6464656 0
0.72855 0.2668087 0.6308949 0
0.6141063 -0.6624346 -0.4290155 0
0.4587806 1.038129 0.6475534 1

0.3034369 0.6999866 -0.6464867 0
0.7283888 0.267017 0.6309927 0
0.6143095 -0.6623601 -0.4288396 0
0.4519907 1.003442 0.7028357 1

0.3034615 0.6999955 -0.6464656 0
0.72855 0.2668087 0.6308949 0
0.6141063 -0.6624346 -0.4290155 0
0.4281622 0.9555891 0.7403953 1

0.3540242 0.7173162 -0.6001037 0
0.6998115 0.2224916 0.6787942 0
0.620428 -0.660269 -0.4232188 0
0.3877148 0.908561 0.7467314 1

0.1141285 -0.7648171 -0.6340585 0
0.4791018 -0.5167373 0.709538 0
-0.8703083 -0.3847567 0.3074507 0
0.6965986 0.6712784 -0.07911534 1

-0.218816 -0.5863371 -0.7799543 0
0.7155893 -0.6398395 0.280246 0
-0.6633639 -0.4968044 0.5595834 0
0.8292207 0.5885507 -0.06510714 1

-0.218816 -0.5863371 -0.7799543 0
0.7155893 -0.6398395 0.280246 0
-0.6633639 -0.4968044 0.5595834 0
0.8336854 0.5413633 -0.1104787 1

-0.218816 -0.5863371 -0.7799543 0
0.7155893 -0.6398395 0.280246 0
-0.6633639 -0.4968044 0.5595834 0
0.8142248 0.5068895 -0.1624528 1

-0.218816 -0.5863371 -0.7799543 0
0.7155893 -0.6398395 0.280246 0
-0.6633639 -0.4968044 0.5595834 0
0.7738526 0.500526 -0.2095383 1

-0.3802822 0.6885715 0.6174591 0
-0.9051754 -0.1400489 -0.4013032 0
-0.1898512 -0.711517 0.6765355 0
0.61294 1.515819 -0.1836811 1

0.4240535 -0.3618087 -0.8302249 0
-0.8465239 -0.4841293 -0.2213969 0
-0.3218329 0.7966893 -0.5115762 0
0.5479013 1.249712 0.1735676 1

0.4311886 0.6096066 -0.665174 0
0.7568567 0.1569474 0.6344569 0
0.4911665 -0.7770121 -0.3937109 0
0.4464524 0.995652 0.5445116 1

0.3034614 0.6999955 -0.6464656 0
0.7285507 0.2668082 0.6308944 0
0.6141056 -0.6624348 -0.429016 0
0.5136875 1.058237 0.6951005 1

0.3034614 0.6999956 -0.6464656 0
0.72855 0.2668088 0.6308947 0
0.6141063 -0.6624346 -0.4290155 0
0.5029532 1.022125 0.7469838 1

0.3034615 0.6999954 -0.6464655 0
0.7285504 0.2668083 0.6308946 0
0.6141058 -0.6624349 -0.4290158 0
0.4748524 0.972688 0.7808272 1

0.3034616 0.6999954 -0.6464656 0
0.7285499 0.2668088 0.630895 0
0.6141064 -0.6624348 -0.4290153 0
0.4221428 0.9195067 0.7801255 1

-0.2509213 -0.4227513 -0.8708158 0
0.4220991 -0.8573508 0.2945886 0
-0.8711321 -0.2936516 0.3935704 0
0.7327054 0.6323353 -0.0256421 1

-0.218816 -0.5863371 -0.7799543 0
0.7155893 -0.6398395 0.280246 0
-0.6633639 -0.4968044 0.5595834 0
0.8831476 0.5403325 -0.04398783 1

-0.2188163 -0.5863368 -0.7799544 0
0.7155893 -0.6398397 0.2802458 0
-0.6633639 -0.4968044 0.5595834 0
0.8837552 0.4965937 -0.09086991 1

-0.218816 -0.5863371 -0.7799543 0
0.7155893 -0.6398395 0.280246 0
-0.6633639 -0.4968044 0.5595834 0
0.8600868 0.4658822 -0.1444918 1

-0.218816 -0.5863371 -0.7799543 0
0.7155893 -0.6398395 0.280246 0
-0.6633639 -0.4968044 0.5595834 0
0.8090595 0.4690457 -0.1957502 1

0.5479263 0.6431098 -0.5349643 0
0.5843443 0.1633648 0.7948923 0
0.5985974 -0.7481458 -0.2862856 0
0.5033098 1.007442 0.5921739 1

0.3034614 0.6999955 -0.6464656 0
0.7285507 0.2668082 0.6308944 0
0.6141056 -0.6624348 -0.429016 0
0.5684185 1.07828 0.7424953 1

0.3034614 0.6999956 -0.6464656 0
0.72855 0.2668088 0.6308947 0
0.6141063 -0.6624346 -0.4290155 0
0.5540681 1.040844 0.7912471 1

0.3034615 0.6999954 -0.6464655 0
0.7285504 0.2668083 0.6308946 0
0.6141058 -0.6624349 -0.4290158 0
0.5196601 0.9890974 0.8196288 1

0.3034615 0.6999954 -0.6464655 0
0.7285499 0.2668087 0.6308949 0
0.6141064 -0.6624348 -0.4290153 0
0.460268 0.9334689 0.8131403 1

-0.3816642 -0.2743244 -0.8826544 0
0.4001715 -0.9098465 0.1097391 0
-0.8331839 -0.3113295 0.4570325 0
0.7644163 0.5679256 -0.003510676 1

-0.218816 -0.586337 -0.7799543 0
0.7155893 -0.6398395 0.280246 0
-0.6633639 -0.4968044 0.5595833 0
0.9369098 0.4922613 -0.02293295 1

-0.2188163 -0.5863367 -0.7799546 0
0.7155893 -0.6398398 0.2802457 0
-0.6633639 -0.4968044 0.5595833 0
0.933961 0.4517027 -0.07120782 1

-0.218816 -0.586337 -0.7799543 0
0.7155893 -0.6398395 0.280246 0
-0.6633639 -0.4968044 0.5595833 0
0.9040955 0.426532 -0.1272567 1

-0.218816 -0.586337 -0.7799543 0
0.7155893 -0.6398395 0.280246 0
-0.6633639 -0.4968044 0.5595833 0
0.8465062 0.4355629 -0.1810849 1

0.5479263 0.6431098 -0.5349643 0
0.5843443 0.1633648 0.7948923 0
0.5985974 -0.7481458 -0.2862856 0
0.5629853 1.024126 0.6733515 1

0.3034614 0.6999955 -0.6464656 0
0.7285507 0.2668082 0.6308944 0
0.6141056 -0.6624348 -0.429016 0
0.6428208 1.105528 0.8069246 1

0.3034614 0.6999956 -0.6464656 0
0.72855 0.2668088 0.6308947 0
0.6141063 -0.6624346 -0.4290155 0
0.6103235 1.061445 0.839962 1

0.3034615 0.6999954 -0.6464655 0
0.7285504 0.2668083 0.6308946 0
0.6141058 -0.6624349 -0.4290158 0
0.5644325 1.005494 0.8583999 1

0.3034615 0.6999954 -0.6464655 0
0.7285499 0.2668087 0.6308949 0
0.6141064 -0.6624348 -0.4290153 0
0.5008609 0.9483349 0.8482921 1

-0.3816642 -0.2743244 -0.8826544 0
0.4001715 -0.9098465 0.1097391 0
-0.8331839 -0.3113295 0.4570325 0
0.8052845 0.4750058 0.007696681 1

-0.218816 -0.586337 -0.7799543 0
0.7155893 -0.6398395 0.280246 0
-0.6633639 -0.4968044 0.5595833 0
1.009986 0.4269209 0.005685776 1

-0.2188163 -0.5863367 -0.7799546 0
0.7155893 -0.6398398 0.2802457 0
-0.6633639 -0.4968044 0.5595833 0
0.9892116 0.4023005 -0.04957013 1

-0.218816 -0.586337 -0.7799543 0
0.7155893 -0.6398395 0.280246 0
-0.6633639 -0.4968044 0.5595833 0
0.9480758 0.3872075 -0.1100328 1

-0.218816 -0.586337 -0.7799543 0
0.7155893 -0.6398395 0.280246 0
-0.6633639 -0.4968044 0.5595833 0
0.8863717 0.3999177 -0.1654724 1

0.9560143 0.1581944 0.2470044 0
-0.2109753 0.9558893 0.2043647 0
-0.2037795 -0.2474875 0.947219 0
0.2136994 0.782635 -0.01707569 1

0.9839045 0.09752405 0.1497359 0
-0.1337678 0.9575599 0.2553135 0
-0.1184819 -0.271234 0.9551932 0
0.1844854 0.9142435 0.01170525 1

-0.8788087 -0.1377321 -0.4568643 0
-0.09901609 -0.8839619 0.4569543 0
-0.4667879 0.4468123 0.7631958 0
0.04708514 0.6842706 -0.1148271 1

-0.9766244 -0.01696375 -0.2142828 0
-0.100467 -0.8452705 0.5248086 0
-0.1900297 0.5340692 0.8238075 0
0.4275619 0.7472298 -0.01652346 1

0.9560139 0.158196 0.2470049 0
0.2109768 -0.9558891 -0.2043643 0
0.2037797 0.2474875 -0.947219 0
0.2105912 0.5371555 0.1521733 1

-0.2109769 0.9558891 0.2043643 0
-0.9560139 -0.158196 -0.2470049 0
-0.2037797 -0.2474875 0.947219 0
0.2848952 0.803414 -0.3059418 1

0.9970129 -0.003121242 -0.07717335 0
0.02211046 0.9689003 0.2464615 0
0.07400399 -0.2474316 0.9660749 0
0.1684007 1.029384 0.04240501 1

-0.7787807 -0.09263782 -0.6204184 0
0.6152663 -0.3055696 -0.7266874 0
-0.1222622 -0.9476526 0.2949686 0
0.009178981 0.3458647 0.06010818 1

-0.9940577 -0.07589112 -0.07803734 0
0.1078889 -0.5916184 -0.7989666 0
0.01446613 -0.8026383 0.5962907 0
0.3891003 0.4236359 0.1843884 1

0.9560139 0.158196 0.2470049 0
0.2109768 -0.9558891 -0.2043643 0
0.2037797 0.2474875 -0.947219 0
0.2332994 0.4342701 0.1301769 1

-0.2109769 0.9558891 0.2043643 0
-0.9560139 -0.158196 -0.2470049 0
-0.2037797 -0.2474875 0.947219 0
0.3171929 0.6570806 -0.3372271 1

0.9484929 -0.1032717 -0.2994933 0
0.1657063 0.9674651 0.1911879 0
0.2700049 -0.2309682 0.9347465 0
0.1723399 1.202002 0.08631422 1

-0.7844551 0.01849543 -0.6199096 0
0.3846843 -0.7695264 -0.5097522 0
-0.4864649 -0.6383473 0.5965441 0
0.2102727 0.2459923 -0.1774023 1

-0.9987345 -0.005608648 -0.04997911 0
-0.02196903 -0.8452842 0.5338652 0
-0.04524079 0.5342876 0.8440912 0
0.4243627 0.2302713 -0.07674596 1

0.9560139 0.158196 0.2470049 0
0.2109768 -0.9558891 -0.2043643 0
0.2037797 0.2474875 -0.947219 0
0.2623077 0.3028398 0.1020777 1

-0.2109769 0.9558891 0.2043643 0
-0.9560139 -0.158196 -0.2470049 0
-0.2037797 -0.2474875 0.947219 0
0.3546985 0.4871511 -0.3735572 1

0.964924 -0.1124827 -0.2372115 0
0.1528226 0.975355 0.1591475 0
0.2134641 -0.1898165 0.9583334 0
0.2694987 1.552788 0.2730568 1

0.2234955 -0.2286955 0.9474958 0
-0.9374033 0.2159166 0.2732304 0
-0.2670667 -0.9492513 -0.1661234 0
0.05122076 1.45543 0.1963069 1

-0.3462417 0.2513038 -0.9038602 0
0.9372929 0.1337276 -0.321868 0
0.03998449 -0.9586257 -0.2818472 0
0.3812866 1.419493 0.09208652 1

-0.7708313 -0.0008951128 -0.6370388 0
-0.6197681 -0.2302221 0.7502568 0
-0.1473319 0.9731377 0.1769077 0
0.3145224 0.03745073 -0.3155449 1

-0.9987345 -0.005607888 -0.04998061 0
-0.05026375 0.07670338 0.9957862 0
-0.001750544 0.9970382 -0.0768881 0
0.4184091 0.001199245 0.06793152 1

0.9560139 0.158196 0.2470049 0
0.2109768 -0.9558891 -0.2043643 0
0.2037797 0.2474875 -0.947219 0
0.2922297 0.1672698 0.07309352 1

-0.2109769 0.9558891 0.2043643 0
-0.9560139 -0.158196 -0.2470049 0
-0.2037797 -0.2474875 0.947219 0
0.3874956 0.3385547 -0.4053264 1

0.988067 -0.1225491 0.0933027 0
0.09660478 0.9648781 0.2442901 0
-0.1199633 -0.2323615 0.9652029 0
0.3251755 1.664993 0.4463311 1

0.9740051 0.2265227 -0.001218691 0
0.2131732 -0.9147586 0.3431818 0
0.07662374 -0.3345206 -0.9392681 0
-0.1354198 1.49842 0.2507082 1

0.1536922 0.3024743 -0.9406848 0
0.1680831 -0.9461244 -0.2767614 0
-0.973718 -0.1155772 -0.1962527 0
0.5679052 1.446118 0.02800135 1

-0.7708313 -0.0008951128 -0.6370388 0
-0.6197681 -0.2302221 0.7502568 0
-0.1473319 0.9731377 0.1769077 0
0.2114426 -0.0008397698 -0.1907621 1

-0.9987345 -0.005607888 -0.04998061 0
-0.05026375 0.07670338 0.9957862 0
-0.001750544 0.9970382 -0.0768881 0
0.4100493 0.01395643 0.23355 1

0.988067 -0.1225491 0.0933027 0
0.09660478 0.9648781 0.2442901 0
-0.1199633 -0.2323615 0.9652029 0
0.3311858 1.797979 0.5573533 1

0.988067 -0.1225491 0.0933027 0
0.09660478 0.9648781 0.2442901 0
-0.1199633 -0.2323615 0.9652029 0
0.2772867 1.663244 0.5729678 1

0.988067 -0.1225491 0.0933027 0
0.09660478 0.9648781 0.2442901 0
-0.1199633 -0.2323615 0.9652029 0
0.3470191 1.654594 0.5795524 1

0.988067 -0.1225491 0.0933027 0
-0.1538318 -0.7548426 0.6376113 0
-0.007709861 -0.6443556 -0.764687 0
0.3185929 1.634216 0.475616 1

0.7662157 0.6225465 -0.1592139 0
0.6379985 -0.7074825 0.3040168 0
0.07662365 -0.3345207 -0.9392681 0
-0.0303227 1.047432 0.4199013 1

0.2112464 -0.1362064 -0.967896 0
0.08513572 -0.9839156 0.157042 0
-0.9737181 -0.115577 -0.1962524 0
0.6507723 0.9796668 -0.1084456 1

0.1680831 -0.9461244 -0.2767614 0
0.973718 0.1155772 0.1962527 0
-0.1536922 -0.3024743 0.9406848 0
0.7584425 1.424477 0.03657539 1

0.4020264 0.7962776 -0.452014 0
0.717702 0.03250354 0.6955913 0
0.5685759 -0.6040574 -0.5584228 0
0.1713149 0.8238336 0.515985 1

-0.1650136 -0.7041487 -0.6906121 0
0.6946522 -0.5800505 0.4254409 0
-0.7001636 -0.4095316 0.5848545 0
0.6776795 0.6687003 -0.05881269 1

-0.4302422 0.7406644 0.5160505 0
-0.8849636 -0.2332595 -0.4030257 0
-0.1781332 -0.6300845 0.7558189 0
0.6883363 1.506511 -0.1460686 1

0.4656593 -0.441223 -0.767127 0
-0.8163045 -0.5489296 -0.1797866 0
-0.3417728 0.7099285 -0.6157864 0
0.6168572 1.318994 0.2154735 1

0.1442269 0.6926082 -0.7067477 0
0.9579214 0.08139209 0.2752479 0
0.2481628 -0.7167072 -0.6517253 0
0.2684377 0.8554673 0.5019124 1

0.4025338 0.7963005 -0.4515222 0
0.7176269 0.03171784 0.6957049 0
0.5683114 -0.6040692 -0.5586791 0
0.3517107 0.8770474 0.6331668 1

0.4025096 0.796299 -0.4515454 0
0.7174819 0.03191312 0.6958455 0
0.5685115 -0.6040602 -0.558485 0
0.3387695 0.8312352 0.6783237 1

0.4025338 0.7963005 -0.4515222 0
0.7176269 0.03171784 0.6957049 0
0.5683114 -0.6040692 -0.5586791 0
0.308527 0.778689 0.7026698 1

0.4520906 0.7967389 -0.401025 0
0.682316 -0.01932731 0.7308016 0
0.5745075 -0.6040144 -0.5523654 0
0.2634469 0.7360615 0.6964671 1

0.1565547 -0.8537554 -0.4965803 0
0.4291086 -0.3940525 0.812766 0
-0.8895823 -0.3403291 0.3046631 0
0.7008749 0.6650554 0.04158454 1

-0.1655047 -0.7037382 -0.6909128 0
0.6942654 -0.5807061 0.4251779 0
-0.7004313 -0.4093078 0.5846907 0
0.8321642 0.5868812 0.07736987 1

-0.1655047 -0.7037382 -0.6909128 0
0.6942654 -0.5807061 0.4251779 0
-0.7004313 -0.4093078 0.5846907 0
0.8396795 0.5331987 0.04039874 1

-0.1655047 -0.7037382 -0.6909128 0
0.6942654 -0.5807061 0.4251779 0
-0.7004313 -0.4093078 0.5846907 0
0.8237864 0.4907954 -0.006695468 1

-0.1655047 -0.7037382 -0.6909128 0
0.6942654 -0.5807061 0.4251779 0
-0.7004313 -0.4093078 0.5846907 0
0.7867193 0.476712 -0.05481117 1

-0.4302422 0.7406644 0.5160505 0
-0.8849636 -0.2332595 -0.4030257 0
-0.1781332 -0.6300845 0.7558189 0
0.5906411 1.48076 -0.1905605 1

0.4656593 -0.441223 -0.767127 0
-0.8163045 -0.5489296 -0.1797866 0
-0.3417728 0.7099285 -0.6157864 0
0.5267416 1.258395 0.1956261 1

0.521705 0.6998246 -0.4879234 0
0.7349494 -0.07825685 0.6735911 0
0.4332125 -0.7100152 -0.5551625 0
0.340631 0.8616014 0.5226563 1

0.4025337 0.7963003 -0.4515223 0
0.7176276 0.0317173 0.6957043 0
0.5683107 -0.6040693 -0.5586798 0
0.4057943 0.8794379 0.6855982 1

0.4025338 0.7963004 -0.4515222 0
0.717627 0.03171787 0.6957048 0
0.5683113 -0.6040691 -0.5586792 0
0.3889689 0.833468 0.7270092 1

0.4025339 0.7963002 -0.4515221 0
0.7176275 0.03171739 0.6957044 0
0.568311 -0.6040692 -0.5586795 0
0.3545172 0.7807217 0.747255 1

0.402534 0.7963003 -0.4515221 0
