MeshAnim
1
56
81
30
0.9996312 0.02705048 -0.002414775 0
-0.02706597 0.9996117 -0.006632183 0
0.002234433 0.006695095 0.9999751 0
-0.0133711 -0.2442344 0.02674055 1

0.999661 0.01243197 0.02287441 0
-0.009290593 0.9911203 -0.1326433 0
-0.02432031 0.1323858 0.9908998 0
-0.01710089 -0.1064352 0.0264699 1

-0.9945665 -0.04738598 -0.09269559 0
0.008801397 -0.9254878 0.3786757 0
-0.1037325 0.3758022 0.9208758 0
-0.2102315 -0.3286671 -0.006550567 1

-0.9977243 0.02080131 0.06414022 0
0.005744603 -0.9215466 0.388226 0
0.06718379 0.3877108 0.9193295 0
0.1876042 -0.3179009 -0.007511554 1

0.9996311 0.02705212 -0.002414662 0
0.02706761 -0.9996116 0.006632179 0
-0.00223431 -0.006695091 -0.9999751 0
-0.007478257 -0.4420796 0.2497598 1

-0.02706764 0.9996116 -0.006632179 0
-0.9996311 -0.02705215 0.002414662 0
0.00223431 0.006695091 0.9999751 0
-0.01255948 -0.300369 -0.266163 1

0.9987637 0.04514388 0.02081372 0
-0.04479557 0.9988532 -0.0169077 0
-0.02155313 0.01595441 0.9996403 0
-0.01821803 0.01274037 0.01052043 1

-0.9968717 -0.07903919 4.307274E-05 0
0.06044123 -0.7626584 -0.6439715 0
0.05093184 -0.6419544 0.7650496 0
-0.206862 -0.6829704 0.1384174 1

-0.9992604 0.02533591 -0.02893312 0
-0.002925048 -0.8002165 -0.5997043 0
-0.03834682 -0.5991763 0.7996984 0
0.1898034 -0.6706954 0.1411125 1

0.9996311 0.02705212 -0.002414662 0
0.02706761 -0.9996116 0.006632179 0
-0.00223431 -0.006695091 -0.9999751 0
-0.004564883 -0.5496711 0.2504736 1

-0.02706764 0.9996116 -0.006632179 0
-0.9996311 -0.02705215 0.002414662 0
0.00223431 0.006695091 0.9999751 0
-0.008415801 -0.4533957 -0.2651477 1

0.9967018 0.07742965 0.02429434 0
-0.0792252 0.9932566 0.08464541 0
-0.01757645 -0.08629096 0.996115 0
-0.02619874 0.1906946 0.007508183 1

-0.9991216 4.079193E-07 0.04191147 0
0.0232116 -0.8326284 0.5533457 0
0.0348969 0.5538325 0.8318966 0
-0.1871073 -0.9322377 -0.07205825 1

-0.9993289 1.147389E-06 -0.03663785 0
-0.02029224 -0.8326274 0.553462 0
-0.03050504 0.5538341 0.8320681 0
0.1888473 -0.9322383 -0.05489495 1

0.9996311 0.02705212 -0.002414662 0
0.02706761 -0.9996116 0.006632179 0
-0.00223431 -0.006695091 -0.9999751 0
-0.0008432129 -0.687113 0.2513855 1

-0.02706764 0.9996116 -0.006632179 0
-0.9996311 -0.02705215 0.002414662 0
0.00223431 0.006695091 0.9999751 0
-0.003603956 -0.6310978 -0.2639686 1

0.9996284 0.02725831 0.0002595889 0
-0.02707847 0.991848 0.1245158 0
0.003136612 -0.1244766 0.9922175 0
-0.05929488 0.5688977 0.159924 1

0.08218966 -0.1015277 0.991432 0
-0.9965954 -0.001855498 0.08242793 0
-0.006529329 -0.9948311 -0.1013346 0
-0.2193237 0.4207052 0.03564961 1

-0.02882115 0.1200734 -0.9923466 0
0.9862763 0.1648731 -0.008695333 0
0.1625672 -0.9789788 -0.1231774 0
0.1275182 0.4476504 0.04410385 1

-0.9991215 1.035631E-06 0.04191145 0
0.04191146 0.0008126873 0.9991211 0
-3.303029E-05 0.9999999 -0.0008119853 0
-0.1808166 -1.15788 0.07789843 1

-0.9993289 1.901761E-06 -0.03663915 0
-0.03663916 0.0006048689 0.9993284 0
2.407841E-05 1 -0.0006045037 0
0.1833481 -1.15788 0.09509323 1

0.9996311 0.02705212 -0.002414662 0
0.02706761 -0.9996116 0.006632179 0
-0.00223431 -0.006695091 -0.9999751 0
0.002995682 -0.8288841 0.2523262 1

-0.02706764 0.9996116 -0.006632179 0
-0.9996311 -0.02705215 0.002414662 0
0.00223431 0.006695091 0.9999751 0
0.0006038044 -0.7864911 -0.2629377 1

0.9990326 -0.01316244 -0.04195631 0
0.01461981 0.9992936 0.03461989 0
0.04147097 -0.03519979 0.9985197 0
-0.06274416 0.6937386 0.3334661 1

0.6194425 -0.1402743 0.7724081 0
-0.2032537 -0.9790146 -0.01479372 0
0.7582738 -0.1478309 -0.6349546 0
-0.4177496 0.4203358 0.05206132 1

0.717297 0.2622577 -0.6455277 0
0.3096938 -0.9499173 -0.04179632 0
-0.6241592 -0.1699355 -0.7625924 0
0.3238897 0.4804773 0.04237258 1

-0.9991215 1.035631E-06 0.04191145 0
0.04191146 0.0008126873 0.9991211 0
-3.303029E-05 0.9999999 -0.0008119853 0
-0.1738458 -1.157745 0.2440722 1

-0.9993289 1.901761E-06 -0.03663915 0
-0.03663916 0.0006048689 0.9993284 0
2.407841E-05 1 -0.0006045037 0
0.1772543 -1.15778 0.261301 1

0.9990326 -0.01316244 -0.04195631 0
0.01461981 0.9992936 0.03461989 0
0.04147097 -0.03519979 0.9985197 0
-0.05733061 0.8469865 0.414293 1

0.9990326 -0.01316244 -0.04195631 0
0.01461981 0.9992936 0.03461989 0
0.04147097 -0.03519979 0.9985197 0
-0.09231321 0.714288 0.4639907 1

0.9990326 -0.01316244 -0.04195631 0
0.01461981 0.9992936 0.03461989 0
0.04147097 -0.03519979 0.9985197 0
-0.0218069 0.7133589 0.4610295 1

0.9990326 -0.01316244 -0.04195631 0
0.02497331 -0.6155012 0.78774 0
-0.03619274 -0.7880259 -0.6145772 0
-0.06158144 0.6693025 0.3688172 1

0.6514367 0.2099341 0.7290803 0
0.02551761 -0.9664751 0.25549 0
0.7582738 -0.1478311 -0.6349545 0
-0.5179563 -0.06233096 0.04476783 1

0.7784585 -0.218391 -0.5884793 0
-0.06653965 -0.9609514 0.2685987 0
-0.6241594 -0.1699357 -0.7625923 0
0.4765727 0.01215577 0.02176644 1

0.3096938 -0.9499173 -0.04179632 0
0.6241592 0.1699355 0.7625924 0
-0.717297 -0.2622577 0.6455277 0
0.4652279 0.4680961 0.171665 1

0.2896558 0.2843488 0.9139178 0
-0.09432447 -0.9417232 0.3228948 0
0.9524719 -0.1797329 -0.2459548 0
-0.5098917 -0.367783 0.1255146 1

0.1103227 -0.2739116 -0.9554065 0
0.1134903 -0.951515 0.2859009 0
-0.987395 -0.1399707 -0.0738873 0
0.455543 -0.291553 0.1066569 1

-0.6634264 0.7446967 0.07275045 0
-0.4234391 -0.2935008 -0.857063 0
-0.6168994 -0.5994034 0.5100498 0
0.5274432 0.5376596 -0.01884356 1

0.8497084 -0.4567494 -0.2633923 0
-0.5117547 -0.5942198 -0.6204918 0
0.1268964 0.6620294 -0.7386573 0
0.2424804 0.365191 0.2261775 1

0.4041943 0.3286744 0.853581 0
0.2325561 -0.93947 0.2516242 0
0.8846157 0.09680054 -0.4561637 0
-0.45331 -0.4130052 0.1988973 1

0.2912658 0.2486614 0.9237597 0
0.1853205 -0.9620017 0.2005229 0
0.9385205 0.1127864 -0.3262805 0
-0.5072671 -0.5513846 0.2495692 1

0.2939294 0.2375298 0.9258432 0
0.2720334 -0.949361 0.1572002 0
0.9162989 0.2056547 -0.3436612 0
-0.5318676 -0.5875911 0.2006888 1

0.2986821 0.2238395 0.9277311 0
0.3772014 -0.9206415 0.100689 0
0.8766462 0.3198677 -0.359412 0
-0.5491803 -0.6001455 0.1389546 1

0.3361455 0.1489382 0.9299592 0
0.4362879 -0.8997045 -0.01360935 0
0.8346612 0.4103046 -0.3674116 0
-0.5564486 -0.5789603 0.08076391 1

0.3551292 -0.3762136 -0.8557727 0
-0.175277 -0.9260055 0.3343528 0
-0.9182382 0.03125891 -0.3947932 0
0.4112549 -0.3363556 0.1882793 1

0.1139683 -0.2275989 -0.9670627 0
-0.2679693 -0.9443699 0.190678 0
-0.9566628 0.2374119 -0.1686177 0
0.4679242 -0.4776852 0.2262692 1

0.1160036 -0.2211215 -0.9683228 0
-0.3212917 -0.9308441 0.1740729 0
-0.9398483 0.2909209 -0.1790257 0
0.4819541 -0.5136371 0.1732052 1

0.1190602 -0.2131734 -0.9697329 0
-0.3864325 -0.9096205 0.1525144 0
-0.9146008 0.3565779 -0.1906767 0
0.4874521 -0.5254098 0.1091767 1

0.122265 -0.2062332 -0.9708344 0
-0.4430361 -0.8866498 0.1325551 0
-0.8881274 0.4139079 -0.1997749 0
0.4850338 -0.5031993 0.05096753 1

-0.6634264 0.7446967 0.07275045 0
-0.4234391 -0.2935008 -0.857063 0
-0.6168994 -0.5994034 0.5100498 0
0.4806977 0.5052587 -0.1134587 1

0.8497084 -0.4567494 -0.2633923 0
-0.5117547 -0.5942198 -0.6204918 0
0.1268964 0.6620294 -0.7386573 0
0.1859855 0.2995924 0.1576786 1

0.4410369 0.03987516 0.8966028 0
0.1254548 -0.9919438 -0.01759582 0
0.8886775 0.1202437 -0.4424864 0
-0.4357835 -0.483808 0.2178608 1

0.2978946 0.2258068 0.9275076 0
0.3621941 -0.9257032 0.1090386 0
0.8832183 0.3034559 -0.3575481 0
-0.4933004 -0.6238854 0.2646815 1

0.3085764 0.2043721 0.9289849 0
0.5236216 -0.8518445 0.01347249 0
0.7941041 0.4822794 -0.3698729 0
-0.5128344 -0.6540141 0.2116875 1

0.326977 0.1807646 0.9275833 0
0.694786 -0.7113186 -0.1062957 0
0.6405926 0.6792281 -0.3581775 0
-0.5250068 -0.6591459 0.1454074 1

0.3454227 0.1650707 0.9238154 0
0.8023722 -0.5624911 -0.1995064 0
0.4867054 0.810158 -0.3267454 0
-0.5349849 -0.6232222 0.08009441 1

0.3920017 -0.1187596 -0.912267 0
-0.1340431 -0.9884234 0.07107514 0
-0.9101467 0.0944216 -0.4033826 0
0.3980455 -0.4061426 0.2134773 1

0.1260262 -0.1992669 -0.9718077 0
-0.4995735 -0.8590831 0.1113672 0
-0.8570553 0.4714543 -0.2078154 0
0.4477301 -0.5488528 0.2406387 1

0.1338174 -0.1874503 -0.9731163 0
-0.5947484 -0.8006416 0.07244032 0
-0.7926963 0.5690656 -0.2186255 0
0.4594733 -0.5787685 0.1853851 1

0.1453639 -0.1739806 -0.9739611 0
-0.7018719 -0.7119502 0.02242267 0
-0.697313 0.6803365 -0.225604 0
0.4626857 -0.5837073 0.1189513 1

0.1561284 -0.1642361 -0.9739872 0
-0.7781295 -0.6278203 -0.01886824 0
-0.6083899 0.760834 -0.2258175 0
0.4632364 -0.5468225 0.05748923 1

0.4420313 -0.06303518 0.8947823 0
0.04239276 -0.9949456 -0.09103408 0
0.8959974 0.07817224 -0.4371249 0
-0.4263589 -0.558326 0.216539 1

0.3027713 0.2148244 0.9285367 0
0.4454984 -0.8931764 0.06137795 0
0.8425324 0.3950784 -0.3661323 0
-0.4660913 -0.6934273 0.2728729 1

0.3230556 0.1849561 0.9281309 0
0.6650503 -0.7421046 -0.08359998 0
0.6733079 0.6442614 -0.3627462 0
-0.4760974 -0.7137796 0.2126328 1

0.3578345 0.1574014 0.9204237 0
0.8515544 -0.459462 -0.2524878 0
0.3831579 0.8741396 -0.2984472 0
-0.4822755 -0.7028939 0.13887 1

0.3902096 0.1456283 0.9091364 0
0.913758 -0.1825017 -0.3629598 0
0.113062 0.9723611 -0.2042829 0
-0.4929967 -0.6526575 0.06965419 1

0.3960241 -0.07063962 -0.9155191 0
-0.08952339 -0.9952571 0.03806705 0
-0.9138656 0.06688498 -0.4004696 0
0.3879753 -0.4803994 0.2188169 1

0.1346556 -0.1863349 -0.9732149 0
-0.6036819 -0.7942731 0.06854778 0
-0.7857712 0.5782819 -0.2194402 0
0.4101972 -0.6133958 0.2490057 1

0.1489933 -0.1704422 -0.9740384 0
-0.7297045 -0.6837156 0.008021214 0
-0.6673324 0.7095649 -0.2262414 0
0.4177458 -0.6349413 0.1904675 1

0.1703148 -0.1543003 -0.9732342 0
-0.8542336 -0.5154539 -0.06776775 0
-0.4912005 0.8429111 -0.2195979 0
0.4195206 -0.6274924 0.1203303 1

0.1895112 -0.144834 -0.971138 0
-0.9238213 -0.36136 -0.126385 0
-0.3326256 0.9211094 -0.2022824 0
0.4225169 -0.5796766 0.05650186 1

0.4420313 -0.06303518 0.8947823 0
0.04239276 -0.9949456 -0.09103408 0
0.8959974 0.07817224 -0.4371249 0
-0.4220296 -0.6599339 0.2072423 1

0.3027713 0.2148244 0.9285367 0
0.4454984 -0.8931764 0.06137795 0
0.8425324 0.3950784 -0.3661323 0
-0.4205953 -0.784642 0.2791409 1

0.3230556 0.1849561 0.9281309 0
0.6650503 -0.7421046 -0.08359998 0
0.6733079 0.6442614 -0.3627462 0
-0.4247451 -0.7710814 0.2061775 1

0.3578345 0.1574014 0.9204237 0
0.8515544 -0.459462 -0.2524878 0
0.3831579 0.8741396 -0.2984472 0
-0.4299442 -0.7311295 0.1233535 1

0.3902096 0.1456283 0.9091364 0
0.913758 -0.1825017 -0.3629598 0
0.113062 0.9723611 -0.2042829 0
-0.4420844 -0.6628261 0.04943097 1

0.3960241 -0.07063962 -0.9155191 0
-0.08952339 -0.9952571 0.03806705 0
-0.9138656 0.06688498 -0.4004696 0
0.3788325 -0.5820421 0.2227046 1

0.1346556 -0.1863349 -0.9732149 0
-0.6036819 -0.7942731 0.06854778 0
-0.7857712 0.5782819 -0.2194402 0
0.3485492 -0.694507 0.2560057 1

0.1489933 -0.1704422 -0.9740384 0
-0.7297045 -0.6837156 0.008021214 0
-0.6673324 0.7095649 -0.2262414 0
0.3614054 -0.6877311 0.1910868 1

0.1703148 -0.1543003 -0.9732342 0
-0.8542336 -0.5154539 -0.06776775 0
-0.4912005 0.8429111 -0.2195979 0
0.3670194 -0.6591721 0.1161653 1

0.1895112 -0.144834 -0.971138 0
-0.9238213 -0.36136 -0.126385 0
-0.3326256 0.9211094 -0.2022824 0
0.3710508 -0.5998077 0.04946095 1

0.9996397 0.02658946 -0.00367349 0
-0.02662577 0.9995933 -0.0102186 0
0.003400289 0.01031272 0.9999411 0
-0.0130573 -0.2438873 0.02585856 1

0.9997746 0.009186823 0.01913716 0
-0.00676012 0.9923568 -0.1232161 0
-0.02012286 0.123059 0.9921954 0
-0.01672566 -0.1060883 0.02509351 1

-0.9940236 -0.0482107 -0.09794326 0
0.008067468 -0.9271866 0.3745132 0
-0.1088672 0.3714848 0.9220341 0
-0.2099941 -0.3283508 -0.006898118 1

-0.998463 0.01843502 0.05226425 0
0.003327653 -0.9214097 0.3885782 0
0.05532023 0.388155 0.9199322 0
0.187845 -0.3177681 -0.008360056 1

0.9996396 0.0265911 -0.003673383 0
0.02662742 -0.9995932 0.01021859 0
-0.003400165 -0.01031272 -0.9999411 0
-0.006993759 -0.4409267 0.2495854 1

-0.02662744 0.9995932 -0.01021859 0
-0.9996396 -0.02659113 0.003673383 0
0.003400165 0.01031272 0.9999411 0
-0.01261145 -0.3010818 -0.2668406 1

0.9989357 0.04292647 0.01687678 0
-0.04273785 0.9990215 -0.01138242 0
-0.01734887 0.01064901 0.9997928 0
-0.01753852 0.01323605 0.01027759 1

-0.9968256 -0.07930458 -0.007041678 0
0.06518229 -0.7621185 -0.6441481 0
0.0457173 -0.6425623 0.7648684 0
-0.2069056 -0.6833045 0.1364763 1

-0.9992728 0.02441117 -0.02928721 0
-0.002035599 -0.8012179 -0.5983692 0
-0.03807233 -0.5978746 0.800685 0
0.1891189 -0.6705103 0.1403989 1

0.9996396 0.0265911 -0.003673383 0
0.02662742 -0.9995932 0.01021859 0
-0.003400165 -0.01031272 -0.9999411 0
-0.004127764 -0.5485163 0.2506853 1

-0.02662744 0.9995932 -0.01021859 0
-0.9996396 -0.02659113 0.003673383 0
0.003400165 0.01031272 0.9999411 0
-0.008535151 -0.4541057 -0.2652763 1

0.9968831 0.07629786 0.02006494 0
-0.07775387 0.9932398 0.08619329 0
-0.01335293 -0.08748481 0.9960765 0
-0.02515263 0.1912202 0.008249713 1

-0.9997101 0.0007949751 0.02406295 0
0.01265675 -0.8328547 0.5533471 0
0.02048082 0.5534914 0.8326031 0
-0.1856013 -0.9323953 -0.07405707 1

-0.9993067 0.0005994942 -0.03722348 0
-0.02106547 -0.8335102 0.5521025 0
-0.03069516 0.5525039 0.832945 0
0.1884536 -0.9323804 -0.05517226 1

0.9996396 0.0265911 -0.003673383 0
0.02662742 -0.9995932 0.01021859 0
-0.003400165 -0.01031272 -0.9999411 0
-0.0004666187 -0.6859556 0.2520903 1

-0.02662744 0.9995932 -0.01021859 0
-0.9996396 -0.02659113 0.003673383 0
0.003400165 0.01031272 0.9999411 0
-0.00380156 -0.6318046 -0.2634597 1

0.9996339 0.02686416 -0.003219697 0
-0.02623843 0.9915637 0.1269375 0
0.006602602 -0.1268066 0.9919055 0
-0.05716737 0.5692737 0.1612665 1

0.08642738 -0.102948 0.9909249 0
-0.9962255 -0.0008704253 0.08679922 0
-0.008073244 -0.9946864 -0.1026346 0
-0.2178981 0.4214097 0.03750759 1

-0.03225034 0.1213139 -0.9920903 0
0.986432 0.1637284 -0.0120455 0
0.160972 -0.9790179 -0.1249481 0
0.129007 0.4479611 0.04449005 1

-0.9997101 0.0007955711 0.02406292 0
0.02406301 8.665933E-05 0.9997106 0
0.0007932279 0.9999998 -0.0001058021 0
-0.182171 -1.158099 0.07589998 1

-0.9993067 0.0006002132 -0.03722477 0
-0.03722596 -0.002080814 0.9993047 0
0.0005223397 0.9999977 0.002101723 0
0.1827448 -1.158262 0.0944475 1

0.9996396 0.0265911 -0.003673383 0
0.02662742 -0.9995932 0.01021859 0
-0.003400165 -0.01031272 -0.9999411 0
0.003309845 -0.8277241 0.2535396 1

-0.02662744 0.9995932 -0.01021859 0
-0.9996396 -0.02659113 0.003673383 0
0.003400165 0.01031272 0.9999411 0
0.0003377702 -0.7871949 -0.2618712 1

0.9989154 -0.01479581 -0.04415239 0
0.01630865 0.9992853 0.03410282 0
0.04361624 -0.03478592 0.9984425 0
-0.05995149 0.6937083 0.3351121 1

0.6182076 -0.1360249 0.7741554 0
-0.2028353 -0.9791612 -0.01007013 0
0.7593926 -0.1508006 -0.6329155 0
-0.4162503 0.4212365 0.05478964 1

0.7136486 0.2582626 -0.6511576 0
0.3077089 -0.9506475 -0.03980694 0
-0.6293019 -0.1719588 -0.7578979 0
0.3254093 0.4805601 0.04209175 1

-0.9997101 0.0007955711 0.02406292 0
0.02406301 8.665933E-05 0.9997106 0
0.0007932279 0.9999998 -0.0001058021 0
-0.1781687 -1.158084 0.2421718 1

-0.9993067 0.0006002132 -0.03722477 0
-0.03722596 -0.002080814 0.9993047 0
0.0005223397 0.9999977 0.002101723 0
0.1765535 -1.158608 0.2606513 1

0.9989154 -0.01479581 -0.04415239 0
0.01630865 0.9992853 0.03410282 0
0.04361624 -0.03478592 0.9984425 0
-0.05411239 0.8469863 0.4158524 1

0.9989154 -0.01479581 -0.04415239 0
0.01630865 0.9992853 0.03410282 0
0.04361624 -0.03478592 0.9984425 0
-0.08919939 0.7143681 0.4656916 1

0.9989154 -0.01479581 -0.04415239 0
0.01630865 0.9992853 0.03410282 0
0.04361624 -0.03478592 0.9984425 0
-0.01870138 0.7133238 0.4625753 1

0.9989154 -0.01479581 -0.04415239 0
0.02571734 -0.6151615 0.7879817 0
-0.03881967 -0.7882623 -0.6141135 0
-0.05875024 0.6692872 0.3704722 1

0.6503838 0.2028507 0.7320195 0
0.01799826 -0.9675283 0.2521218 0
0.7593924 -0.1508009 -0.6329156 0
-0.5162508 -0.06150246 0.04982495 1

0.774461 -0.2199779 -0.5931441 0
-0.06472433 -0.9602292 0.271608 0
-0.629302 -0.171959 -0.7578979 0
0.4771138 0.01187861 0.02246641 1

0.3077089 -0.9506475 -0.03980694 0
0.6293019 0.1719588 0.7578979 0
-0.7136486 -0.2582626 0.6511576 0
0.4675445 0.4684575 0.1705341 1

0.2216911 0.2744603 0.9356948 0
-0.1017614 -0.9478207 0.3021271 0
0.9697926 -0.1621965 -0.1821938 0
-0.5105627 -0.3672875 0.1295072 1

0.1159457 -0.278515 -0.9534077 0
0.1144767 -0.9497378 0.2913647 0
-0.9866366 -0.1429254 -0.07823452 0
0.4566579 -0.2916019 0.108308 1

-0.6616068 0.7462044 0.07386172 0
-0.4294098 -0.2962822 -0.8531262 0
-0.6147225 -0.596151 0.5164496 0
0.528672 0.5371153 -0.02065375 1

0.8471915 -0.4593925 -0.2668803 0
-0.5167607 -0.5958543 -0.6147487 0
0.1233892 0.6587232 -0.7421986 0
0.244963 0.3661871 0.2268885 1

0.3402245 0.3203894 0.8840802 0
0.2291253 -0.9400756 0.2525066 0
0.9120028 0.1166562 -0.3932461 0
-0.4584706 -0.4128082 0.2059653 1

0.2233993 0.2374994 0.9453501 0
0.1952179 -0.9611128 0.1953267 0
0.9549779 0.1409134 -0.261076 0
-0.5136424 -0.552711 0.2508109 1

0.2263658 0.225764 0.9475175 0
0.2835198 -0.9459194 0.1576491 0
0.9318665 0.2329535 -0.2781323 0
-0.5342612 -0.5885153 0.1998373 1

0.2316989 0.2114103 0.9495373 0
0.3905731 -0.9141872 0.1082351 0
0.8909367 0.345786 -0.2943874 0
-0.5470912 -0.6003704 0.1368826 1

0.2711262 0.1367206 0.9527844 0
0.4560803 -0.8899362 -0.00208097 0
0.8476328 0.4351104 -0.3036406 0
-0.5506664 -0.5784037 0.07863779 1

0.3609095 -0.3788204 -0.8521968 0
-0.1743984 -0.9250803 0.3373603 0
-0.9161493 0.02686523 -0.3999361 0
0.4120663 -0.3361011 0.189931 1

0.1195394 -0.232225 -0.9652886 0
-0.2667395 -0.9440256 0.1940771 0
-0.9563265 0.2342807 -0.1747919 0
0.4689045 -0.4770858 0.228937 1

0.1217345 -0.2252581 -0.9666641 0
-0.3193776 -0.9310023 0.1767279 0
-0.9397759 0.287217 -0.1852776 0
0.4833001 -0.5132723 0.1761311 1

0.1250687 -0.2167215 -0.9681889 0
-0.3836986 -0.9104866 0.1542399 0
-0.9149498 0.3522021 -0.1970291 0
0.489158 -0.5253586 0.112193 1

0.1285926 -0.2092835 -0.9693629 0
-0.4396096 -0.8882203 0.1334479 0
-0.8889361 0.4089808 -0.2062217 0
0.4869817 -0.5034532 0.05385885 1

-0.6616068 0.7462044 0.07386172 0
-0.4294098 -0.2962822 -0.8531262 0
-0.6147225 -0.596151 0.5164496 0
0.4812675 0.5044074 -0.1148342 1

0.8471915 -0.4593925 -0.2668803 0
-0.5167607 -0.5958543 -0.6147487 0
0.1233892 0.6587232 -0.7421986 0
0.1879154 0.3004081 0.1590236 1

0.37844 0.03140261 0.9250931 0
0.1415979 -0.9896253 -0.02433202 0
0.9147313 0.1401994 -0.3789603 0
-0.4412027 -0.4836566 0.2249953 1

0.2303383 0.2147054 0.949129 0
0.3770582 -0.9188525 0.1163506 0
0.8970907 0.3310767 -0.2926032 0
-0.49893 -0.625145 0.2655316 1

0.2415372 0.1929183 0.9510215 0
0.5414413 -0.8400947 0.03290297 0
0.8052958 0.5069749 -0.307368 0
-0.5144243 -0.6546975 0.2108674 1

0.260825 0.1690495 0.9504697 0
0.7156383 -0.6946636 -0.07283121 0
0.6479445 0.6991887 -0.302164 0
-0.5220608 -0.6589575 0.143819 1

0.28027 0.1532689 0.9476061 0
0.8252707 -0.5426736 -0.1563135 0
0.4902828 0.8258415 -0.2785833 0
-0.528229 -0.622185 0.07853542 1

0.3973383 -0.1215026 -0.909593 0
-0.1315407 -0.9885011 0.07458215 0
-0.9081956 0.09001416 -0.408752 0
0.398923 -0.4058184 0.2153557 1

0.1315524 -0.2038937 -0.9701142 0
-0.498087 -0.8597134 0.1131471 0
-0.8570901 0.4683164 -0.2146542 0
0.4488031 -0.5482275 0.2435626 1

0.1394268 -0.1916151 -0.9715163 0
-0.5922142 -0.8024417 0.07327662 0
-0.7936262 0.565129 -0.2253592 0
0.4609532 -0.5784148 0.1884968 1

0.1511299 -0.1775587 -0.9724366 0
-0.698303 -0.7154607 0.02211123 0
-0.6996661 0.6757138 -0.2321174 0
0.4645668 -0.5837115 0.1220782 1

0.1621023 -0.1672817 -0.9724917 0
-0.7739708 -0.632901 -0.02014375 0
-0.6121209 0.7559453 -0.2320659 0
0.4653531 -0.5471535 0.06042448 1

0.3811367 -0.07147449 0.9217519 0
0.06388639 -0.9925877 -0.1033837 0
0.9223089 0.09829065 -0.3737453 0
-0.4305653 -0.5580006 0.2231674 1

0.2354153 0.2038077 0.9502852 0
0.4626139 -0.8833939 0.07485768 0
0.8547328 0.4219924 -0.3022487 0
-0.4706042 -0.694172 0.2742722 1

0.2564576 0.1738871 0.9507853 0
0.6860856 -0.7256351 -0.05234956 0
0.6808202 0.6657456 -0.3053961 0
-0.476437 -0.7136383 0.2131758 1

0.2924692 0.1465317 0.9449816 0
0.8758115 -0.4378067 -0.2031735 0
0.3839478 0.887048 -0.2563791 0
-0.4780471 -0.701681 0.1393397 1

0.3261271 0.1350311 0.9356323 0
0.9391696 -0.1590545 -0.3044051 0
0.1077123 0.9779921 -0.1786892 0
-0.4850425 -0.6505831 0.07035553 1

0.4012378 -0.07338542 -0.9130297 0
-0.08682109 -0.9953446 0.04184749 0
-0.9118499 0.06247935 -0.4057414 0
0.3890409 -0.4800811 0.2209588 1

0.1401564 -0.1909505 -0.9715422 0
-0.6021075 -0.7953871 0.06946726 0
-0.7860171 0.5752366 -0.2264514 0
0.4113817 -0.6128175 0.2520634 1

0.1543852 -0.1744908 -0.9724805 0
-0.726883 -0.686717 0.007821064 0
-0.6691834 0.705672 -0.2328535 0
0.4194035 -0.6347138 0.1936378 1

0.1757457 -0.1576652 -0.9717279 0
-0.8506112 -0.5212122 -0.06927283 0
-0.4955544 0.8387369 -0.2257127 0
0.4216211 -0.6277124 0.1234381 1

0.1951407 -0.1477345 -0.9695848 0
-0.9202518 -0.3694837 -0.1289142 0
-0.3392007 0.9174185 -0.2080543 0
0.4248511 -0.5802732 0.05937035 1

0.3811367 -0.07147449 0.9217519 0
0.06388639 -0.9925877 -0.1033837 0
0.9223089 0.09829065 -0.3737453 0
-0.424041 -0.6593674 0.2126095 1

0.2354153 0.2038077 0.9502852 0
0.4626139 -0.8833939 0.07485768 0
0.8547328 0.4219924 -0.3022487 0
-0.4233602 -0.7843875 0.281917 1

0.2564576 0.1738871 0.9507853 0
0.6860856 -0.7256351 -0.05234956 0
0.6808202 0.6657456 -0.3053961 0
-0.4234605 -0.7696687 0.2091336 1

0.2924692 0.1465317 0.9449816 0
0.8758115 -0.4378067 -0.2031735 0
0.3839478 0.887048 -0.2563791 0
-0.424225 -0.7285861 0.1268539 1

0.3261271 0.1350311 0.9356323 0
0.9391696 -0.1590545 -0.3044051 0
0.1077123 0.9779921 -0.1786892 0
-0.4327143 -0.6594453 0.05339483 1

0.4012378 -0.07338542 -0.9130297 0
-0.08682109 -0.9953446 0.04184749 0
-0.9118499 0.06247935 -0.4057414 0
0.380174 -0.5817325 0.2252326 1

0.1401564 -0.1909505 -0.9715422 0
-0.6021075 -0.7953871 0.06946726 0
-0.7860171 0.5752366 -0.2264514 0
0.3498946 -0.6940429 0.2591574 1

0.1543852 -0.1744908 -0.9724805 0
-0.726883 -0.686717 0.007821064 0
-0.6691834 0.705672 -0.2328535 0
0.3632809 -0.6877351 0.1942418 1

0.1757457 -0.1576652 -0.9717279 0
-0.8506112 -0.5212122 -0.06927283 0
-0.4955544 0.8387369 -0.2257127 0
0.3693426 -0.6597463 0.1191805 1

0.1951407 -0.1477345 -0.9695848 0
-0.9202518 -0.3694837 -0.1289142 0
-0.3392007 0.9174185 -0.2080543 0
0.3735839 -0.6008573 0.05218853 1

0.9996327 0.02695481 -0.002803265 0
-0.02699086 0.9995413 -0.01373404 0
0.002431781 0.01380466 0.9999018 0
-0.01291119 -0.2435254 0.02475024 1

0.9998252 0.005838072 0.01776342 0
-0.003913019 0.994301 -0.1065373 0
-0.01828416 0.1064491 0.99415 0
-0.0166305 -0.1057312 0.02350057 1

-0.9938015 -0.04710411 -0.1006984 0
0.006246382 -0.9280271 0.3724611 0
-0.1109952 0.3695233 0.9225685 0
-0.2097846 -0.3281773 -0.007901063 1

-0.9990529 0.01705557 0.04003162 0
-0.0002256725 -0.9220006 0.3871884 0
0.0435129 0.3868126 0.9211312 0
0.1880517 -0.3174492 -0.009016668 1

0.9996327 0.02695646 -0.002803164 0
0.0269925 -0.9995413 0.01373404 0
-0.002431657 -0.01380466 -0.9999018 0
-0.006989568 -0.4397803 0.2491694 1

-0.02699253 0.9995413 -0.01373404 0
-0.9996327 -0.02695648 0.002803165 0
0.002431657 0.01380466 0.9999018 0
-0.01216152 -0.3017412 -0.2677469 1

0.9990538 0.04063044 0.01551391 0
-0.04058502 0.9991708 -0.003230945 0
-0.01563232 0.002598251 0.9998744 0
-0.01710102 0.01382685 0.01069017 1

-0.9969319 -0.07726876 -0.01253106 0
0.06718028 -0.7623894 -0.643622 0
0.04017836 -0.6424893 0.765241 0
-0.2073932 -0.6834527 0.1346877 1

-0.9992232 0.02473216 -0.03068469 0
-0.001536503 -0.802436 -0.5967364 0
-0.03938109 -0.5962256 0.8018504 0
0.1879653 -0.6704175 0.1392102 1

0.9996327 0.02695646 -0.002803164 0
0.0269925 -0.9995413 0.01373404 0
-0.002431657 -0.01380466 -0.9999018 0
-0.004084278 -0.5473642 0.2506476 1

-0.02699253 0.9995413 -0.01373404 0
-0.9996327 -0.02695648 0.002803165 0
0.002431657 0.01380466 0.9999018 0
-0.008029332 -0.4547571 -0.2656444 1

0.9970058 0.07510643 0.01840014 0
-0.07641548 0.9933856 0.0857077 0
-0.01184123 -0.08685714 0.9961504 0
-0.02433158 0.1918375 0.01011455 1

-0.9999188 0.002613014 0.01249511 0
0.004729323 -0.8333448 0.552734 0
0.01185704 0.5527481 0.8332642 0
-0.185436 -0.9326321 -0.0756737 1

-0.9992681 0.002022706 -0.03820189 0
-0.02269266 -0.8352787 0.5493582 0
-0.03079804 0.549823 0.8347133 0
0.1874631 -0.9326858 -0.05582725 1

0.9996327 0.02695646 -0.002803164 0
0.0269925 -0.9995413 0.01373404 0
-0.002431657 -0.01380466 -0.9999018 0
-0.0003729351 -0.6847965 0.252536 1

-0.02699253 0.9995413 -0.01373404 0
-0.9996327 -0.02695648 0.002803165 0
0.002431657 0.01380466 0.9999018 0
-0.003230839 -0.6324467 -0.2632029 1

0.9996517 0.02604745 -0.004244539 0
-0.02528411 0.9913468 0.1288109 0
0.007563003 -0.1286588 0.9916601 0
-0.05564172 0.5700234 0.1629502 1

0.08764712 -0.1025964 0.9908543 0
-0.9961069 0.0003988575 0.08815306 0
-0.00943942 -0.9947231 -0.102162 0
-0.2167514 0.4222777 0.03954342 1

-0.03211566 0.1207005 -0.9921693 0
0.9866521 0.1623867 -0.01218211 0
0.1596448 -0.9793173 -0.1243047 0
0.1301962 0.4484144 0.04594654 1

-0.9999188 0.002613613 0.01249511 0
0.01249139 -0.001436332 0.9999211 0
0.00263134 0.9999959 0.001403436 0
-0.184154 -1.158469 0.07411721 1

-0.9992679 0.002023408 -0.03820316 0
-0.03821771 -0.00771636 0.9992397 0
0.001727074 0.9999683 0.007788224 0
0.1813134 -1.159046 0.09304889 1

0.9996327 0.02695646 -0.002803164 0
0.0269925 -0.9995413 0.01373404 0
-0.002431657 -0.01380466 -0.9999018 0
0.003455306 -0.8265576 0.2544838 1

-0.02699253 0.9995413 -0.01373404 0
-0.9996327 -0.02695648 0.002803165 0
0.002431657 0.01380466 0.9999018 0
0.000965246 -0.787829 -0.2610679 1

0.9987903 -0.01779773 -0.04583685 0
0.01935728 0.999241 0.03380782 0
0.04520035 -0.0346542 0.9983768 0
-0.05813652 0.694136 0.33703 1

0.6046383 -0.1294214 0.7859153 0
-0.2045824 -0.9788423 -0.003797707 0
0.7697786 -0.1584881 -0.6183225 0
-0.4150802 0.4223571 0.05709504 1

0.7124425 0.2593051 -0.6520633 0
0.310413 -0.9498197 -0.0385574 0
-0.6293406 -0.1749391 -0.7571836 0
0.3266425 0.4807463 0.04352105 1

-0.9999188 0.002613613 0.01249511 0
0.01249139 -0.001436332 0.9999211 0
0.00263134 0.9999959 0.001403436 0
-0.1820763 -1.158707 0.2404241 1

-0.9992679 0.002023408 -0.03820316 0
-0.03821771 -0.00771636 0.9992397 0
0.001727074 0.9999683 0.007788224 0
0.1749571 -1.16033 0.2592418 1

0.9987903 -0.01779773 -0.04583685 0
0.01935728 0.999241 0.03380782 0
0.04520035 -0.0346542 0.9983768 0
-0.05170213 0.8474174 0.4177193 1

0.9987903 -0.01779773 -0.04583685 0
0.01935728 0.999241 0.03380782 0
0.04520035 -0.0346542 0.9983768 0
-0.08710159 0.7149179 0.4676532 1

0.9987903 -0.01779773 -0.04583685 0
0.01935728 0.999241 0.03380782 0
0.04520035 -0.0346542 0.9983768 0
-0.01661239 0.7136617 0.4644181 1

0.9987903 -0.01779773 -0.04583685 0
0.02520847 -0.6150287 0.7881015 0
-0.04221739 -0.7883037 -0.6138362 0
-0.05694859 0.669721 0.3723946 1

0.6382157 0.2078858 0.7412586 0
0.01105954 -0.965228 0.2611758 0
0.7697785 -0.1584884 -0.6183227 0
-0.5159419 -0.06022477 0.05522271 1

0.7742518 -0.2249218 -0.5915611 0
-0.06681968 -0.9585443 0.2769991 0
-0.6293406 -0.1749392 -0.7571837 0
0.4796801 0.01247287 0.02451174 1

0.310413 -0.9498197 -0.0385574 0
0.6293406 0.1749391 0.7571836 0
-0.7124425 -0.2593051 0.6520633 0
0.4689025 0.4692507 0.1718809 1

0.1275572 0.2734668 0.9533861 0
-0.106316 -0.9519303 0.2872736 0
0.9861168 -0.138004 -0.09235169 0
-0.5124467 -0.3652826 0.1377665 1

0.125968 -0.2848861 -0.9502484 0
0.1096339 -0.9480135 0.2987493 0
-0.9859577 -0.1418121 -0.08818633 0
0.4585619 -0.290475 0.1120572 1

-0.6636976 0.7444131 0.0731797 0
-0.4291592 -0.2988345 -0.8523618 0
-0.6126405 -0.5971158 0.5178072 0
0.5296974 0.5377884 -0.01945631 1

0.8483202 -0.4573679 -0.266773 0
-0.5154797 -0.5982874 -0.61346 0
0.1209697 0.6579264 -0.7433029 0
0.2466561 0.3664285 0.2285514 1

0.2497555 0.3219148 0.9132323 0
0.2275084 -0.9362283 0.2678005 0
0.9412028 0.1408835 -0.3070665 0
-0.4665599 -0.4100605 0.2185187 1

0.1292716 0.2364294 0.963011 0
0.2000359 -0.9574121 0.2082025 0
0.9712234 0.1657221 -0.1710607 0
-0.5222436 -0.5515212 0.2574544 1

0.1326275 0.2236022 0.965615 0
0.2897617 -0.9404077 0.1779662 0
0.9478653 0.2561949 -0.1895153 0
-0.5371911 -0.5874672 0.2046353 1

0.138799 0.208011 0.9682285 0
0.3986041 -0.9067334 0.1376582 0
0.9065594 0.3668331 -0.2087678 0
-0.5438571 -0.5992081 0.1407123 1

0.1803168 0.1331005 0.9745615 0
0.4728026 -0.8805586 0.03278238 0
0.8625218 0.454864 -0.22171 0
-0.5425632 -0.5769493 0.08248297 1

0.3698381 -0.3843727 -0.8458592 0
-0.1794224 -0.9228206 0.3408956 0
-0.9116071 0.02569003 -0.4102593 0
0.4129976 -0.3343704 0.1934696 1

0.1297707 -0.2386834 -0.9623875 0
-0.2704494 -0.9423137 0.1972365 0
-0.9539479 0.2346818 -0.1868365 0
0.4691612 -0.475192 0.2340116 1

0.1323043 -0.2308251 -0.9639583 0
-0.3217048 -0.9298611 0.1785057 0
-0.937551 0.2864931 -0.1972823 0
0.4840759 -0.511744 0.1816031 1

0.1361989 -0.2212175 -0.965667 0
-0.3843348 -0.9102069 0.1543052 0
-0.9130919 0.3501233 -0.2089908 0
0.4906173 -0.5242547 0.117813 1

0.1403487 -0.2128747 -0.9669471 0
-0.4387805 -0.8888474 0.1319933 0
-0.8875663 0.4057525 -0.2181537 0
0.4891216 -0.5027247 0.05931786 1

-0.6636976 0.7444131 0.0731797 0
-0.4291592 -0.2988345 -0.8523618 0
-0.6126405 -0.5971158 0.5178072 0
0.4823206 0.5047985 -0.1135524 1

0.8483202 -0.4573679 -0.266773 0
-0.5154797 -0.5982874 -0.61346 0
0.1209697 0.6579264 -0.7433029 0
0.1897499 0.3003808 0.1608288 1

0.2910055 0.03355087 0.956133 0
0.1671475 -0.9857977 -0.01628068 0
0.9420074 0.164553 -0.2924806 0
-0.4494139 -0.4806188 0.2387014 1

0.1364 0.2137687 0.9673149 0
0.3874208 -0.9101864 0.146514 0
0.9117569 0.3547735 -0.2069679 0
-0.507168 -0.6236762 0.2731454 1

0.1481114 0.1911761 0.9703169 0
0.5548111 -0.828265 0.07850076 0
0.8186868 0.5267158 -0.2287422 0
-0.5169176 -0.6532638 0.217087 1

0.1684234 0.1664459 0.9715602 0
0.7326768 -0.6804973 -0.01043058 0
0.6594081 0.7135963 -0.2365628 0
-0.518312 -0.6573176 0.1495343 1

0.1892158 0.1500832 0.9703982 0
0.8456421 -0.5272023 -0.08335223 0
0.4990863 0.8363811 -0.2266718 0
-0.5193031 -0.6202697 0.0840957 1

0.4072598 -0.1274501 -0.904376 0
-0.1337332 -0.9878643 0.07899258 0
-0.9034683 0.0887747 -0.4193617 0
0.3994757 -0.4039176 0.2191607 1

0.1418343 -0.2104887 -0.9672528 0
-0.5000638 -0.8585187 0.1134988 0
-0.8542948 0.46759 -0.2270252 0
0.4487801 -0.5462047 0.2488754 1

0.1499291 -0.1973985 -0.9687905 0
-0.591881 -0.8028051 0.07197856 0
-0.7919585 0.5626173 -0.2372002 0
0.4615663 -0.5768065 0.1940931 1

0.1619916 -0.1823201 -0.9698032 0
-0.6954993 -0.718279 0.01886103 0
-0.7000281 0.6714426 -0.2431585 0
0.4659852 -0.5825897 0.1277024 1

0.1733927 -0.1711171 -0.9698731 0
-0.7695492 -0.6380983 -0.02499809 0
-0.6145968 0.7506998 -0.2423245 0
0.4675335 -0.546456 0.06581195 1

0.2964939 -0.06923947 0.9525216 0
0.0971932 -0.9900028 -0.1022176 0
0.9500764 0.1228856 -0.2868003 0
-0.4368572 -0.5546752 0.2374783 1

0.141622 0.2029823 0.9688866 0
0.4755948 -0.8723456 0.1132393 0
0.8681895 0.4447603 -0.2200807 0
-0.4780637 -0.6920522 0.284152 1

0.1633302 0.1725624 0.9713628 0
0.7034517 -0.7106989 0.007973258 0
0.6917221 0.6820043 -0.2374679 0
-0.4779923 -0.7113745 0.2225945 1

0.200622 0.1446874 0.9689253 0
0.8983527 -0.4216921 -0.1230393 0
0.390786 0.8951212 -0.2145811 0
-0.4732504 -0.69917 0.1488928 1

0.2359085 0.1327876 0.9626602 0
0.9655816 -0.1436987 -0.216803 0
0.1095443 0.9806725 -0.162117 0
-0.4750505 -0.6478578 0.07973392 1

0.411264 -0.07935952 -0.9080551 0
-0.08866186 -0.9949619 0.04679896 0
-0.9071941 0.06126323 -0.4162281 0
0.3894287 -0.4781322 0.2250951 1

0.150435 -0.197602 -0.9686707 0
-0.6032343 -0.7946244 0.06841488 0
-0.7832481 0.5740435 -0.2387396 0
0.4112103 -0.6107051 0.2574025 1

0.1645477 -0.1801737 -0.9697739 0
-0.7250671 -0.6886607 0.004918849 0
-0.6687315 0.7023419 -0.2439555 0
0.4200398 -0.6331313 0.1991431 1

0.1860554 -0.1622018 -0.9690583 0
-0.8463523 -0.5274274 -0.07421542 0
-0.4990702 0.8339732 -0.2354105 0
0.4232121 -0.6267639 0.1288624 1

0.2058537 -0.1515092 -0.9667829 0
-0.9152041 -0.3795681 -0.1353874 0
-0.3464477 0.9126737 -0.2167972 0
0.4272631 -0.5798475 0.0645038 1

0.2964939 -0.06923947 0.9525216 0
0.0971932 -0.9900028 -0.1022176 0
0.9500764 0.1228856 -0.2868003 0
-0.4269314 -0.6557779 0.2270395 1

0.141622 0.2029823 0.9688866 0
0.4755948 -0.8723456 0.1132393 0
0.8681895 0.4447603 -0.2200807 0
-0.4294941 -0.7811396 0.2957165 1

0.1633302 0.1725624 0.9713628 0
0.7034517 -0.7106989 0.007973258 0
0.6917221 0.6820043 -0.2374679 0
-0.4236748 -0.7662517 0.2232102 1

0.200622 0.1446874 0.9689253 0
0.8983527 -0.4216921 -0.1230393 0
0.390786 0.8951212 -0.2145811 0
-0.4180431 -0.7250847 0.1413315 1

0.2359085 0.1327876 0.9626602 0
0.9655816 -0.1436987 -0.216803 0
0.1095443 0.9806725 -0.162117 0
-0.4212507 -0.6558647 0.06765419 1

0.411264 -0.07935952 -0.9080551 0
-0.08866186 -0.9949619 0.04679896 0
-0.9071941 0.06126323 -0.4162281 0
0.380374 -0.5797445 0.2298745 1

0.150435 -0.197602 -0.9686707 0
-0.6032343 -0.7946244 0.06841488 0
-0.7832481 0.5740435 -0.2387396 0
0.349608 -0.6918523 0.264389 1

0.1645477 -0.1801737 -0.9697739 0
-0.7250671 -0.6886607 0.004918849 0
-0.6687315 0.7023419 -0.2439555 0
0.3640574 -0.6863027 0.1995229 1

0.1860554 -0.1622018 -0.9690583 0
-0.8463523 -0.5274274 -0.07421542 0
-0.4990702 0.8339732 -0.2354105 0
0.3711952 -0.6591796 0.1243011 1

0.2058537 -0.1515092 -0.9667829 0
-0.9152041 -0.3795681 -0.1353874 0
-0.3464477 0.9126737 -0.2167972 0
0.376277 -0.6009933 0.05696136 1

0.9996301 0.02719798 -4.625463E-05 0
-0.02719497 0.9994911 -0.01667389 0
-0.000407265 0.01666898 0.999861 0
-0.01301874 -0.2427747 0.02305201 1

0.9998351 0.002636047 0.01797129 0
-0.001141855 0.9965779 -0.0826519 0
-0.01812766 0.08261774 0.9964164 0
-0.01676802 -0.1049857 0.02139705 1

-0.9935147 -0.04620424 -0.1038944 0
0.004206501 -0.9280272 0.3724894 0
-0.1136274 0.3696365 0.9222026 0
-0.2097781 -0.3275693 -0.009914706 1

-0.9993125 0.01797846 0.03243601 0
-0.004088672 -0.9227121 0.385469 0
0.03685924 0.3850712 0.9221505 0
0.1880571 -0.3167444 -0.009933075 1

0.99963 0.02719962 -4.615841E-05 0
0.02719661 -0.999491 0.01667389 0
0.0004073886 -0.01666898 -0.999861 0
-0.00768585 -0.4383846 0.2480484 1

-0.02719664 0.999491 -0.01667389 0
-0.99963 -0.02719965 4.615887E-05 0
-0.0004073886 0.01666898 0.999861 0
-0.01142541 -0.3018278 -0.2692738 1

0.9991385 0.03830241 0.0159798 0
-0.03844023 0.9992256 0.00840841 0
-0.01564537 -0.009015436 0.9998369 0
-0.01690532 0.01484609 0.01145871 1

-0.9970665 -0.07462776 -0.01701003 0
0.06813975 -0.7641925 -0.6413791 0
0.03486576 -0.6406567 0.7670357 0
-0.2081677 -0.6828448 0.1326849 1

-0.9991452 0.02520671 -0.03277726 0
-0.0008196253 -0.8046191 -0.5937909 0
-0.04134073 -0.5932567 0.8039514 0
0.1864918 -0.6699851 0.1376355 1

0.99963 0.02719962 -4.615841E-05 0
0.02719661 -0.999491 0.01667389 0
0.0004073886 -0.01666898 -0.999861 0
-0.004758591 -0.545963 0.249843 1

-0.02719664 0.999491 -0.01667389 0
-0.99963 -0.02719965 4.615887E-05 0
-0.0004073886 0.01666898 0.999861 0
-0.007261976 -0.4548361 -0.2667213 1

0.9971076 0.07369226 0.01860069 0
-0.07501505 0.9935543 0.08498613 0
-0.01221798 -0.08613563 0.9962085 0
-0.02375378 0.1928666 0.01295674 1

-0.9999761 0.004530458 0.005253071 0
-0.0008777063 -0.8338204 0.5520356 0
0.006881067 0.5520179 0.8338041 0
-0.1858969 -0.9326134 -0.07694335 1

-0.9992046 0.003775261 -0.03970879 0
-0.02490733 -0.8366251 0.54721 0
-0.03115552 0.5477635 0.8360529 0
0.1862239 -0.9329669 -0.05643918 1

0.99963 0.02719962 -4.615841E-05 0
0.02719661 -0.999491 0.01667389 0
0.0004073886 -0.01666898 -0.999861 0
-0.001019184 -0.6833884 0.2521356 1

-0.02719664 0.999491 -0.01667389 0
-0.99963 -0.02719965 4.615887E-05 0
-0.0004073886 0.01666898 0.999861 0
-0.002427199 -0.6325167 -0.2637572 1

0.9996862 0.02479674 -0.003569034 0
-0.02411379 0.9910504 0.1312928 0
0.006792731 -0.1311655 0.9913373 0
-0.05456122 0.5712049 0.1655171 1

0.08673882 -0.1021945 0.9909757 0
-0.9961722 0.001923421 0.08739203 0
-0.01083718 -0.9947627 -0.1016365 0
-0.215851 0.4236026 0.04217378 1

-0.02964941 0.120008 -0.9923301 0
0.9869386 0.1607839 -0.01004388 0
0.1583453 -0.9796666 -0.1232077 0
0.1311321 0.4492474 0.04864669 1

-0.9999761 0.004531046 0.005253069 0
0.005240999 -0.002669435 0.9999829 0
0.004544945 0.9999866 0.002645477 0
-0.1861344 -1.158579 0.07265826 1

-0.9992045 0.003775973 -0.03971004 0
-0.03975497 -0.01267256 0.9991291 0
0.003269449 0.9999129 0.01281244 0
0.179474 -1.159692 0.09185468 1

0.99963 0.02719962 -4.615841E-05 0
0.02719661 -0.999491 0.01667389 0
0.0004073886 -0.01666898 -0.999861 0
0.002838005 -0.8251424 0.2545004 1

-0.02719664 0.999491 -0.01667389 0
-0.99963 -0.02719965 4.615887E-05 0
-0.0004073886 0.01666898 0.999861 0
0.001800615 -0.7878912 -0.2611652 1

0.9986606 -0.02162873 -0.04700215 0
0.02325336 0.9991411 0.03429747 0
0.04621998 -0.03534449 0.9983059 0
-0.05700637 0.6948819 0.3399075 1

0.5816702 -0.1210594 0.8043661 0
-0.207932 -0.9781384 0.003151432 0
0.7863996 -0.1690864 -0.5941257 0
-0.4141927 0.4239857 0.05957386 1

0.7118624 0.2647738 -0.6504973 0
0.3165338 -0.9477638 -0.03937692 0
-0.6269438 -0.1778735 -0.7584872 0
0.3276354 0.4812601 0.04664692 1

-0.9999761 0.004531046 0.005253069 0
0.005240999 -0.002669435 0.9999829 0
0.004544945 0.9999866 0.002645477 0
-0.1852626 -1.159023 0.2389755 1

-0.9992045 0.003775973 -0.03971004 0
-0.03975497 -0.01267256 0.9991291 0
0.003269449 0.9999129 0.01281244 0
0.172862 -1.1618 0.2580292 1

0.9986606 -0.02162873 -0.04700215 0
0.02325336 0.9991411 0.03429747 0
0.04621998 -0.03534449 0.9983059 0
-0.04988711 0.8480952 0.4206679 1

0.9986606 -0.02162873 -0.04700215 0
0.02325336 0.9991411 0.03429747 0
0.04621998 -0.03534449 0.9983059 0
-0.08574002 0.7157078 0.4705748 1

0.9986606 -0.02162873 -0.04700215 0
0.02325336 0.9991411 0.03429747 0
0.04621998 -0.03534449 0.9983059 0
-0.01525998 0.7141811 0.4672574 1

0.9986606 -0.02162873 -0.04700215 0
0.02374496 -0.6155288 0.7877567 0
-0.04596934 -0.7878175 -0.6141908 0
-0.05587182 0.670444 0.3752582 1

0.6176932 0.2239491 0.7538581 0
0.005586365 -0.9598212 0.2805571 0
0.7863994 -0.1690868 -0.5941259 0
-0.5167058 -0.05824912 0.06112755 1

0.7756873 -0.2330798 -0.5865008 0
-0.07246511 -0.9560518 0.284102 0
-0.6269437 -0.1778736 -0.7584872 0
0.4836907 0.01400018 0.02723359 1

0.3165338 -0.9477638 -0.03937692 0
0.6269438 0.1778735 0.7584872 0
-0.7118624 -0.2647738 0.6504973 0
0.4697511 0.4704899 0.1752294 1

0.008411579 0.2773744 0.9607252 0
-0.1084507 -0.9548389 0.2766246 0
0.9940664 -0.106518 0.0220499 0
-0.5149404 -0.3615983 0.1497967 1

0.1395547 -0.291142 -0.9464465 0
0.09867872 -0.9469528 0.3058481 0
-0.9852855 -0.1360767 -0.1034222 0
0.4607882 -0.28816 0.1170239 1

-0.6685572 0.7400578 0.07311487 0
-0.4258166 -0.3003535 -0.8535035 0
-0.6096817 -0.6017494 0.5159322 0
0.5304272 0.5396862 -0.01590827 1

0.8516673 -0.4515651 -0.2659919 0
-0.5106236 -0.6006908 -0.6151703 0
0.1180106 0.6597423 -0.7421683 0
0.248071 0.366171 0.2313809 1

0.1331265 0.3293732 0.9347678 0
0.2248238 -0.9286119 0.2951855 0
0.9652627 0.1708612 -0.1976737 0
-0.4772455 -0.4048928 0.2354485 1

0.01004947 0.2410225 0.9704676 0
0.1997254 -0.9514443 0.2342298 0
0.9798006 0.1914733 -0.05769965 0
-0.5325303 -0.5480564 0.2682445 1

0.01388414 0.226648 0.9738778 0
0.2902341 -0.9329531 0.2129859 0
0.9568552 0.2796955 -0.07873405 0
-0.5401628 -0.5844594 0.2141894 1

0.02113434 0.2093007 0.9776229 0
0.4001735 -0.8978653 0.1835743 0
0.9161959 0.3873392 -0.1027322 0
-0.5390622 -0.5964056 0.1499669 1

0.06466648 0.1338332 0.9888918 0
0.4844579 -0.8705635 0.08613894 0
0.8724214 0.4735062 -0.1211326 0
-0.5317892 -0.5741158 0.09219104 1

0.3811032 -0.3912526 -0.8376647 0
-0.1905722 -0.9198282 0.3429266 0
-0.9046784 0.02894501 -0.4251111 0
0.4136266 -0.3312968 0.1979306 1

0.1438437 -0.2450581 -0.9587783 0
-0.2794718 -0.9394756 0.1981958 0
-0.9493181 0.2394422 -0.2036246 0
0.4682193 -0.4722353 0.2401768 1

0.1469078 -0.2359267 -0.9606024 0
-0.328648 -0.927611 0.1775628 0
-0.9329571 0.2896146 -0.2138101 0
