MeshAnim
1
78
81
30
0.9940668 0.05413552 -0.09434294 0
-0.05994533 0.9964043 -0.05987515 0
0.09076234 0.06517532 0.9937376 0
-0.009146684 0.9401528 0.03272855 1

0.9976172 0.01210368 -0.06792252 0
-0.01020255 0.9995483 0.0282673 0
0.06823398 -0.02750695 0.9972901 0
-0.01735187 1.077548 0.02511445 1

-0.97578 0.0926066 -0.1981865 0
-0.1762083 -0.8696097 0.4612267 0
-0.1296323 0.4849777 0.8648654 0
-0.2053434 0.8485777 0.02214252 1

-0.9636034 -0.03692545 0.2647734 0
0.1052966 -0.9627775 0.2489417 0
0.2457256 0.2677608 0.9316238 0
0.1902778 0.8701233 -0.0154043 1

0.9940667 0.05413716 -0.09434292 0
0.05994696 -0.9964042 0.059875 0
-0.09076222 -0.06517531 -0.9937376 0
0.02292937 0.7559124 0.2649819 1

-0.05994699 0.9964042 -0.059875 0
-0.9940667 -0.05413719 0.09434292 0
0.09076222 0.06517531 0.9937376 0
-0.03251586 0.8670416 -0.2554604 1

0.9979272 -0.01507652 -0.06256181 0
0.01741114 0.9991657 0.03694116 0
0.06195267 -0.03795385 0.9973572 0
-0.01857866 1.197737 0.02851341 1

-0.9642307 0.1587414 -0.2122752 0
-0.0431443 -0.8841532 -0.465201 0
-0.2615305 -0.4394027 0.8593761 0
-0.2728009 0.5156662 0.1987133 1

-0.9130005 -0.1025513 0.3948586 0
-0.1303844 -0.8437742 -0.5206196 0
0.3865618 -0.5268093 0.7569953 0
0.2305883 0.5015445 0.07989773 1

0.9940667 0.05413716 -0.09434292 0
0.05994696 -0.9964042 0.059875 0
-0.09076222 -0.06517531 -0.9937376 0
0.02938165 0.6486663 0.2714265 1

-0.05994699 0.9964042 -0.059875 0
-0.9940667 -0.05413719 0.09434292 0
0.09076222 0.06517531 0.9937376 0
-0.02333881 0.7145059 -0.2462943 1

0.9974642 -0.04232582 -0.05721624 0
0.04414344 0.9985476 0.03088557 0
0.05582588 -0.03333296 0.9978839 0
-0.01547672 1.375746 0.03509479 1

-0.9706476 0.002151862 -0.2404974 0
-0.1345515 -0.83369 0.5355904 0
-0.1993477 0.5522287 0.8095085 0
-0.2869021 0.2266896 0.04666704 1

-0.8927914 -3.56026E-05 0.4504704 0
0.2495123 -0.8326272 0.4944447 0
0.3750563 0.5538338 0.7433711 0
0.1879735 0.2257652 -0.09026167 1

0.9940667 0.05413716 -0.09434292 0
0.05994696 -0.9964042 0.059875 0
-0.09076222 -0.06517531 -0.9937376 0
0.03762408 0.5116653 0.279659 1

-0.05994699 0.9964042 -0.059875 0
-0.9940667 -0.05413719 0.09434292 0
0.09076222 0.06517531 0.9937376 0
-0.01268196 0.5373739 -0.2356503 1

0.9969617 -0.05016727 -0.05958819 0
0.05747439 0.9901038 0.1280276 0
0.0525757 -0.1310634 0.9899788 0
0.008477415 1.762362 0.166693 1

0.4356144 -0.07120613 0.8973125 0
-0.8921956 0.09794009 0.4409023 0
-0.1192778 -0.9926416 -0.0208657 0
-0.1775182 1.628509 0.06420656 1

0.3001972 0.03915045 -0.9530734 0
0.9538403 -0.02109589 0.2995721 0
-0.008377656 -0.9990104 -0.0436762 0
0.1695891 1.613781 0.04429593 1

-0.9706475 0.002152577 -0.2404976 0
-0.2394574 0.08467966 0.9672071 0
0.02244723 0.9964061 -0.08167859 0
-0.3233652 0.000759542 0.1918121 1

-0.8927923 -3.499538E-05 0.4504686 0
0.4468054 0.1272028 0.8855419 0
-0.05733189 0.9918767 -0.1135501 0
0.2555913 0.0001231432 0.04373286 1

0.9940667 0.05413716 -0.09434292 0
0.05994696 -0.9964042 0.059875 0
-0.09076222 -0.06517531 -0.9937376 0
0.04612612 0.3703492 0.2881508 1

-0.05994699 0.9964042 -0.059875 0
-0.9940667 -0.05413719 0.09434292 0
0.09076222 0.06517531 0.9937376 0
-0.003362992 0.3824794 -0.2263425 1

0.998179 -0.04867798 -0.03562724 0
0.04859741 0.9988136 -0.003124414 0
0.03573705 0.001387342 0.9993601 0
0.02507688 1.885917 0.3403955 1

0.6551393 -0.05648229 0.7533939 0
-0.1305233 -0.9906688 0.0392301 0
0.744148 -0.1240366 -0.6563983 0
-0.3551577 1.64801 0.1519918 1

0.6725759 0.08551717 -0.7350703 0
0.1579391 -0.9870026 0.02968488 0
-0.7229776 -0.1360618 -0.6773406 0
0.3595024 1.609581 0.1039419 1

-0.9706475 0.002152577 -0.2404976 0
-0.2394574 0.08467966 0.9672071 0
0.02244723 0.9964061 -0.08167859 0
-0.3631917 0.01484346 0.3526781 1

-0.8927923 -3.499538E-05 0.4504686 0
0.4468054 0.1272028 0.8855419 0
-0.05733189 0.9918767 -0.1135501 0
0.3299037 0.02127951 0.1910156 1

0.998179 -0.04867798 -0.03562724 0
0.04859741 0.9988136 -0.003124414 0
0.03573705 0.001387342 0.9993601 0
0.0353584 2.041854 0.415397 1

0.998179 -0.04867798 -0.03562724 0
0.04859741 0.9988136 -0.003124414 0
0.03573705 0.001387342 0.9993601 0
-0.004361586 1.912405 0.4698754 1

0.998179 -0.04867798 -0.03562724 0
0.04859741 0.9988136 -0.003124414 0
0.03573705 0.001387342 0.9993601 0
0.06608447 1.90897 0.4673609 1

0.998179 -0.04867798 -0.03562724 0
0.0003735423 -0.5856102 0.8105927 0
-0.06032168 -0.8091297 -0.5845256 0
0.02524446 1.862817 0.3766517 1

0.658339 -0.03134483 0.7520687 0
-0.1138572 -0.9917834 0.05833154 0
0.7440607 -0.1240303 -0.6564985 0
-0.4195074 1.159597 0.1713328 1

0.6868362 -0.02995995 -0.7261946 0
0.07848834 -0.9902496 0.1150883 0
-0.722562 -0.1360447 -0.6777876 0
0.4373684 1.122976 0.1185769 1

0.1579391 -0.9870026 0.02968488 0
0.7229776 0.1360618 0.6773406 0
-0.6725759 -0.08551717 0.7350703 0
0.51083 1.58649 0.2197569 1

0.146636 0.06825077 0.9868332 0
-0.00287281 -0.9975834 0.06942115 0
0.9891865 -0.0130146 -0.1460855 0
-0.4554919 0.8461468 0.1897682 1

0.3954078 -0.06806156 -0.9159806 0
-0.02745773 -0.997681 0.06227947 0
-0.9180952 0.0005248226 -0.3963595 0
0.4621748 0.8100075 0.1549505 1

-0.5327179 0.8444119 0.05639213 0
-0.5546334 -0.298021 -0.7768946 0
-0.6392131 -0.4451426 0.6271001 0
0.5612786 1.627853 0.01789699 1

0.7376471 -0.6081406 -0.2933284 0
-0.6601278 -0.5583399 -0.5024818 0
0.1418028 0.5642884 -0.8133082 0
0.2826298 1.525725 0.3058364 1

0.185259 0.5308493 0.8269691 0
0.4301753 -0.8004305 0.4174449 0
0.8835319 0.2784063 -0.3766452 0
-0.4018189 0.7895953 0.257242 1

0.147372 0.08446877 0.9854677 0
0.1305384 -0.9892922 0.06527519 0
0.9804292 0.1190216 -0.1568203 0
-0.4420884 0.6381118 0.2649198 1

0.1451083 0.02140715 0.9891843 0
0.258767 -0.9657891 -0.01705888 0
0.9549782 0.2584437 -0.1456834 0
-0.4561013 0.6133539 0.2057923 1

0.1485754 0.00427965 0.988892 0
0.3453613 -0.93725 -0.0478324 0
0.9266343 0.3486316 -0.1407302 0
-0.4646746 0.6153671 0.1410552 1

0.1614086 -0.02926301 0.9864537 0
0.4336995 -0.895763 -0.0975368 0
0.8864831 0.4435677 -0.1318924 0
-0.468246 0.6499206 0.08927591 1

0.3552663 -0.5594327 -0.7488797 0
-0.546998 -0.7740716 0.3187576 0
-0.7580099 0.2963918 -0.5810099 0
0.3922185 0.7540367 0.2059829 1

0.3956601 -0.08945566 -0.9140299 0
-0.1451472 -0.9888276 0.03394565 0
-0.9068546 0.1192378 -0.4042238 0
0.4272659 0.6020083 0.2229455 1

0.3940971 -0.02913035 -0.918607 0
-0.2499018 -0.9652364 -0.07660279 0
-0.8844415 0.2597504 -0.3876765 0
0.4557502 0.5771976 0.1692964 1

0.3968586 -0.01399055 -0.9177731 0
-0.3268871 -0.9364811 -0.127075 0
-0.8576993 0.3504389 -0.376224 0
0.4807593 0.5792385 0.1089734 1

0.408133 0.01752404 -0.9127543 0
-0.4006109 -0.8949704 -0.1963134 0
-0.8203282 0.4457812 -0.3582464 0
0.4979962 0.6138492 0.06006084 1

-0.5327179 0.8444119 0.05639213 0
-0.5546334 -0.298021 -0.7768946 0
-0.6392131 -0.4451426 0.6271001 0
0.50005 1.594953 -0.06786796 1

0.7376471 -0.6081406 -0.2933284 0
-0.6601278 -0.5583399 -0.5024818 0
0.1418028 0.5642884 -0.8133082 0
0.2097553 1.464087 0.2503652 1

0.4946647 0.05614074 0.8672689 0
0.1078953 -0.9941583 0.002814362 0
0.8623604 0.09218203 -0.4978324 0
-0.3693989 0.7292712 0.2887025 1

0.1558107 0.05495536 0.9862571 0
0.4127416 -0.9107334 -0.0144586 0
0.8974228 0.4093221 -0.1645844 0
-0.4322504 0.5635543 0.2698393 1

0.1573488 -0.006759713 0.9875201 0
0.527942 -0.8445088 -0.0899016 0
0.834577 0.5354993 -0.1293136 0
-0.4379964 0.5457815 0.2045987 1

0.1671973 -0.02737923 0.9855432 0
0.6475413 -0.7507362 -0.1307114 0
0.7434616 0.6600347 -0.1077918 0
-0.4425417 0.5553024 0.1379898 1

0.1786416 -0.05441659 0.9824082 0
0.6738181 -0.7208176 -0.1624542 0
0.7169775 0.6909855 -0.0921011 0
-0.4469096 0.6058526 0.08447747 1

0.6854143 -0.0228052 -0.727796 0
-0.1103946 -0.9912101 -0.07290668 0
-0.7197363 0.130316 -0.6819071 0
0.3509948 0.6957 0.2300055 1

0.4023958 -0.06600792 -0.913083 0
-0.4002256 -0.9097164 -0.1106149 0
-0.8233451 0.4099502 -0.392484 0
0.4163276 0.5274901 0.2255036 1

0.4032958 -0.006759174 -0.9150447 0
-0.4937999 -0.8434863 -0.2114061 0
-0.7703986 0.5371081 -0.343512 0
0.4382646 0.5096596 0.1639365 1

0.4106814 0.01114388 -0.9117109 0
-0.6002532 -0.7493671 -0.2795444 0
-0.6863213 0.6620609 -0.3010618 0
0.459809 0.5192193 0.1008292 1

0.4207301 0.03749175 -0.9064108 0
-0.6179752 -0.7196274 -0.3166121 0
-0.6641483 0.6933476 -0.2795998 0
0.4782861 0.5698167 0.05040221 1

0.3579441 0.04029818 0.9328731 0
-0.1228484 -0.9883515 0.08983175 0
0.9256266 -0.1467567 -0.3488239 0
-0.3612935 0.6545868 0.2889139 1

0.1625595 0.04241075 0.9857868 0
0.5319256 -0.8452327 -0.05135246 0
0.8310415 0.5327129 -0.15996 0
-0.401244 0.4951369 0.2687531 1

0.1785524 -0.03107818 0.9834396 0
0.7590986 -0.6315656 -0.1577797 0
0.6260102 0.7746993 -0.08917613 0
-0.4009561 0.4865309 0.1982913 1

0.1909479 -0.04753883 0.9804484 0
0.8388053 -0.5108928 -0.1881336 0
0.5098476 0.8583289 -0.05767804 0
-0.4027161 0.5091299 0.1299507 1

0.2010234 -0.07231295 0.9769137 0
0.8442493 -0.493003 -0.2102174 0
0.4968229 0.8670175 -0.03805493 0
-0.4116487 0.5681321 0.07597621 1

0.5691887 0.006215392 -0.8221834 0
0.1531208 -0.9832791 0.09857075 0
-0.8078231 -0.1819989 -0.5606228 0
0.3427012 0.6212339 0.2245283 1

0.4075513 -0.05604347 -0.9114608 0
-0.5071256 -0.8439467 -0.1748642 0
-0.7594244 0.5334912 -0.3723726 0
0.3862587 0.4591433 0.2171931 1

0.418952 0.01253977 -0.9079219 0
-0.7016922 -0.6301406 -0.3324924 0
-0.5762876 0.7763799 -0.2551996 0
0.4036196 0.4504808 0.1491042 1

0.4281043 0.02712676 -0.903322 0
-0.7717113 -0.5091992 -0.3810222 0
-0.4703067 0.8602208 -0.1970564 0
0.4228935 0.4731333 0.08363718 1

0.4370113 0.05168349 -0.8979699 0
-0.7715631 -0.4915762 -0.4037864 0
-0.4622897 0.8692995 -0.1749472 0
0.4459475 0.5321586 0.03383389 1

0.3579441 0.04029818 0.9328731 0
-0.1228484 -0.9883515 0.08983175 0
0.9256266 -0.1467567 -0.3488239 0
-0.3738392 0.5536525 0.2980879 1

0.1625595 0.04241075 0.9857868 0
0.5319256 -0.8452327 -0.05135246 0
0.8310415 0.5327129 -0.15996 0
-0.3469217 0.4088185 0.2635088 1

0.1785524 -0.03107818 0.9834396 0
0.7590986 -0.6315656 -0.1577797 0
0.6260102 0.7746993 -0.08917613 0
-0.3423418 0.4377642 0.1861082 1

0.1909479 -0.04753883 0.9804484 0
0.8388053 -0.5108928 -0.1881336 0
0.5098476 0.8583289 -0.05767804 0
-0.3511682 0.4777335 0.1183891 1

0.2010234 -0.07231295 0.9769137 0
0.8442493 -0.493003 -0.2102174 0
0.4968229 0.8670175 -0.03805493 0
-0.3646092 0.5406632 0.06426345 1

0.5691887 0.006215392 -0.8221834 0
0.1531208 -0.9832791 0.09857075 0
-0.8078231 -0.1819989 -0.5606228 0
0.358339 0.5208145 0.234595 1

0.4075513 -0.05604347 -0.9114608 0
-0.5071256 -0.8439467 -0.1748642 0
-0.7594244 0.5334912 -0.3723726 0
0.334471 0.3729593 0.1993359 1

0.418952 0.01253977 -0.9079219 0
-0.7016922 -0.6301406 -0.3324924 0
-0.5762876 0.7763799 -0.2551996 0
0.3494419 0.4018279 0.1234325 1

0.4281043 0.02712676 -0.903322 0
-0.7717113 -0.5091992 -0.3810222 0
-0.4703067 0.8602208 -0.1970564 0
0.3754641 0.4418378 0.06021956 1

0.4370113 0.05168349 -0.8979699 0
-0.7715631 -0.4915762 -0.4037864 0
-0.4622897 0.8692995 -0.1749472 0
0.4029637 0.5047729 0.01133895 1

0.9945022 0.03899966 -0.097182 0
-0.04467356 0.9973794 -0.05690869 0
0.0947079 0.06093728 0.9936383 0
-0.01063284 0.9039133 0.02666564 1

0.9971915 0.005714718 -0.07467621 0
-4.708394E-05 0.9971323 0.07567836 0
0.07489453 -0.07546232 0.994332 0
-0.0167303 1.04144 0.0194604 1

-0.9773142 0.09681928 -0.1883698 0
-0.1849314 -0.8236181 0.5361471 0
-0.1032354 0.5588195 0.8228385 0
-0.2082557 0.8154186 0.01641406 1

-0.9617016 -0.03013619 0.2724375 0
0.1274389 -0.9291368 0.3470799 0
0.242672 0.3685064 0.8973926 0
0.1875388 0.8309404 -0.02226266 1

0.9945022 0.0390013 -0.09718197 0
0.04467519 -0.9973794 0.05690853 0
-0.09470778 -0.06093728 -0.9936383 0
0.01927266 0.7185389 0.2583055 1

-0.04467522 0.9973794 -0.05690852 0
-0.9945022 -0.03900133 0.09718197 0
0.09470778 0.06093728 0.9936383 0
-0.03598674 0.8319921 -0.2616549 1

0.9973467 -0.01716546 -0.07074644 0
0.02213554 0.9972959 0.07007785 0
0.0693522 -0.07145793 0.9950297 0
-0.01673596 1.161338 0.02856022 1

-0.9663349 0.1634141 -0.1987276 0
-0.02856845 -0.8357691 -0.5483376 0
-0.2556965 -0.5242003 0.8123013 0
-0.2790527 0.500114 0.2216666 1

-0.9264554 -0.111292 0.3595758 0
-0.1533484 -0.760819 -0.6305861 0
0.3437513 -0.6393504 0.6877983 0
0.2363261 0.4752401 0.1106095 1

0.9945022 0.0390013 -0.09718197 0
0.04467519 -0.9973794 0.05690853 0
-0.09470778 -0.06093728 -0.9936383 0
0.02408119 0.6111878 0.2644307 1

-0.04467522 0.9973794 -0.05690852 0
-0.9945022 -0.03900133 0.09718197 0
0.09470778 0.06093728 0.9936383 0
-0.02914758 0.6793071 -0.252943 1

0.9969827 -0.0400036 -0.06652207 0
0.043357 0.99782 0.04975493 0
0.06438667 -0.05248903 0.9965436 0
-0.01279232 1.339015 0.04104518 1

-0.9715384 0.005904708 -0.236809 0
-0.1338974 -0.8383538 0.5284266 0
-0.1954095 0.5450948 0.8152833 0
-0.2883899 0.2269512 0.04244795 1

-0.8947476 -0.0006162785 0.4465722 0
0.2431365 -0.839465 0.4859872 0
0.3745821 0.5434138 0.7512589 0
0.1862056 0.2265739 -0.0954914 1

0.9945022 0.0390013 -0.09718197 0
0.04467519 -0.9973794 0.05690853 0
-0.09470778 -0.06093728 -0.9936383 0
0.03022382 0.4740527 0.2722554 1

-0.04467522 0.9973794 -0.05690852 0
-0.9945022 -0.03900133 0.09718197 0
0.09470778 0.06093728 0.9936383 0
-0.02120562 0.5020019 -0.2428263 1

0.9968703 -0.04567361 -0.0645261 0
0.05499475 0.987005 0.1509861 0
0.0567915 -0.1540621 0.9864277 0
0.01187949 1.723052 0.1798641 1

0.376718 -0.08504035 0.9224163 0
-0.9187295 0.09298204 0.3837846 0
-0.1184054 -0.9920296 -0.04310112 0
-0.1748445 1.590973 0.07640515 1

0.2310601 0.0611824 -0.971014 0
0.9729389 -0.01568168 0.2305301 0
-0.001122694 -0.9980035 -0.06315008 0
0.1720952 1.577053 0.05325618 1

-0.9715382 0.005905375 -0.2368091 0
-0.2356658 0.07710608 0.9687706 0
0.02398042 0.9970056 -0.07351981 0
-0.3246758 -0.0002427101 0.1856517 1

-0.8947483 -0.000615593 0.4465706 0
0.4433659 0.1183688 0.8884907 0
-0.053407 0.9929696 -0.1056374 0
0.2520956 -0.0009210706 0.03621116 1

0.9945022 0.0390013 -0.09718197 0
0.04467519 -0.9973794 0.05690853 0
-0.09470778 -0.06093728 -0.9936383 0
0.03655993 0.3325983 0.2803265 1

-0.04467522 0.9973794 -0.05690852 0
-0.9945022 -0.03900133 0.09718197 0
0.09470778 0.06093728 0.9936383 0
-0.0142607 0.3469557 -0.2339797 1

0.9986668 -0.0433514 -0.02802399 0
0.04426387 0.998481 0.03280419 0
0.02655932 -0.03400092 0.9990689 0
0.02877848 1.842553 0.3563513 1

0.595179 -0.04873105 0.8021142 0
-0.1446293 -0.9883562 0.04727078 0
0.7904712 -0.1441437 -0.5952967 0
-0.357767 1.609486 0.1528181 1

0.6137664 0.07786131 -0.7856389 0
0.1603817 -0.9866719 0.02751066 0
-0.7730258 -0.1428871 -0.6180735 0
0.3658111 1.573931 0.09915562 1

-0.9715382 0.005905375 -0.2368091 0
-0.2356658 0.07710608 0.9687706 0
0.02398042 0.9970056 -0.07351981 0
-0.3638716 0.01258159 0.3467776 1

-0.8947483 -0.000615593 0.4465706 0
0.4433659 0.1183688 0.8884907 0
-0.053407 0.9929696 -0.1056374 0
0.325836 0.01876605 0.1839844 1

0.9986668 -0.0433514 -0.02802399 0
0.04426387 0.998481 0.03280419 0
0.02655932 -0.03400092 0.9990689 0
0.03769064 1.995765 0.4369363 1

0.9986668 -0.0433514 -0.02802399 0
0.04426387 0.998481 0.03280419 0
0.02655932 -0.03400092 0.9990689 0
-0.001962162 1.864302 0.4864101 1

0.9986668 -0.0433514 -0.02802399 0
0.04426387 0.998481 0.03280419 0
0.02655932 -0.03400092 0.9990689 0
0.06851833 1.861242 0.4844322 1

0.9986668 -0.0433514 -0.02802399 0
-0.004508123 -0.6140537 0.7892513 0
-0.05142339 -0.7880725 -0.6134304 0
0.0287142 1.818179 0.3917643 1

0.6052037 0.03073753 0.795477 0
-0.09635188 -0.9890798 0.1115235 0
0.7902182 -0.1441401 -0.5956334 0
-0.4290712 1.122214 0.1761232 1

0.6304814 -0.05763755 -0.7740616 0
0.07494133 -0.9880604 0.1346128 0
-0.7725785 -0.1428799 -0.6186342 0
0.4448814 1.087488 0.1127187 1

0.1603817 -0.9866719 0.02751066 0
0.7730258 0.1428871 0.6180735 0
-0.6137664 -0.07786131 0.7856389 0
0.5256429 1.552005 0.2031723 1

0.2194079 0.1726533 0.9602349 0
-0.005362693 -0.9839888 0.1781496 0
0.9756186 -0.04423684 -0.2149691 0
-0.4595231 0.8096175 0.2113697 1

0.4031708 -0.1822054 -0.8968025 0
-0.05165935 -0.9829472 0.1764835 0
-0.9136658 -0.02482469 -0.4057083 0
0.4685667 0.7752119 0.1552629 1

-0.5273068 0.8450327 0.08869957 0
-0.6127676 -0.3058866 -0.728663 0
-0.5886119 -0.4385812 0.6791044 0
0.5603307 1.591286 -0.002392927 1

0.7131838 -0.6112382 -0.3431576 0
-0.6965978 -0.5633592 -0.4442728 0
0.07823545 0.5558909 -0.8275655 0
0.3048073 1.492163 0.3072307 1

0.2453436 0.620448 0.7448833 0
0.4722298 -0.7475315 0.4671143 0
0.8466439 0.2371526 -0.4763962 0
-0.401461 0.7598921 0.2805633 1

0.2190657 0.1997016 0.9550547 0
0.1339118 -0.9757217 0.1733069 0
0.9664772 0.08992761 -0.2404896 0
-0.4422102 0.6107843 0.3076583 1

0.2177129 0.1258583 0.9678642 0
0.2540788 -0.9647689 0.06830283 0
0.9423615 0.2310434 -0.2420206 0
-0.4607266 0.5799771 0.2527635 1

0.2239086 0.1008382 0.9693795 0
0.335673 -0.9417572 0.0204306 0
0.9149802 0.32082 -0.2447162 0
-0.4740272 0.575086 0.1889855 1

0.2409052 0.05865538 0.9687746 0
0.4165455 -0.9078141 -0.04861794 0
0.8766156 0.415251 -0.2431298 0
-0.4811374 0.6038671 0.1341323 1

0.3444252 -0.6521402 -0.6753402 0
-0.580672 -0.7132306 0.3925844 0
-0.7376937 0.2569351 -0.6243342 0
0.3967823 0.7270827 0.21149 1

0.4003363 -0.2170974 -0.8902806 0
-0.1954286 -0.969408 0.1485137 0
-0.895287 0.1145309 -0.4305162 0
0.4280513 0.5772892 0.2463159 1

0.4028705 -0.1417185 -0.9042187 0
-0.2930203 -0.9559124 0.01926662 0
-0.8670842 0.2571925 -0.4266354 0
0.4564966 0.5458187 0.1962595 1

0.4105848 -0.1154517 -0.9044839 0
-0.3595529 -0.9320753 -0.04424312 0
-0.8379392 0.3433754 -0.424207 0
0.4821714 0.5403205 0.1364343 1

0.4303122 -0.07042836 -0.8999286 0
-0.4228464 -0.8965324 -0.1320267 0
-0.7975166 0.4373442 -0.4155693 0
0.5007273 0.5686567 0.08408758 1

-0.5273068 0.8450327 0.08869957 0
-0.6127676 -0.3058866 -0.728663 0
-0.5886119 -0.4385812 0.6791044 0
0.4926846 1.557518 -0.08283336 1

0.7131838 -0.6112382 -0.3431576 0
-0.6965978 -0.5633592 -0.4442728 0
0.07823545 0.5558909 -0.8275655 0
0.2279067 1.429971 0.2581854 1

0.5671598 0.1530142 0.809269 0
0.1056634 -0.9879889 0.112754 0
0.8168018 0.02156069 -0.5765157 0
-0.3658716 0.7035548 0.3157671 1

0.2286741 0.1679069 0.958914 0
0.4328762 -0.8998148 0.05432965 0
0.8719671 0.4026672 -0.2784473 0
-0.432118 0.5372494 0.3207195 1

0.2311393 0.09526226 0.9682459 0
0.5385131 -0.8413731 -0.045774 0
0.8102953 0.5319932 -0.2457744 0
-0.4429497 0.5124757 0.2575423 1

0.2437681 0.06672719 0.9675354 0
0.650153 -0.7515069 -0.111976 0
0.7196378 0.6563423 -0.2265763 0
-0.4525151 0.5147322 0.1902949 1

0.2593124 0.03098465 0.9652964 0
0.6700432 -0.725593 -0.1567066 0
0.6955568 0.6874264 -0.2089164 0
-0.460645 0.5592061 0.1317405 1

0.6944683 -0.1288602 -0.7078907 0
-0.1470686 -0.9884835 0.03565779 0
-0.7043333 0.07934536 -0.7054216 0
0.3530208 0.6733311 0.2410765 1

0.40812 -0.1943076 -0.8920105 0
-0.4420249 -0.896977 -0.006849304 0
-0.7987819 0.3970862 -0.451963 0
0.4133237 0.5042348 0.257508 1

0.4129004 -0.1197578 -0.9028684 0
-0.5271237 -0.8398377 -0.1296673 0
-0.7427343 0.5294631 -0.4098966 0
0.435994 0.4789335 0.1976077 1

0.4250685 -0.09056809 -0.9006187 0
-0.6211842 -0.7528859 -0.2174708 0
-0.658367 0.6518903 -0.3762875 0
0.4591276 0.4805837 0.1335988 1

0.4431831 -0.05056383 -0.895004 0
-0.6297782 -0.7280741 -0.2707169 0
-0.6379408 0.6836311 -0.3545142 0
0.4799233 0.5245473 0.07759187 1

0.4328668 0.1331063 0.8915768 0
-0.1276746 -0.9700164 0.2068037 0
0.8923709 -0.2033501 -0.4028935 0
-0.3579338 0.629334 0.3242375 1

0.2371202 0.153347 0.9593013 0
0.566947 -0.8237107 -0.008465629 0
0.7888888 0.5458804 -0.2822583 0
-0.3995989 0.4696522 0.3248009 1

0.2543001 0.06951892 0.9646238 0
0.7720415 -0.6153147 -0.1591857 0
0.5824807 0.7852103 -0.210146 0
-0.4051678 0.4534454 0.2543308 1

0.2693968 0.04529859 0.9619634 0
0.8419173 -0.4960378 -0.2124199 0
0.4675478 0.8671187 -0.1717686 0
-0.4125289 0.4685125 0.1834081 1

0.2834111 0.01175562 0.9589266 0
0.8422831 -0.4811358 -0.2430389 0
0.4585169 0.8765674 -0.1462608 0
-0.4255815 0.5212358 0.12354 1

0.5783691 -0.08884142 -0.8109234 0
0.1243532 -0.9728339 0.1952714 0
-0.806242 -0.2137796 -0.5516093 0
0.3419721 0.5990698 0.2437554 1

0.4141934 -0.1837638 -0.8914453 0
-0.552283 -0.8292438 -0.08566643 0
-0.7234831 0.5278125 -0.444957 0
0.3801144 0.4368448 0.2569933 1

0.4299052 -0.09995028 -0.8973247 0
-0.7295624 -0.6239571 -0.2800301 0
-0.531903 0.7750407 -0.3411625 0
0.3990111 0.4200106 0.1885101 1

0.4435617 -0.07399082 -0.8931846 0
-0.7868546 -0.5092732 -0.3485696 0
-0.429084 0.8574185 -0.2841142 0
0.4209247 0.4342816 0.1202243 1

0.4603003 -0.03569844 -0.8870454 0
-0.7790304 -0.4953942 -0.3843131 0
-0.4257177 0.8679347 -0.2558404 0
0.4469671 0.4864472 0.06342526 1

0.4328668 0.1331063 0.8915768 0
-0.1276746 -0.9700164 0.2068037 0
0.8923709 -0.2033501 -0.4028935 0
-0.3709725 0.5302719 0.3453571 1

0.2371202 0.153347 0.9593013 0
0.566947 -0.8237107 -0.008465629 0
0.7888888 0.5458804 -0.2822583 0
-0.3417001 0.3855318 0.3239364 1

0.2543001 0.06951892 0.9646238 0
0.7720415 -0.6153147 -0.1591857 0
0.5824807 0.7852103 -0.210146 0
-0.3455541 0.4059334 0.2420392 1

0.2693968 0.04529859 0.9619634 0
0.8419173 -0.4960378 -0.2124199 0
0.4675478 0.8671187 -0.1717686 0
-0.3607898 0.4380289 0.170354 1

0.2834111 0.01175562 0.9589266 0
0.8422831 -0.4811358 -0.2430389 0
0.4585169 0.8765674 -0.1462608 0
-0.3786516 0.4944282 0.1099985 1

0.5783691 -0.08884142 -0.8109234 0
0.1243532 -0.9728339 0.1952714 0
-0.806242 -0.2137796 -0.5516093 0
0.3546719 0.4997175 0.2636978 1

0.4141934 -0.1837638 -0.8914453 0
-0.552283 -0.8292438 -0.08566643 0
-0.7234831 0.5278125 -0.444957 0
0.3237153 0.3521621 0.2482451 1

0.4299052 -0.09995028 -0.8973247 0
-0.7295624 -0.6239571 -0.2800301 0
-0.531903 0.7750407 -0.3411625 0
0.3426816 0.3718349 0.166889 1

0.4435617 -0.07399082 -0.8931846 0
-0.7868546 -0.5092732 -0.3485696 0
-0.429084 0.8574185 -0.2841142 0
0.3725646 0.4029813 0.09880121 1

0.4603003 -0.03569844 -0.8870454 0
-0.7790304 -0.4953942 -0.3843131 0
-0.4257177 0.8679347 -0.2558404 0
0.4035673 0.458849 0.04201516 1

0.9944735 0.02236952 -0.102577 0
-0.02734883 0.9985017 -0.04739541 0
0.1013631 0.04993885 0.9935953 0
-0.01305623 0.8759635 0.01803522 1

0.9963807 0.001019903 -0.08499684 0
0.01057817 0.9906674 0.1358905 0
0.0843422 -0.1362977 0.9870711 0
-0.01676121 1.013638 0.01214134 1

-0.9804047 0.1055782 -0.1663129 0
-0.1854257 -0.7796409 0.5981448 0
-0.06651326 0.6172626 0.7839406 0
-0.2122677 0.7910668 0.008108541 1

-0.9610469 -0.02077887 0.2756034 0
0.1426326 -0.891413 0.4301617 0
0.2367382 0.4527156 0.8596532 0
0.1835154 0.79997 -0.0327153 1

0.9944735 0.02237117 -0.102577 0
0.02735046 -0.9985017 0.04739524 0
-0.101363 -0.04993884 -0.9935953 0
0.01487008 0.6879269 0.2477685 1

-0.02735049 0.9985017 -0.04739524 0
-0.9944735 -0.0223712 0.102577 0
0.101363 0.04993884 0.9935953 0
-0.04130078 0.807207 -0.2707883 1

0.99645 -0.01721901 -0.08240686 0
0.0269331 0.9926171 0.118262 0
0.07976212 -0.1200617 0.9895571 0
-0.01548926 1.132759 0.02848127 1

-0.9649947 0.1734238 -0.1967477 0
-0.02491525 -0.807398 -0.5894809 0
-0.2610837 -0.5639437 0.7834557 0
-0.2832539 0.4925978 0.2370956 1

-0.9392124 -0.1062047 0.3264979 0
-0.1593765 -0.7074279 -0.6885819 0
0.3041044 -0.6987607 0.6474983 0
0.2381192 0.4587116 0.131963 1

0.9944735 0.02237117 -0.102577 0
0.02735046 -0.9985017 0.04739524 0
-0.101363 -0.04993884 -0.9935953 0
0.0178139 0.5804549 0.2528698 1

-0.02735049 0.9985017 -0.04739524 0
-0.9944735 -0.0223712 0.102577 0
0.101363 0.04993884 0.9935953 0
-0.0371138 0.6543502 -0.2635327 1

0.9962142 -0.03535546 -0.07941666 0
0.04217697 0.9954081 0.08592902 0
0.07601395 -0.08895329 0.9931311 0
-0.0106909 1.309602 0.04955064 1

-0.9706553 0.0006347578 -0.2404747 0
-0.1326908 -0.8353974 0.5333898 0
-0.2005533 0.5496464 0.810967 0
-0.2913971 0.2287078 0.04442967 1

-0.8964918 0.001415253 0.4430582 0
0.2415993 -0.8366776 0.4915288 0
0.3713925 0.547694 0.7497326 0
0.1860286 0.2274957 -0.09309324 1

0.9944735 0.02237117 -0.102577 0
0.02735046 -0.9985017 0.04739524 0
-0.101363 -0.04993884 -0.9935953 0
0.02157445 0.4431657 0.2593864 1

-0.02735049 0.9985017 -0.04739524 0
-0.9944735 -0.0223712 0.102577 0
0.101363 0.04993884 0.9935953 0
-0.03225167 0.4768454 -0.2551072 1

0.9966184 -0.03826637 -0.07271317 0
0.05151496 0.9804087 0.190118 0
0.06401353 -0.1932209 0.9790649 0
0.01491191 1.688328 0.2021113 1

0.3188003 -0.1164163 0.9406454 0
-0.9401788 0.08693846 0.3294019 0
-0.120126 -0.989388 -0.08173607 0
-0.1727652 1.559735 0.09601864 1

0.1583634 0.100257 -0.9822778 0
0.9873364 -0.006638307 0.1585014 0
0.00937022 -0.9949392 -0.1000387 0
0.1739071 1.547432 0.06838252 1

-0.9706553 0.000635419 -0.2404747 0
-0.2395788 0.08372369 0.9672604 0
0.02074808 0.9964889 -0.08111465 0
-0.327356 0.002315223 0.1889784 1

-0.8964926 0.001415977 0.4430566 0
0.4396813 0.1260856 0.8892598 0
-0.05460388 0.9920184 -0.1136573 0
0.251502 0.0007560253 0.04011106 1

0.9944735 0.02237117 -0.102577 0
0.02735046 -0.9985017 0.04739524 0
-0.101363 -0.04993884 -0.9935953 0
0.02545347 0.3015519 0.2661083 1

-0.02735049 0.9985017 -0.04739524 0
-0.9944735 -0.0223712 0.102577 0
0.101363 0.04993884 0.9935953 0
-0.02799994 0.3216248 -0.2477394 1

0.9991598 -0.03455207 -0.02205034 0
0.03622861 0.9960709 0.08080858 0
0.0191716 -0.08153954 0.9964857 0
0.03243577 1.800736 0.3831398 1

0.5262367 -0.05603946 0.8484894 0
-0.1702674 -0.9845622 0.0405741 0
0.8331171 -0.1658217 -0.5276546 0
-0.3599584 1.577045 0.1616038 1

0.5435062 0.02914296 -0.838899 0
0.1415718 -0.988263 0.0573898 0
-0.8273804 -0.1499562 -0.541253 0
0.3704897 1.546111 0.09994078 1

-0.9706553 0.000635419 -0.2404747 0
-0.2395788 0.08372369 0.9672604 0
0.02074808 0.9964889 -0.08111465 0
-0.3672026 0.01624012 0.3498531 1

-0.8964926 0.001415977 0.4430566 0
0.4396813 0.1260856 0.8892598 0
-0.05460388 0.9920184 -0.1136573 0
0.3246295 0.02172655 0.1880122 1

0.9991598 -0.03455207 -0.02205034 0
0.03622861 0.9960709 0.08080858 0
0.0191716 -0.08153954 0.9964857 0
0.03953623 1.94998 0.4710192 1

0.9991598 -0.03455207 -0.02205034 0
0.03622861 0.9960709 0.08080858 0
0.0191716 -0.08153954 0.9964857 0
0.0005314574 1.816011 0.5138382 1

0.9991598 -0.03455207 -0.02205034 0
0.03622861 0.9960709 0.08080858 0
0.0191716 -0.08153954 0.9964857 0
0.07104672 1.813573 0.5122818 1

0.9991598 -0.03455207 -0.02205034 0
-0.005766675 -0.6511096 0.7589615 0
-0.04058088 -0.7581967 -0.6507617 0
0.03229024 1.774697 0.4173466 1

0.5438315 0.06638983 0.8365643 0
-0.1036563 -0.9839179 0.1454685 0
0.8327681 -0.1658255 -0.5282038 0
-0.4439024 1.091643 0.1816074 1

0.5529786 -0.04557048 -0.8319482 0
0.100078 -0.9876412 0.1206184 0
-0.8271631 -0.1499591 -0.5415841 0
0.4402864 1.058884 0.1282347 1

0.1415718 -0.988263 0.0573898 0
0.8273804 0.1499562 0.541253 0
-0.5435062 -0.02914296 0.838899 0
0.5383874 1.524697 0.1904842 1

0.3686506 0.2532479 0.894406 0
-0.02768622 -0.9587557 0.2828799 0
0.9291557 -0.1290466 -0.3464345 0
-0.4766628 0.7806786 0.2275821 1

0.4427077 -0.2755914 -0.8532637 0
-0.04109105 -0.9568318 0.2877225 0
-0.8957238 -0.09231554 -0.4349212 0
0.4719161 0.7467402 0.166356 1

-0.4996796 0.8608066 0.0966043 0
-0.6809445 -0.3214262 -0.658027 0
-0.5353827 -0.3945847 0.7467718 0
0.555605 1.554316 -0.01887085 1

0.6672032 -0.6427254 -0.3764887 0
-0.7446941 -0.5644014 -0.356205 0
0.01645127 0.51803 -0.8552041 0
0.3264002 1.474813 0.3159855 1

0.3767473 0.6841664 0.6244822 0
0.5292888 -0.7122614 0.4610175 0
0.7602072 0.1568443 -0.630464 0
-0.4114683 0.7344514 0.2927304 1

0.3673738 0.2977409 0.881128 0
0.1242926 -0.9545937 0.2707436 0
0.921731 0.01005358 -0.3876998 0
-0.4550877 0.5917807 0.3414156 1

0.3657865 0.2066576 0.9074652 0
0.2217815 -0.9663026 0.1306597 0
0.903888 0.1534653 -0.3992933 0
-0.483104 0.5569054 0.2934135 1

0.3752834 0.1680079 0.9115568 0
0.2896444 -0.9554445 0.05685177 0
0.8804933 0.2426917 -0.4072251 0
-0.5060056 0.5465314 0.2331115 1

0.3964533 0.1106512 0.9113622 0
0.3521465 -0.9351046 -0.03965392 0
0.8478312 0.3366539 -0.4096907 0
-0.5197847 0.5700782 0.1770448 1

0.3750176 -0.7216068 -0.5819324 0
-0.6030143 -0.6666746 0.4380852 0
-0.7040848 0.1866238 -0.685154 0
0.3987734 0.7038276 0.2250037 1

0.4339569 -0.3330235 -0.837124 0
-0.2327896 -0.9390681 0.252903 0
-0.8703392 0.08512477 -0.4850395 0
0.4312897 0.5598189 0.2782286 1

0.4421619 -0.2327621 -0.8662072 0
-0.3106998 -0.9456961 0.09552286 0
-0.8414026 0.2268938 -0.4904698 0
0.4623201 0.5234195 0.2333137 1

0.4582858 -0.1866564 -0.868984 0
-0.3616357 -0.9322708 0.009530451 0
-0.8119074 0.3098879 -0.4947482 0
0.4905136 0.5116173 0.17557 1

0.4907431 -0.1173567 -0.8633646 0
-0.404746 -0.9081932 -0.1066106 0
-0.7715904 0.4017618 -0.4931892 0
0.5106794 0.534118 0.1210309 1

-0.4996796 0.8608066 0.0966043 0
-0.6809445 -0.3214262 -0.658027 0
-0.5353827 -0.3945847 0.7467718 0
0.4804324 1.518832 -0.09151345 1

0.6672032 -0.6427254 -0.3764887 0
-0.7446941 -0.5644014 -0.356205 0
0.01645127 0.51803 -0.8552041 0
0.2441901 1.412506 0.2766624 1

0.702637 0.2118449 0.6792812 0
0.08385795 -0.9726529 0.2165963 0
0.7065898 -0.09522548 -0.7011867 0
-0.3715787 0.6807721 0.3274747 1

0.378552 0.2614464 0.8878874 0
0.4446482 -0.8927019 0.07328776 0
0.8117799 0.3670542 -0.4541859 0
-0.4457204 0.5198382 0.36182 1

0.3804398 0.1711766 0.9088256 0
0.5272934 -0.8474832 -0.06110533 0
0.7597547 0.5024647 -0.4126768 0
-0.4675868 0.4892969 0.3025554 1

0.3960368 0.1287587 0.9091622 0
0.6210406 -0.7668701 -0.1619223 0
0.6763605 0.6287538 -0.3836732 0
-0.4874432 0.4853005 0.2367548 1

0.4155938 0.07774656 0.9062215 0
0.6263086 -0.7469573 -0.2231425 0
0.6595601 0.6603107 -0.3591241 0
-0.5024606 0.5240747 0.1750941 1

0.7286699 -0.204683 -0.6535631 0
-0.1532445 -0.9788274 0.135694 0
-0.6674996 0.001278741 -0.7446089 0
0.3533282 0.6535847 0.2580194 1

0.4424377 -0.3109958 -0.8411481 0
-0.4676881 -0.8803133 0.07947564 0
-0.7651904 0.3582321 -0.534933 0
0.4137467 0.4890507 0.2972874 1

0.4524026 -0.2110778 -0.8664745 0
-0.5337707 -0.8424315 -0.07347091 0
-0.7144374 0.495737 -0.4937855 0
0.4405805 0.4572491 0.2399974 1

0.4725496 -0.1617165 -0.8663397 0
-0.6110586 -0.7684805 -0.1898557 0
-0.6350623 0.6191008 -0.4619634 0
0.4673362 0.4518684 0.1761808 1

0.5029477 -0.0972227 -0.8588313 0
-0.6019183 -0.752489 -0.2673102 0
-0.6202724 0.6513894 -0.4369828 0
0.4907659 0.4894348 0.1157857 1

0.5775434 0.187953 0.7944289 0
-0.1503976 -0.9319816 0.3298344 0
0.8023866 -0.3099739 -0.5099922 0
-0.365279 0.6077032 0.3437462 1

0.389626 0.243391 0.8882298 0
0.5951371 -0.8025704 -0.04114068 0
0.7028538 0.5446481 -0.4575535 0
-0.412317 0.4527755 0.3673257 1

0.4057613 0.1425731 0.9027905 0
0.7579949 -0.6044047 -0.245232 0
0.5106874 0.7838163 -0.3533138 0
-0.4305921 0.4298378 0.2982682 1

0.4235147 0.1046404 0.8998252 0
0.8097745 -0.4889963 -0.3242658 0
0.4060798 0.8659869 -0.2918323 0
-0.4492476 0.4381358 0.2267963 1

0.4411871 0.05575742 0.8956813 0
0.7993984 -0.4779767 -0.3640062 0
0.4078188 0.876601 -0.2554497 0
-0.4696857 0.4849862 0.1634169 1

0.6140413 -0.1476812 -0.7753343 0
0.1281962 -0.9506332 0.2825987 0
-0.7787932 -0.2729222 -0.5647961 0
0.3418155 0.5800489 0.2682136 1

0.4495803 -0.2994927 -0.8415352 0
-0.5831312 -0.8120655 -0.02252636 0
-0.6766354 0.5008529 -0.5397323 0
0.3786093 0.4229127 0.3032583 1

0.4704422 -0.190153 -0.8616994 0
-0.7333643 -0.627347 -0.26194 0
-0.4907758 0.7551672 -0.4345821 0
0.4031312 0.3981439 0.2348427 1

0.4917274 -0.1438549 -0.8587841 0
-0.7748315 -0.5222829 -0.3561698 0
-0.3972912 0.8405514 -0.3682841 0
0.4297561 0.4046066 0.1645047 1

0.5203481 -0.08093348 -0.8501103 0
-0.7520542 -0.5150241 -0.4112963 0
-0.4045396 0.8533462 -0.3288582 0
0.4592676 0.450057 0.1017973 1

0.5775434 0.187953 0.7944289 0
-0.1503976 -0.9319816 0.3298344 0
0.8023866 -0.3099739 -0.5099922 0
-0.3806382 0.5125257 0.3774301 1

0.389626 0.243391 0.8882298 0
0.5951371 -0.8025704 -0.04114068 0
0.7028538 0.5446481 -0.4575535 0
-0.3515393 0.3708138 0.3631242 1

0.4057613 0.1425731 0.9027905 0
0.7579949 -0.6044047 -0.245232 0
0.5106874 0.7838163 -0.3533138 0
-0.372063 0.3831683 0.2793324 1

0.4235147 0.1046404 0.8998252 0
0.8097745 -0.4889963 -0.3242658 0
0.4060798 0.8659869 -0.2918323 0
-0.3994838 0.408085 0.2068688 1

0.4411871 0.05575742 0.8956813 0
0.7993984 -0.4779767 -0.3640062 0
0.4078188 0.876601 -0.2554497 0
-0.4251452 0.4583547 0.1431354 1

0.6140413 -0.1476812 -0.7753343 0
0.1281962 -0.9506332 0.2825987 0
-0.7787932 -0.2729222 -0.5647961 0
0.3549078 0.4829639 0.2970745 1

0.4495803 -0.2994927 -0.8415352 0
-0.5831312 -0.8120655 -0.02252636 0
-0.6766354 0.5008529 -0.5397323 0
0.3190599 0.3399847 0.300958 1

0.4704422 -0.190153 -0.8616994 0
-0.7333643 -0.627347 -0.26194 0
-0.4907758 0.7551672 -0.4345821 0
0.3465081 0.3497066 0.2146183 1

0.4917274 -0.1438549 -0.8587841 0
-0.7748315 -0.5222829 -0.3561698 0
-0.3972912 0.8405514 -0.3682841 0
0.382135 0.3725073 0.1426145 1

0.5203481 -0.08093348 -0.8501103 0
-0.7520542 -0.5150241 -0.4112963 0
-0.4045396 0.8533462 -0.3288582 0
0.4173705 0.4213652 0.07888403 1

0.9940649 0.005767299 -0.1086362 0
-0.008533544 0.9996507 -0.02501572 0
0.1084539 0.0257943 0.9937668 0
-0.01557613 0.8478348 0.00573997 1

0.9954811 -0.001280799 -0.09495191 0
0.0214127 0.9771844 0.2113108 0
0.09251487 -0.212389 0.972796 0
-0.0166829 0.9856517 0.002931213 1

-0.9853547 0.1120421 -0.1285431 0
-0.1693404 -0.7314472 0.6605372 0
-0.02001456 0.6726308 0.7397076 0
-0.216433 0.7669792 -0.00475153 1

-0.9633979 -0.01052702 0.2678687 0
0.1521404 -0.8441892 0.5140018 0
0.220721 0.5359419 0.8148918 0
0.1791874 0.7692751 -0.04798678 1

0.9940649 0.005768943 -0.1086361 0
0.008535176 -0.9996507 0.02501554 0
-0.1084538 -0.0257943 -0.9937668 0
0.01017032 0.6542162 0.2310486 1

-0.008535203 0.9996507 -0.02501554 0
-0.9940649 -0.005768971 0.1086361 0
0.1084538 0.0257943 0.9937668 0
-0.04691985 0.7860969 -0.2843466 1

0.9955027 -0.01566604 -0.0934296 0
0.03286521 0.982093 0.1855075 0
0.08885039 -0.1877438 0.9781912 0
-0.01410816 1.103152 0.02833994 1

-0.9648571 0.1827066 -0.1888642 0
-0.03066906 -0.7921116 -0.6096057 0
-0.2609805 -0.5823902 0.7698776 0
-0.2812613 0.4869602 0.2481211 1

-0.952198 -0.09732027 0.2895648 0
-0.1513137 -0.6731846 -0.7238279 0
0.2653737 -0.7330425 0.6262791 0
0.2374311 0.4460952 0.1487879 1

0.9940649 0.005768943 -0.1086361 0
0.008535176 -0.9996507 0.02501554 0
-0.1084538 -0.0257943 -0.9937668 0
0.01108899 0.5466206 0.2337411 1

-0.008535203 0.9996507 -0.02501554 0
-0.9940649 -0.005768971 0.1086361 0
0.1084538 0.0257943 0.9937668 0
-0.04561323 0.6330642 -0.2805171 1

0.9953523 -0.02992087 -0.0915346 0
0.04305328 0.9884877 0.1450465 0
0.0861409 -0.1483132 0.9851817 0
-0.008252949 1.27812 0.06138967 1

-0.9704616 -0.01104862 -0.2410038 0
-0.1250124 -0.8313509 0.5415057 0
-0.2063416 0.5556387 0.8054124 0
-0.2912852 0.2280665 0.04887761 1

-0.9000254 0.0002277126 0.4358375 0
0.242521 -0.8306208 0.5012515 0
0.3621297 0.5568388 0.7475244 0
0.1879757 0.2260715 -0.08778812 1

0.9940649 0.005768943 -0.1086361 0
0.008535176 -0.9996507 0.02501554 0
-0.1084538 -0.0257943 -0.9937668 0
0.01226253 0.4091733 0.2371806 1

-0.008535203 0.9996507 -0.02501554 0
-0.9940649 -0.005768971 0.1086361 0
0.1084538 0.0257943 0.9937668 0
-0.04409591 0.4553552 -0.2760701 1

0.9963521 -0.03021832 -0.07980744 0
0.04940264 0.9668051 0.2506934 0
0.06958271 -0.2537216 0.9647713 0
0.01890556 1.647029 0.2361235 1

0.266433 -0.1721718 0.9483514 0
-0.9550906 0.08521286 0.2837967 0
-0.1296735 -0.9813744 -0.1417361 0
-0.1698443 1.524917 0.1244254 1

0.09327737 0.1614188 -0.9824679 0
0.9954173 0.005758973 0.09545299 0
0.02106593 -0.9868691 -0.1601419 0
0.1765281 1.514505 0.09257235 1

-0.9704617 -0.01104798 -0.2410038 0
-0.2409779 0.09241347 0.966121 0
0.01159831 0.9956599 -0.09234622 0
-0.3251632 0.002770483 0.1956258 1

-0.9000263 0.0002284213 0.4358358 0
0.4316438 0.1388318 0.8912966 0
-0.06030426 0.990316 -0.1250508 0
0.2536989 0.0009732246 0.04805098 1

0.9940649 0.005768943 -0.1086361 0
0.008535176 -0.9996507 0.02501554 0
-0.1084538 -0.0257943 -0.9937668 0
0.01347304 0.2673967 0.2407285 1

-0.008535203 0.9996507 -0.02501554 0
-0.9940649 -0.005768971 0.1086361 0
0.1084538 0.0257943 0.9937668 0
-0.04276908 0.2999559 -0.2721813 1

0.999557 -0.02589859 -0.01467152 0
0.02773743 0.9892709 0.1434355 0
0.01079932 -0.1437789 0.989551 0
0.03699439 1.74798 0.4237283 1

0.4493312 -0.1044456 0.8872387 0
-0.2220051 -0.9750427 -0.002350036 0
0.8653411 -0.1959156 -0.4613046 0
-0.3600065 1.541883 0.1809304 1

0.4533133 0.085986 -0.8871941 0
0.1872778 -0.9823069 0.0004856139 0
-0.8714553 -0.166372 -0.4613959 0
0.3747195 1.515652 0.1115774 1

-0.9704617 -0.01104798 -0.2410038 0
-0.2409779 0.09241347 0.966121 0
0.01159831 0.9956599 -0.09234622 0
-0.3652425 0.01814055 0.356311 1

-0.9000263 0.0002284213 0.4358358 0
0.4316438 0.1388318 0.8912966 0
-0.06030426 0.990316 -0.1250508 0
0.3254896 0.02406365 0.1962909 1

0.999557 -0.02589859 -0.01467152 0
0.02773743 0.9892709 0.1434355 0
0.01079932 -0.1437789 0.989551 0
0.04213765 1.891463 0.5208548 1

0.999557 -0.02589859 -0.01467152 0
0.02773743 0.9892709 0.1434355 0
0.01079932 -0.1437789 0.989551 0
0.003792127 1.754793 0.5548179 1

0.999557 -0.02589859 -0.01467152 0
0.02773743 0.9892709 0.1434355 0
0.01079932 -0.1437789 0.989551 0
0.07433546 1.752965 0.5537825 1

0.999557 -0.02589859 -0.01467152 0
-0.007554181 -0.697484 0.7165605 0
-0.02879106 -0.7161322 -0.6973705 0
0.03674253 1.719846 0.4562325 1

0.4881616 0.1124077 0.8654842 0
-0.1175973 -0.9741558 0.1928507 0
0.8647944 -0.1959209 -0.4623267 0
-0.4694579 1.061175 0.1797718 1

0.4845228 -0.1332826 -0.8645655 0
0.08223052 -0.9770094 0.196701 0
-0.8709053 -0.1663998 -0.4624234 0
0.4670499 1.031362 0.1118168 1

0.1872778 -0.9823069 0.0004856139 0
0.8714553 0.166372 0.4613959 0
-0.4533133 -0.085986 0.8871941 0
0.5517262 1.498402 0.1838092 1

0.5771683 0.2837356 0.7657483 0
-0.04840271 -0.9241641 0.3789167 0
0.8151895 -0.2557631 -0.5196649 0
-0.5066244 0.7532952 0.2407215 1

0.5359356 -0.3371193 -0.7740307 0
-0.006023161 -0.9183204 0.3957923 0
-0.8442374 -0.207457 -0.4941912 0
0.4930389 0.7225782 0.1739841 1

-0.5222281 0.8329241 0.1830723 0
-0.7307752 -0.3264114 -0.5995193 0
-0.4395972 -0.4468705 0.7791412 0
0.5462352 1.536802 -0.02475412 1

0.6511624 -0.5968723 -0.4687547 0
-0.7533004 -0.5834537 -0.3035137 0
-0.09233767 0.5507499 -0.829547 0
0.3559021 1.434173 0.3277017 1

0.5517299 0.7018268 0.4505924 0
0.5929719 -0.7100132 0.3798236 0
0.586497 0.05762863 -0.8078988 0
-0.4329832 0.7057565 0.2950228 1

0.575254 0.3488763 0.7398433 0
0.1222335 -0.9309902 0.3439715 0
0.8087903 -0.1074374 -0.5782002 0
-0.4771109 0.5730113 0.3661514 1

0.5731527 0.2373004 0.7843369 0
0.1720768 -0.9706644 0.167929 0
0.8011776 0.03871723 -0.5971729 0
-0.5179436 0.5375779 0.3289689 1

0.584338 0.1807236 0.7911309 0
0.2105439 -0.9752667 0.06727713 0
0.7837223 0.1272553 -0.6079357 0
-0.554374 0.5248775 0.2762434 1

0.6059409 0.1020152 0.7889413 0
0.2365731 -0.9699829 -0.05627314 0
0.7595189 0.2207405 -0.6118864 0
-0.5780452 0.5451522 0.2222397 1

0.4619881 -0.7585129 -0.4595925 0
-0.621003 -0.6466341 0.4429671 0
-0.6331846 0.08076282 -0.7697758 0
0.4177156 0.6812932 0.2310179 1

0.5167587 -0.4261571 -0.74253 0
-0.2693126 -0.9041951 0.3315148 0
-0.8126694 0.02865952 -0.5820201 0
0.4543553 0.5470843 0.3036416 1

0.5341392 -0.2911938 -0.7936634 0
-0.303182 -0.9423387 0.1416997 0
-0.7891619 0.164937 -0.5916246 0
0.4916457 0.5082233 0.2661663 1

0.5611934 -0.2148513 -0.7993129 0
-0.3278419 -0.9444357 0.02368359 0
-0.7599882 0.2487571 -0.6004481 0
0.5257209 0.4920627 0.2128167 1

0.6065495 -0.1070745 -0.7878025 0
-0.3315412 -0.9346867 -0.1282237 0
-0.7226192 0.3389631 -0.6024333 0
0.5493295 0.5096542 0.1578565 1

-0.5222281 0.8329241 0.1830723 0
-0.7307752 -0.3264114 -0.5995193 0
-0.4395972 -0.4468705 0.7791412 0
0.4655617 1.500767 -0.09093781 1

0.6511624 -0.5968723 -0.4687547 0
-0.7533004 -0.5834537 -0.3035137 0
-0.09233767 0.5507499 -0.829547 0
0.2727419 1.369763 0.2941955 1

0.8644394 0.2090499 0.4572119 0
0.06890318 -0.9501286 0.3041514 0
