MeshAnim
1
121
81
30
0.9896965 0.01933414 0.1418699 0
-0.04323172 0.9849477 0.1673587 0
-0.1364987 -0.1717676 0.9756352 0
0.006468951 0.822609 0.0348883 1

0.9998367 0.01429935 -0.0110497 0
-0.01034877 0.9543289 0.2985787 0
0.01481451 -0.2984155 0.9543211 0
0.0004214449 0.958272 0.05858633 1

-0.9683802 -0.1030599 -0.2271974 0
0.1252245 -0.9884489 -0.08536837 0
-0.2157749 -0.1111197 0.9700998 0
-0.1823819 0.7469885 -0.0399988 1

-0.9961878 -0.007958744 -0.08687165 0
-0.06850112 -0.5452375 0.8354782 0
-0.05401504 0.8382439 0.5426137 0
0.2114999 0.7546838 0.01646309 1

0.9896964 0.01933573 0.1418703 0
0.04323334 -0.9849477 -0.1673585 0
0.1364989 0.1717676 -0.9756352 0
-0.01517211 0.5881224 0.2178164 1

-0.04323337 0.9849477 0.1673585 0
-0.9896964 -0.01933576 -0.1418703 0
-0.1364989 -0.1717676 0.9756352 0
0.04884293 0.8196069 -0.260306 1

0.9985606 0.01171212 -0.05234016 0
0.004032657 0.956709 0.2910182 0
0.05348273 -0.2908104 0.9552847 0
-0.0008229264 1.073024 0.09448843 1

-0.9583943 -0.04337174 -0.2821337 0
0.2778284 -0.3685775 -0.8871087 0
-0.06551269 -0.9285847 0.3652924 0
-0.1344424 0.3685819 -0.07268025 1

-0.9948917 0.03715567 0.09386213 0
-0.05930741 -0.96755 -0.2456207 0
0.0816901 -0.2499327 0.9648112 0
0.1852757 0.5459512 0.3363082 1

0.9896964 0.01933573 0.1418703 0
0.04323334 -0.9849477 -0.1673585 0
0.1364989 0.1717676 -0.9756352 0
-0.01051876 0.4821092 0.1998031 1

-0.04323337 0.9849477 0.1673585 0
-0.9896964 -0.01933576 -0.1418703 0
-0.1364989 -0.1717676 0.9756352 0
0.05546137 0.668825 -0.2859263 1

0.9955571 0.009203155 -0.09370907 0
0.01639429 0.9630693 0.2687545 0
0.09272169 -0.2690967 0.9586395 0
-0.0001044748 1.243469 0.1463358 1

-0.9649534 1.81701E-05 -0.2624221 0
-0.1058233 -0.9151143 0.3890597 0
-0.2401391 0.4031947 0.8830442 0
-0.04363686 0.2481161 -0.3626228 1

-0.9420744 0.05772059 0.3304003 0
0.1379409 -0.8312392 0.5385294 0
0.3057259 0.5529101 0.7751272 0
0.1658917 0.2297169 0.2560294 1

0.9896964 0.01933573 0.1418703 0
0.04323334 -0.9849477 -0.1673585 0
0.1364989 0.1717676 -0.9756352 0
-0.004574381 0.3466835 0.176792 1

-0.04323337 0.9849477 0.1673585 0
-0.9896964 -0.01933576 -0.1418703 0
-0.1364989 -0.1717676 0.9756352 0
0.06314701 0.4937297 -0.3156778 1

0.9917585 0.06213567 -0.1120463 0
-0.04253057 0.9846014 0.1695622 0
0.1208568 -0.1633993 0.9791293 0
0.01741385 1.58797 0.3662823 1

0.2158087 -0.2847863 0.9339824 0
-0.9695289 0.05106882 0.2395938 0
-0.1159303 -0.9572297 -0.2650875 0
-0.1682172 1.475804 0.2398922 1

-0.002416387 0.2871286 -0.957889 0
0.9980558 0.06034777 0.01557164 0
0.06227746 -0.9559892 -0.2867163 0
0.1782264 1.479007 0.2072826 1

-0.9649533 1.888722E-05 -0.2624221 0
-0.2617831 0.06967894 0.9626082 0
0.01830349 0.9975694 -0.06723192 0
-0.07231465 0.000120163 -0.2571876 1

-0.9420748 0.05772132 0.3303991 0
0.3310102 0.001090382 0.9436266 0
0.05410708 0.9983323 -0.02013361 0
0.2032736 0.004451215 0.4019709 1

0.9896964 0.01933573 0.1418703 0
0.04323334 -0.9849477 -0.1673585 0
0.1364989 0.1717676 -0.9756352 0
0.001557238 0.2069921 0.1530562 1

-0.04323337 0.9849477 0.1673585 0
-0.9896964 -0.01933576 -0.1418703 0
-0.1364989 -0.1717676 0.9756352 0
0.06986779 0.3406161 -0.3416942 1

0.9527472 0.07123566 -0.2952935 0
-0.05437531 0.9964072 0.06493136 0
0.298858 -0.0458065 0.9531976 0
0.0301557 1.705659 0.5443296 1

0.6443884 0.00264644 0.7646936 0
-0.2013135 -0.9641324 0.1729788 0
0.7377235 -0.2654087 -0.6207429 0
-0.361254 1.485972 0.2875963 1

0.1462493 0.4727758 -0.8689615 0
0.2843299 -0.8614308 -0.4208249 0
-0.9475061 -0.1855264 -0.260408 0
0.3769432 1.491023 0.210383 1

-0.9649533 1.888722E-05 -0.2624221 0
-0.2617831 0.06967894 0.9626082 0
0.01830349 0.9975694 -0.06723192 0
-0.1158543 0.01170909 -0.09708656 1

-0.9420748 0.05772132 0.3303991 0
0.3310102 0.001090382 0.9436266 0
0.05410708 0.9983323 -0.02013361 0
0.2583271 0.004632473 0.5589143 1

0.9527472 0.07123566 -0.2952935 0
-0.05437531 0.9964072 0.06493136 0
0.298858 -0.0458065 0.9531976 0
0.04424717 1.857655 0.626462 1

0.9527472 0.07123566 -0.2952935 0
-0.05437531 0.9964072 0.06493136 0
0.298858 -0.0458065 0.9531976 0
0.03356499 1.721797 0.6787217 1

0.9527472 0.07123566 -0.2952935 0
-0.05437531 0.9964072 0.06493136 0
0.298858 -0.0458065 0.9531976 0
0.1008047 1.726825 0.6578811 1

0.9527472 0.07123566 -0.2952935 0
0.2738 -0.6223894 0.7332563 0
-0.1315535 -0.7794594 -0.6124841 0
0.0422368 1.680905 0.577337 1

0.55486 0.7621489 0.3335556 0
0.38457 -0.5904974 0.7095202 0
0.7377236 -0.2654088 -0.6207428 0
-0.4605042 1.010643 0.372877 1

0.2347383 0.1493582 -0.9605155 0
0.2170948 -0.9712221 -0.09796775 0
-0.9475062 -0.1855262 -0.260408 0
0.5171216 1.066326 0.002910882 1

0.2843299 -0.8614308 -0.4208249 0
0.9475061 0.1855264 0.260408 0
-0.1462493 -0.4727758 0.8689615 0
0.568357 1.489046 0.2246379 1

0.3763696 0.905821 -0.1945097 0
0.6595064 -0.1144946 0.742928 0
0.6506897 -0.4078962 -0.640487 0
-0.338962 0.8240172 0.597119 1

0.2294538 0.1126138 -0.9667829 0
0.2211165 -0.9733443 -0.060899 0
-0.9478705 -0.1997982 -0.2482384 0
0.5857344 0.7593715 -0.02805202 1

-0.5281923 0.591082 0.6096188 0
-0.8395511 -0.2560274 -0.4791704 0
-0.1271499 -0.7649 0.631475 0
0.4948316 1.592821 0.05484951 1

0.5364532 -0.251285 -0.8056511 0
-0.7417634 -0.5956956 -0.3081135 0
-0.4024985 0.7628911 -0.5059568 0
0.4345158 1.339967 0.3764261 1

0.0631777 0.7675887 -0.6378215 0
0.9633026 0.1201574 0.2400214 0
0.2608767 -0.6295791 -0.7318287 0
-0.2435864 0.8630508 0.6005017 1

0.3458992 0.908119 -0.2359525 0
0.6945559 -0.07874868 0.7151157 0
0.6308291 -0.4112403 -0.6579785 0
-0.1721244 0.8537253 0.7399075 1

0.3711551 0.9101909 -0.1838392 0
0.8025516 -0.2148507 0.5565518 0
0.4670704 -0.3541076 -0.8102177 0
-0.1850757 0.7971163 0.770454 1

0.4512154 0.8830076 -0.1292364 0
0.8035007 -0.3389627 0.489378 0
0.3883183 -0.3246565 -0.8624423 0
-0.2131954 0.7385881 0.7776765 1

0.5699174 0.8216959 -0.003142692 0
0.7258533 -0.5016424 0.4706295 0
0.3851379 -0.2705012 -0.8823251 0
-0.2545028 0.6968607 0.7566931 1

0.4158719 -0.4169464 -0.8082118 0
-0.3371171 -0.896071 0.2888055 0
-0.8446317 0.1523558 -0.5132105 0
0.5413328 0.6833206 0.02557324 1

0.2473342 0.06127995 -0.9669905 0
0.1970876 -0.9803159 -0.01171401 0
-0.9486739 -0.1876846 -0.2545433 0
0.6138284 0.5443605 0.01762692 1

0.218507 0.1064242 -0.9700147 0
-0.01507379 -0.9935485 -0.1124019 0
-0.975719 0.03918236 -0.2154931 0
0.6372822 0.5322521 -0.04244358 1

0.2215961 0.2031086 -0.9537516 0
-0.09204841 -0.9693437 -0.2278159 0
-0.9707844 0.1382744 -0.196107 0
0.6498644 0.5456897 -0.10513 1

0.1930188 0.3777703 -0.9055569 0
-0.09277242 -0.9117512 -0.4001288 0
-0.9767995 0.161243 -0.1409385 0
0.6493613 0.5875579 -0.1513281 1

-0.5281923 0.591082 0.6096188 0
-0.8395511 -0.2560274 -0.4791704 0
-0.1271499 -0.7649 0.631475 0
0.4021499 1.564557 0.001951683 1

0.5364532 -0.251285 -0.8056511 0
-0.7417634 -0.5956956 -0.3081135 0
-0.4024985 0.7628911 -0.5059568 0
0.3526292 1.274206 0.3424121 1

0.3353524 0.7462246 -0.5750543 0
0.9089399 -0.09577761 0.4057768 0
0.2477233 -0.6587683 -0.7103924 0
-0.1709876 0.8721065 0.6185906 1

0.3906262 0.896785 -0.2078168 0
0.9005409 -0.3254592 0.2882743 0
0.1908841 -0.299755 -0.9347245 0
-0.1197795 0.8477904 0.7938018 1

0.4113594 0.8960099 -0.1671813 0
0.9086555 -0.3887197 0.1524542 0
0.07161381 -0.2146237 -0.9740676 0
-0.1289243 0.7820842 0.8093938 1

0.4868126 0.8656965 -0.1165454 0
0.8726717 -0.4761684 0.1082027 0
0.03817537 -0.1543802 -0.9872735 0
-0.1617019 0.7168652 0.8090391 1

0.605135 0.7960749 0.008726954 0
0.7951801 -0.6049157 0.04201905 0
0.03872927 -0.01848765 -0.9990786 0
-0.2187937 0.6721818 0.7798462 1

0.5303811 -0.1255976 -0.8384039 0
-0.1843963 -0.9823781 0.03051513 0
-0.8274624 0.1384139 -0.5441947 0
0.5159265 0.6157897 0.04733861 1

0.2497993 0.1039506 -0.9627017 0
-0.3076904 -0.9341687 -0.1807085 0
-0.9181106 0.3413549 -0.2013702 0
0.6286811 0.4704839 0.01674414 1

0.2269024 0.1412418 -0.9636213 0
-0.434486 -0.8708305 -0.229949 0
-0.8716289 0.470856 -0.1362259 0
0.6362275 0.4627333 -0.05030838 1

0.2310213 0.2334065 -0.9445372 0
-0.4663042 -0.8254773 -0.3180373 0
-0.8539261 0.5139151 -0.08186446 0
0.6439651 0.4835646 -0.1197307 1

0.2039348 0.4081292 -0.8898546 0
-0.5003546 -0.7378177 -0.4530681 0
-0.8414605 0.5376393 0.05374261 0
0.6447967 0.5426998 -0.1710144 1

0.2329212 0.7345816 -0.6372891 0
0.8267315 0.1955198 0.5275292 0
0.5121159 -0.6497399 -0.5617608 0
-0.102705 0.8649114 0.649074 1

0.439696 0.8742208 -0.2059265 0
0.8494312 -0.479254 -0.2208665 0
-0.2917773 -0.07780612 -0.9533163 0
-0.05212781 0.8233408 0.8154582 1

0.4262807 0.8892375 -0.1659557 0
0.9014632 -0.4328398 -0.003741458 0
-0.07515934 -0.1480079 -0.9861259 0
-0.06517342 0.7548116 0.8200901 1

0.5161726 0.8482456 -0.1185117 0
0.8189983 -0.5293215 -0.2214965 0
-0.2506143 0.01726964 -0.9679329 0
-0.1080302 0.6875795 0.8156939 1

0.639896 0.7684612 0.000554949 0
0.7061241 -0.587703 -0.3949606 0
-0.3031858 0.2531257 -0.9186975 0
-0.1771818 0.6405264 0.7820451 1

0.5362977 -0.1350091 -0.833161 0
0.06320009 -0.977929 0.1991493 0
-0.8416595 -0.1594592 -0.5159286 0
0.5020734 0.5419871 0.04963114 1

0.2728078 0.1386198 -0.9520294 0
-0.724626 -0.6213262 -0.2981125 0
-0.6328453 0.7711928 -0.06905509 0
0.6055642 0.4002995 0.003167495 1

0.2334785 0.1520924 -0.9603937 0
-0.5667751 -0.7812667 -0.2615122 0
-0.7900974 0.6053845 -0.09620681 0
0.6057439 0.4016356 -0.06644165 1

0.2473388 0.2530808 -0.9352933 0
-0.7170897 -0.6013556 -0.3523555 0
-0.651618 0.7578402 0.03274301 0
0.6152874 0.4327979 -0.13929 1

0.2280187 0.4293812 -0.8738645 0
-0.8082768 -0.4169268 -0.4157656 0
-0.5428593 0.8011267 0.2519916 0
0.6186131 0.5040898 -0.1947234 1

0.2329212 0.7345816 -0.6372891 0
0.8267315 0.1955198 0.5275292 0
0.5121159 -0.6497399 -0.5617608 0
-0.01827595 0.8848785 0.7029474 1

0.439696 0.8742208 -0.2059265 0
0.8494312 -0.479254 -0.2208665 0
-0.2917773 -0.07780612 -0.9533163 0
0.0346194 0.7743974 0.7929024 1

0.4262807 0.8892375 -0.1659557 0
0.9014632 -0.4328398 -0.003741458 0
-0.07515934 -0.1480079 -0.9861259 0
0.00443375 0.7213896 0.8198012 1

0.5161726 0.8482456 -0.1185117 0
0.8189983 -0.5293215 -0.2214965 0
-0.2506143 0.01726964 -0.9679329 0
-0.05769955 0.6550505 0.8020819 1

0.639896 0.7684612 0.000554949 0
0.7061241 -0.587703 -0.3949606 0
-0.3031858 0.2531257 -0.9186975 0
-0.1378383 0.6077811 0.760039 1

0.5362977 -0.1350091 -0.833161 0
0.06320009 -0.977929 0.1991493 0
-0.8416595 -0.1594592 -0.5159286 0
0.5085279 0.442114 0.06996953 1

0.2728078 0.1386198 -0.9520294 0
-0.724626 -0.6213262 -0.2981125 0
-0.6328453 0.7711928 -0.06905509 0
0.5315654 0.3368502 -0.02727565 1

0.2334785 0.1520924 -0.9603937 0
-0.5667751 -0.7812667 -0.2615122 0
-0.7900974 0.6053845 -0.09620681 0
0.5619832 0.3413143 -0.08663299 1

0.2473388 0.2530808 -0.9352933 0
-0.7170897 -0.6013556 -0.3523555 0
-0.651618 0.7578402 0.03274301 0
0.571215 0.3958383 -0.1609458 1

0.2280187 0.4293812 -0.8738645 0
-0.8082768 -0.4169268 -0.4157656 0
-0.5428593 0.8011267 0.2519916 0
0.5735841 0.4808628 -0.2178857 1

0.9755099 0.009460006 0.2197521 0
-0.03842738 0.9910396 0.1279216 0
-0.2165729 -0.1332333 0.9671324 0
0.01229648 0.8009574 0.04040145 1

0.9998769 0.00418635 0.01512644 0
-0.008233756 0.9604124 0.2784605 0
-0.01336189 -0.2785507 0.9603286 0
0.006859713 0.9374849 0.05865765 1

-0.9346278 -0.06972887 -0.3487248 0
0.05844832 -0.9973735 0.04277956 0
-0.3507918 0.01960062 0.9362483 0
-0.171364 0.7254999 -0.04658228 1

-0.9853773 -0.02100593 -0.169088 0
-0.1350741 -0.5086001 0.8503419 0
-0.1038603 0.8607468 0.4983253 0
0.2168718 0.7292655 0.04087533 1

0.9755098 0.009461616 0.2197524 0
0.03842898 -0.9910396 -0.1279213 0
0.216573 0.1332333 -0.9671324 0
-0.02805521 0.5737991 0.2293085 1

-0.03842901 0.9910396 0.1279213 0
-0.9755098 -0.009461643 -0.2197524 0
-0.216573 -0.1332333 0.9671324 0
0.07789346 0.7863243 -0.250162 1

0.9991882 0.005952554 -0.0398435 0
0.005117342 0.9622579 0.2720914 0
0.03995936 -0.2720745 0.9614462 0
0.00586966 1.052968 0.09214067 1

-0.9228114 -0.05406374 -0.3814399 0
0.3790677 -0.3041183 -0.8739679 0
-0.06875285 -0.9510991 0.3011375 0
-0.1489883 0.3436767 -0.03020501 1

-0.9999532 0.004062071 -0.008799359 0
-0.0007665902 -0.9382319 -0.3460068 0
-0.009661272 -0.345984 0.9381909 0
0.1651615 0.5345588 0.3664106 1

0.9755098 0.009461616 0.2197524 0
0.03842898 -0.9910396 -0.1279213 0
0.216573 0.1332333 -0.9671324 0
-0.02391898 0.4671304 0.2155399 1

-0.03842901 0.9910396 0.1279213 0
-0.9755098 -0.009461643 -0.2197524 0
-0.216573 -0.1332333 0.9671324 0
0.08377641 0.6346098 -0.269745 1

0.9954644 0.007790105 -0.09481564 0
0.01633261 0.9678509 0.2509945 0
0.09372263 -0.2514046 0.9633336 0
0.006781355 1.224403 0.1406161 1

-0.8954641 0.06069578 -0.4409766 0
-0.2542707 -0.8828755 0.3948132 0
-0.365364 0.4656685 0.8060162 0
-0.02509373 0.2442787 -0.3158526 1

-0.942513 0.06126521 0.3285058 0
0.1333655 -0.8324068 0.5378784 0
0.3064038 0.5507686 0.7763833 0
0.1649109 0.2279068 0.2533218 1

0.9755098 0.009461616 0.2197524 0
0.03842898 -0.9910396 -0.1279213 0
0.216573 0.1332333 -0.9671324 0
-0.01863518 0.3308671 0.1979514 1

-0.03842901 0.9910396 0.1279213 0
-0.9755098 -0.009461643 -0.2197524 0
-0.216573 -0.1332333 0.9671324 0
0.09060799 0.4584315 -0.2924857 1

0.9932027 0.05312086 -0.1035693 0
-0.03546247 0.9855836 0.1654315 0
0.1108641 -0.1606342 0.980768 0
0.02439544 1.572892 0.3541775 1

0.230407 -0.266937 0.9357655 0
-0.9657481 0.05521167 0.2535392 0
-0.1193442 -0.9621313 -0.2450728 0
-0.1613188 1.458365 0.2300479 1

-0.039827 0.271476 -0.9616209 0
0.9957952 0.09024148 -0.01576622 0
0.08249798 -0.9582053 -0.2739285 0
0.1850925 1.461076 0.1970532 1

-0.895464 0.06069642 -0.4409767 0
-0.4326535 0.1142647 0.89429 0
0.1046683 0.9915948 -0.0760594 0
-0.09400079 0.005019426 -0.2088581 1

-0.9425817 0.06010419 0.3285235 0
0.3290031 -0.002022891 0.9443268 0
0.05742258 0.9981904 -0.01786784 0
0.201053 0.002324581 0.3990868 1

0.9755098 0.009461616 0.2197524 0
0.03842898 -0.9910396 -0.1279213 0
0.216573 0.1332333 -0.9671324 0
-0.01318494 0.1903117 0.1798088 1

-0.03842901 0.9910396 0.1279213 0
-0.9755098 -0.009461643 -0.2197524 0
-0.216573 -0.1332333 0.9671324 0
0.09658191 0.3043709 -0.3123715 1

0.9723076 0.07214963 -0.2222889 0
-0.05200282 0.9940993 0.09519663 0
0.2278456 -0.08100076 0.9703222 0
0.0366006 1.691157 0.5318804 1

0.6759551 0.08973258 0.7314594 0
-0.2042843 -0.9308459 0.3029753 0
0.7080628 -0.3542234 -0.6108791 0
-0.353603 1.469358 0.2805285 1

-0.05886064 0.4987261 -0.8647586 0
0.2908491 -0.8201104 -0.4927734 0
-0.9549567 -0.2805192 -0.09678179 0
0.3833592 1.479044 0.1939141 1

-0.895464 0.06069642 -0.4409767 0
-0.4326535 0.1142647 0.89429 0
0.1046683 0.9915948 -0.0760594 0
-0.1659596 0.02402389 -0.06011972 1

-0.9425817 0.06010419 0.3285235 0
0.3290031 -0.002022891 0.9443268 0
0.05742258 0.9981904 -0.01786784 0
0.2557726 0.001988173 0.5561466 1

0.9723076 0.07214963 -0.2222889 0
-0.05200282 0.9940993 0.09519663 0
0.2278456 -0.08100076 0.9703222 0
0.04569814 1.840135 0.6200283 1

0.9723076 0.07214963 -0.2222889 0
-0.05200282 0.9940993 0.09519663 0
0.2278456 -0.08100076 0.9703222 0
0.03026137 1.702688 0.6666399 1

0.9723076 0.07214963 -0.2222889 0
-0.05200282 0.9940993 0.09519663 0
0.2278456 -0.08100076 0.9703222 0
0.09888156 1.70778 0.6509518 1

0.9723076 0.07214963 -0.2222889 0
0.2149378 -0.6495156 0.7293362 0
-0.09175871 -0.7569175 -0.6470365 0
0.04605556 1.665183 0.5648064 1

0.6003891 0.7573786 0.2567317 0
0.3717262 -0.5485472 0.7489432 0
0.7080628 -0.3542234 -0.6108791 0
-0.4543177 1.010439 0.4298993 1

0.06521599 0.1197748 -0.9906568 0
0.28949 -0.9523463 -0.09608538 0
-0.9549567 -0.2805189 -0.0967818 0
0.5267516 1.074719 -0.04902956 1

0.2908491 -0.8201104 -0.4927734 0
0.9549567 0.2805192 0.09678179 0
0.05886064 -0.4987261 0.8647586 0
0.5734665 1.497065 0.1744004 1

0.3750004 0.8926083 -0.2502506 0
0.6933284 -0.09085898 0.7148709 0
0.6153622 -0.4415827 -0.6529428 0
-0.3368348 0.8370715 0.6666009 1

-0.004145905 0.07725372 -0.997003 0
0.3682718 -0.9268205 -0.07334688 0
-0.9297089 -0.3674721 -0.02460784 0
0.6182449 0.7737296 -0.07939754 1

-0.4687116 0.5226938 0.7121103 0
-0.8809577 -0.3358979 -0.333296 0
0.0649846 -0.7835587 0.6179103 0
0.4608634 1.595069 0.02367169 1

0.4076275 -0.1809824 -0.8950337 0
-0.7205054 -0.6659083 -0.1934901 0
-0.5609918 0.7237487 -0.4018412 0
0.4844663 1.332402 0.3421583 1

0.03648814 0.7275985 -0.6850325 0
0.9721761 0.1328784 0.1929175 0
0.2313923 -0.6730116 -0.7025051 0
-0.241048 0.8751317 0.6637907 1

0.3399357 0.8935575 -0.2932558 0
0.7275397 -0.05227268 0.6840714 0
0.5959278 -0.4458956 -0.667868 0
-0.1630638 0.8708209 0.7999071 1

0.3678664 0.8982561 -0.2404388 0
0.8317237 -0.202218 0.5170525 0
0.4158245 -0.3901849 -0.8214902 0
-0.1750591 0.8156853 0.8333969 1

0.4551524 0.8706251 -0.1866781 0
0.8263757 -0.3349597 0.4526647 0
0.3315716 -0.3602977 -0.8719211 0
-0.2033425 0.7578307 0.8444127 1

0.5866719 0.8076668 -0.05908612 0
0.7396117 -0.5046617 0.4452986 0
0.3298344 -0.3049451 -0.8934305 0
-0.2459961 0.7157342 0.8271984 1

0.3004946 -0.4039652 -0.8640111 0
-0.1098098 -0.9145068 0.3893836 0
-0.9474413 -0.02213072 -0.3191637 0
0.6001006 0.6956376 -0.01456436 1

0.02138503 0.03095856 -0.9992919 0
0.3570122 -0.9338571 -0.02129123 0
-0.9338549 -0.356304 -0.03102314 0
0.6921976 0.5699677 -0.03337901 1

-0.01398173 0.07100986 -0.9973776 0
0.1426814 -0.987126 -0.07228009 0
-0.9896699 -0.1433178 0.003669918 0
0.7040931 0.5574449 -0.0966786 1

-0.02479759 0.1652928 -0.9859328 0
0.03983735 -0.9852893 -0.1661869 0
-0.9988985 -0.04339803 0.01784797 0
0.700554 0.5681234 -0.1610363 1

-0.07207491 0.335894 -0.9391382 0
-0.005526312 -0.9417071 -0.3363886 0
-0.9973841 -0.0190552 0.06972975 0
0.6830087 0.6058792 -0.2074488 1

-0.4687116 0.5226938 0.7121103 0
-0.8809577 -0.3358979 -0.333296 0
0.0649846 -0.7835587 0.6179103 0
0.3636106 1.557988 -0.01312241 1

0.4076275 -0.1809824 -0.8950337 0
-0.7205054 -0.6659083 -0.1934901 0
-0.5609918 0.7237487 -0.4018412 0
0.4049265 1.25889 0.320798 1

0.3086097 0.7215067 -0.6198297 0
0.9272166 -0.08281605 0.3652547 0
0.2122018 -0.6874374 -0.6945506 0
-0.1677803 0.8851461 0.6783298 1

0.3877768 0.8824549 -0.2662769 0
0.9131903 -0.3285094 0.2411749 0
0.1253514 -0.3366837 -0.9332372 0
-0.1082331 0.8668815 0.8514618 1

0.4103841 0.8836129 -0.2254191 0
0.9119096 -0.3982943 0.09890551 0
-0.002388909 -0.2461511 -0.9692287 0
-0.1168666 0.8015369 0.8695731 1

0.4925615 0.8524174 -0.1754083 0
0.8695164 -0.4904593 0.0582317 0
-0.03639275 -0.1812032 -0.9827722 0
-0.1503831 0.7363643 0.8734224 1

0.6232191 0.7805504 -0.04837069 0
0.7814852 -0.6239237 0.0006748438 0
-0.02965274 -0.03822161 -0.9988293 0
-0.2096101 0.6909068 0.8491054 1

0.3532172 -0.09671389 -0.9305291 0
-0.001170297 -0.9946872 0.1029379 0
-0.9355407 -0.03527035 -0.3514537 0
0.5918252 0.6267172 0.01478089 1

0.0170248 0.07219093 -0.9972456 0
-0.1540698 -0.9852885 -0.07395555 0
-0.9879134 0.1549045 -0.005651936 0
0.7191018 0.4995924 -0.03498347 1

-0.01179723 0.1041924 -0.9944872 0
-0.2707225 -0.9577446 -0.09713136 0
-0.9625853 0.2680841 0.03950596 0
0.7140765 0.4883756 -0.101736 1

-0.02028425 0.1947901 -0.9806353 0
-0.3323435 -0.9263747 -0.1771374 0
-0.9429403 0.3223147 0.08352803 0
0.7031071 0.5049764 -0.1716872 1

-0.06515795 0.3661827 -0.9282591 0
-0.4058237 -0.8595569 -0.3105945 0
-0.9116258 0.3564719 0.2046125 0
0.6827367 0.5595472 -0.2239992 1

0.1883114 0.7111394 -0.6773626 0
0.8528388 0.2236223 0.4718679 0
0.487037 -0.6665391 -0.5643766 0
-0.09812482 0.8789246 0.705769 1

0.438272 0.8581825 -0.2672849 0
0.8185552 -0.5039167 -0.2757453 0
-0.3713291 -0.09793619 -0.9233221 0
-0.03963125 0.8422027 0.8695797 1

0.4254065 0.8765703 -0.2250651 0
0.8924594 -0.4475918 -0.05637352 0
-0.1501526 -0.1768799 -0.9727117 0
-0.05288745 0.7735928 0.8765123 1

0.5224519 0.8335898 -0.1793672 0
0.7860522 -0.5523701 -0.2775062 0
-0.3304032 0.00399163 -0.9438314 0
-0.09690545 0.7061998 0.8770039 1

0.6577666 0.750906 -0.059025 0
0.6563807 -0.6098741 -0.4440929 0
-0.3694696 0.2533666 -0.8940346 0
-0.1687149 0.6582568 0.8491406 1

0.3686951 -0.1031133 -0.9238137 0
0.2913852 -0.9309176 0.2201983 0
-0.8826997 -0.3503717 -0.313179 0
0.5917373 0.5519898 0.02251427 1

0.03097977 0.1063531 -0.9938457 0
-0.5787776 -0.8087509 -0.1045872 0
-0.8148968 0.5784559 0.03649995 0
0.7075267 0.4255675 -0.04053977 1

-0.007232785 0.1164126 -0.9931746 0
-0.4232235 -0.9002162 -0.1024345 0
-0.9059964 0.4195939 0.05577959 0
0.6950826 0.4211802 -0.1085508 1

-0.009508446 0.2149216 -0.9765851 0
-0.5872625 -0.791662 -0.1685068 0
-0.8093407 0.5719094 0.1337428 0
0.6826681 0.4480042 -0.1825811 1

-0.04720126 0.3901643 -0.9195346 0
-0.7232286 -0.6483172 -0.2379604 0
-0.6889936 0.6538019 0.3127793 0
0.6615 0.5145665 -0.2402526 1

0.1883114 0.7111394 -0.6773626 0
0.8528388 0.2236223 0.4718679 0
0.487037 -0.6665391 -0.5643766 0
-0.01102969 0.9017618 0.7539578 1

0.438272 0.8581825 -0.2672849 0
0.8185552 -0.5039167 -0.2757453 0
-0.3713291 -0.09793619 -0.9233221 0
0.04396273 0.7907408 0.8414196 1

0.4254065 0.8765703 -0.2250651 0
0.8924594 -0.4475918 -0.05637352 0
-0.1501526 -0.1768799 -0.9727117 0
0.01602444 0.7390316 0.8721592 1

0.5224519 0.8335898 -0.1793672 0
0.7860522 -0.5523701 -0.2775062 0
-0.3304032 0.00399163 -0.9438314 0
-0.04859936 0.6722544 0.8599502 1

0.6577666 0.750906 -0.059025 0
0.6563807 -0.6098741 -0.4440929 0
-0.3694696 0.2533666 -0.8940346 0
-0.1321429 0.624276 0.8243969 1

0.3686951 -0.1031133 -0.9238137 0
0.2913852 -0.9309176 0.2201983 0
-0.8826997 -0.3503717 -0.313179 0
0.6214954 0.4569181 0.04500239 1

0.03097977 0.1063531 -0.9938457 0
-0.5787776 -0.8087509 -0.1045872 0
-0.8148968 0.5784559 0.03649995 0
0.6484219 0.342978 -0.05122022 1

-0.007232785 0.1164126 -0.9931746 0
-0.4232235 -0.9002162 -0.1024345 0
-0.9059964 0.4195939 0.05577959 0
0.6624056 0.3516745 -0.1164598 1

-0.009508446 0.2149216 -0.9765851 0
-0.5872625 -0.791662 -0.1685068 0
-0.8093407 0.5719094 0.1337428 0
0.6465749 0.3993486 -0.1929377 1

-0.04720126 0.3901643 -0.9195346 0
-0.7232286 -0.6483172 -0.2379604 0
-0.6889936 0.6538019 0.3127793 0
0.621209 0.4784487 -0.2535093 1

0.9552865 0.0006556679 0.295681 0
-0.02810764 0.9956704 0.08860232 0
-0.2943428 -0.09295149 0.951169 0
0.01837099 0.7850618 0.04964482 1

0.9992219 -0.005893323 0.03899972 0
-0.00435067 0.9662726 0.2574849 0
-0.03920186 -0.2574542 0.965495 0
0.01430673 0.9222536 0.06247063 1

-0.8838992 -0.04477034 -0.4655294 0
-0.01805706 -0.9913982 0.1296284 0
-0.4673286 0.1229846 0.8754877 0
-0.1594118 0.7096097 -0.04880026 1

-0.9698617 -0.03441778 -0.2412132 0
-0.1947783 -0.4852622 0.852398 0
-0.1463893 0.8736911 0.4639332 0
0.2207754 0.7098712 0.0688757 1

0.9552864 0.0006572903 0.2956813 0
0.02810921 -0.9956704 -0.08860184 0
0.2943429 0.09295149 -0.9511689 0
-0.04128031 0.5659107 0.2428533 1

-0.02810924 0.9956704 0.08860183 0
-0.9552864 -0.000657318 -0.2956813 0
-0.2943429 -0.09295149 0.9511689 0
0.1062163 0.7583642 -0.2341062 1

0.9995555 -0.0001212601 -0.02981287 0
0.007637337 0.9676642 0.2521263 0
0.02881822 -0.2522419 0.967235 0
0.01378359 1.038441 0.09343147 1

-0.8674585 -0.05955553 -0.493932 0
0.4891798 -0.283015 -0.8249883 0
-0.09065758 -0.9572647 0.2746372 0
-0.1663245 0.330074 0.0008252449 1

-0.9954953 -0.02479192 -0.09151347 0
0.06201085 -0.9003928 -0.4306364 0
-0.07172179 -0.4343713 0.8978741 0
0.1462087 0.5240989 0.3951981 1

0.9552864 0.0006572903 0.2956813 0
0.02810921 -0.9956704 -0.08860184 0
0.2943429 0.09295149 -0.9511689 0
-0.03825483 0.4587435 0.2333168 1

-0.02810924 0.9956704 0.08860183 0
-0.9552864 -0.000657318 -0.2956813 0
-0.2943429 -0.09295149 0.9511689 0
0.1105195 0.6059408 -0.2476699 1

0.9951168 0.005779587 -0.09853482 0
0.01732777 0.9725518 0.2320408 0
0.09717131 -0.2326151 0.9677024 0
0.01514425 1.210839 0.1383499 1

-0.782565 0.1128176 -0.6122615 0
-0.3999321 -0.8447878 0.3555115 0
-0.4771231 0.5230738 0.7062206 0
-0.006440934 0.2375734 -0.2688138 1

-0.9431542 0.06263746 0.3263998 0
0.1322531 -0.830245 0.5414819 0
0.3049088 0.5538683 0.774765 0
0.1664763 0.2298144 0.2544489 1

0.9552864 0.0006572903 0.2956813 0
0.02810921 -0.9956704 -0.08860184 0
0.2943429 0.09295149 -0.9511689 0
-0.03438994 0.3218434 0.2211345 1

-0.02810924 0.9956704 0.08860183 0
-0.9552864 -0.000657318 -0.2956813 0
-0.2943429 -0.09295149 0.9511689 0
0.1155165 0.4289394 -0.2634208 1

0.994072 0.04370691 -0.09955144 0
-0.0272797 0.9866164 0.1607609 0
0.1052454 -0.1570922 0.9819601 0
0.03356066 1.563418 0.3450204 1

0.2471032 -0.2483678 0.9366182 0
-0.9608253 0.06240417 0.2700377 0
-0.1255175 -0.9666536 -0.2232177 0
-0.1526106 1.446526 0.2238142 1

-0.07619679 0.2537854 -0.9642548 0
0.991746 0.119306 -0.04696861 0
0.1031215 -0.9598746 -0.2607814 0
0.1936798 1.448538 0.1895252 1

-0.7825649 0.1128183 -0.6122615 0
-0.5950761 0.1534743 0.7888792 0
0.1829664 0.9816914 -0.05296821 0
-0.1148223 0.008635819 -0.1724701 1

-0.9432148 0.06160561 0.3264212 0
0.3273428 0.005226186 0.9448913 0
0.05650478 0.9980869 -0.0250956 0
0.2023169 0.004818082 0.4011905 1

0.9552864 0.0006572903 0.2956813 0
0.02810921 -0.9956704 -0.08860184 0
0.2943429 0.09295149 -0.9511689 0
-0.03040332 0.1806313 0.2085684 1

-0.02810924 0.9956704 0.08860183 0
-0.9552864 -0.000657318 -0.2956813 0
-0.2943429 -0.09295149 0.9511689 0
0.1198862 0.2741588 -0.2771942 1

0.9843926 0.07027189 -0.1613477 0
-0.05028358 0.9909086 0.1247877 0
0.1686499 -0.114727 0.9789766 0
0.04607653 1.682388 0.5222303 1

0.7087814 0.1699555 0.6846489 0
-0.2109421 -0.8750733 0.4356035 0
0.6731511 -0.4531689 -0.5843847 0
-0.3439146 1.458951 0.2775797 1

-0.2567566 0.5029388 -0.8253053 0
0.273979 -0.7810253 -0.561191 0
-0.9268288 -0.3702057 0.06273869 0
0.3911403 1.472292 0.1801736 1

-0.7825649 0.1128183 -0.6122615 0
-0.5950761 0.1534743 0.7888792 0
0.1829664 0.9816914 -0.05296821 0
-0.2137952 0.03416175 -0.04126359 1

-0.9432148 0.06160561 0.3264212 0
0.3273428 0.005226186 0.9448913 0
0.05650478 0.9980869 -0.0250956 0
0.2567603 0.005687237 0.5583442 1

0.9843926 0.07027189 -0.1613477 0
-0.05028358 0.9909086 0.1247877 0
0.1686499 -0.114727 0.9789766 0
0.05097078 1.828321 0.6156487 1

0.9843926 0.07027189 -0.1613477 0
-0.05028358 0.9909086 0.1247877 0
0.1686499 -0.114727 0.9789766 0
0.0317535 1.689577 0.656679 1

0.9843926 0.07027189 -0.1613477 0
-0.05028358 0.9909086 0.1247877 0
0.1686499 -0.114727 0.9789766 0
0.1012266 1.694537 0.6452917 1

0.9843926 0.07027189 -0.1613477 0
0.1660222 -0.6749349 0.7189572 0
-0.05837674 -0.7345234 -0.6760677 0
0.05334832 1.655267 0.5547838 1

0.6524711 0.735902 0.1809148 0
0.3480649 -0.5030774 0.7910526 0
0.6731511 -0.4531688 -0.5843849 0
-0.4479118 1.027528 0.4923378 1

-0.09525347 0.0701929 -0.9929754 0
0.3632011 -0.9262942 -0.1003202 0
-0.9268289 -0.3702055 0.06273857 0
0.5262156 1.087236 -0.09650086 1

0.273979 -0.7810253 -0.561191 0
0.9268288 0.3702057 -0.06273869 0
0.2567566 -0.5029388 0.8253053 0
0.5723028 1.508901 0.1283439 1

0.3946608 0.86702 -0.3041698 0
0.7192645 -0.08552885 0.6894516 0
0.5717531 -0.490878 -0.6573715 0
-0.3379068 0.8685319 0.7423478 1

-0.251711 0.01173221 -0.9677315 0
0.5174666 -0.8433599 -0.1448198 0
-0.8178447 -0.5372213 0.206212 0
0.6410052 0.794481 -0.1282073 1

-0.3819155 0.4647038 0.798869 0
-0.8909798 -0.4147942 -0.1846645 0
0.2455519 -0.7823021 0.572458 0
0.4262381 1.597682 0.002700444 1

0.2580396 -0.1279399 -0.9576258 0
-0.6784397 -0.7296843 -0.08532423 0
-0.6878483 0.6717088 -0.2750868 0
0.5300125 1.334029 0.3038688 1

0.02863577 0.6826638 -0.7301716 0
0.9811359 0.1205185 0.1511549 0
0.1911871 -0.720726 -0.6663344 0
-0.241069 0.902943 0.7339873 1

0.3559591 0.8674581 -0.3475774 0
0.7536967 -0.04660117 0.6555684 0
0.5524805 -0.4953233 -0.6703881 0
-0.157619 0.9015846 0.8668861 1

0.3855318 0.8741934 -0.2952146 0
0.8504015 -0.2125008 0.4813113 0
0.3580258 -0.4366118 -0.8253409 0
-0.1700862 0.8483894 0.903221 1

0.479219 0.8436767 -0.2419901 0
0.8353469 -0.3538103 0.4207302 0
0.2693419 -0.4037675 -0.8743151 0
-0.1998571 0.7921168 0.9179025 1

0.6215014 0.7753075 -0.1124046 0
0.7351041 -0.5275375 0.4258244 0
0.2708472 -0.3472793 -0.8977967 0
-0.2446223 0.7509014 0.9042957 1

0.1652052 -0.3953922 -0.9035335 0
0.165904 -0.891926 0.4206471 0
-0.9722054 -0.2193928 -0.08175373 0
0.654349 0.7186368 -0.05964698 1

-0.2194679 -0.02776784 -0.9752249 0
0.5200398 -0.84908 -0.09285545 0
-0.8254652 -0.5275342 0.2007862 0
0.7625825 0.6116827 -0.09805264 1

-0.2600173 0.005629295 -0.9655877 0
0.3227887 -0.9419489 -0.0924134 0
-0.9100542 -0.3357097 0.2431059 0
0.7616359 0.597645 -0.1621402 1

-0.2863273 0.09406796 -0.953503 0
0.2032703 -0.9665517 -0.1563954 0
-0.9363216 -0.238599 0.257629 0
0.7411434 0.6033621 -0.2239127 1

-0.3540946 0.2551298 -0.8997368 0
0.1135137 -0.9432313 -0.3121369 0
-0.928295 -0.2126583 0.3050325 0
0.7061259 0.6341068 -0.2653374 1

-0.3819155 0.4647038 0.798869 0
-0.8909798 -0.4147942 -0.1846645 0
0.2455519 -0.7823021 0.572458 0
0.3278787 1.551891 -0.01768553 1

0.2580396 -0.1279399 -0.9576258 0
-0.6784397 -0.7296843 -0.08532423 0
-0.6878483 0.6717088 -0.2750868 0
0.4551165 1.253476 0.2944495 1

0.3010782 0.6871849 -0.6611575 0
0.9393359 -0.09424917 0.3297957 0
0.1643171 -0.7203433 -0.6738735 0
-0.1671262 0.9120258 0.7453791 1

0.4065229 0.8551586 -0.321626 0
0.9119762 -0.3585683 0.1993195 0
0.05512488 -0.3743431 -0.9256503 0
-0.100817 0.8980724 0.9162928 1

0.4298677 0.8578172 -0.281716 0
0.8995103 -0.4338571 0.05147147 0
-0.07807115 -0.2755321 -0.9581162 0
-0.1105869 0.8335215 0.9368967 1

0.5178359 0.8234217 -0.2319977 0
0.8483131 -0.5292847 0.01492466 0
-0.1105035 -0.2045352 -0.9726019 0
-0.1463226 0.7694424 0.9448656 1

0.6584908 0.7455616 -0.1026074 0
0.7468222 -0.6641892 -0.03331524 0
-0.09298918 -0.05469156 -0.9941639 0
-0.2084581 0.7249485 0.9252446 1

0.1371858 -0.08442917 -0.9869407 0
0.219307 -0.9690456 0.1133821 0
-0.9659631 -0.2319974 -0.1144234 0
0.6668521 0.6514182 -0.0279456 1

-0.2312666 0.0106678 -0.9728321 0
0.04715497 -0.998642 -0.02216081 0
-0.9717472 -0.05099889 0.2304495 0
0.8017728 0.5476961 -0.1050502 1

-0.264331 0.03539979 -0.9637823 0
-0.04157616 -0.9988154 -0.02528363 0
-0.9635357 0.03338715 0.2654898 0
0.7842213 0.5317367 -0.1686063 1

-0.2873563 0.1211937 -0.9501257 0
-0.1291366 -0.987808 -0.0869442 0
-0.9490786 0.0977121 0.2995034 0
0.754171 0.5414158 -0.2339362 1

-0.3521715 0.2837288 -0.8918933 0
-0.2407162 -0.9483442 -0.2066383 0
-0.9044507 0.141921 0.4022778 0
0.7117107 0.5876999 -0.2806945 1

0.1622982 0.6817403 -0.7133651 0
0.8789371 0.2286998 0.4185286 0
0.4484743 -0.6949293 -0.562089 0
-0.09656017 0.9049454 0.7701547 1

0.4575454 0.8275166 -0.325375 0
0.7688124 -0.5520147 -0.3228119 0
-0.446744 -0.1024512 -0.8887765 0
-0.03230628 0.8711355 0.9312663 1

0.4446743 0.8500974 -0.2821345 0
0.8673055 -0.4873353 -0.1014194 0
-0.2237103 -0.1995983 -0.9539992 0
-0.04747764 0.8030822 0.9405079 1

0.5475607 0.8022562 -0.2378288 0
0.7333902 -0.596969 -0.3252184 0
-0.4028848 0.003655617 -0.9152434 0
-0.09414911 0.7368899 0.9457835 1

0.6917847 0.7128004 -0.11554 0
0.5870546 -0.6483299 -0.4848047 0
-0.4204771 0.2675524 -0.8669572 0
-0.1693767 0.6901915 0.9235012 1

0.1619169 -0.08431572 -0.9831958 0
0.5315865 -0.8319674 0.1588907 0
-0.8313839 -0.5483806 -0.08988847 0
0.6833278 0.578617 -0.01942754 1

-0.22684 0.04123063 -0.9730591 0
-0.3284779 -0.9438032 0.03658395 0
-0.9168676 0.327927 0.2276357 0
0.8053156 0.4726679 -0.1067152 1

-0.2627326 0.04843958 -0.9636523 0
-0.200906 -0.9795951 0.005534511 0
-0.9437207 0.1950576 0.2671033 0
0.7813044 0.4616599 -0.1703802 1

-0.2827806 0.1394929 -0.9489875 0
-0.3517781 -0.9355125 -0.03268884 0
-0.8923494 0.3245894 0.3136154 0
0.7462291 0.4806657 -0.2392832 1

-0.3420009 0.3075076 -0.887961 0
-0.5264991 -0.8454002 -0.08998583 0
-0.7783538 0.4367354 0.4510301 0
0.6991141 0.5380729 -0.2915079 1

0.1622982 0.6817403 -0.7133651 0
0.8789371 0.2286998 0.4185286 0
0.4484743 -0.6949293 -0.562089 0
-0.006799769 0.9283011 0.8128962 1

0.4575454 0.8275166 -0.325375 0
0.7688124 -0.5520147 -0.3228119 0
-0.446744 -0.1024512 -0.8887765 0
0.04620774 0.8147618 0.8982993 1

0.4446743 0.8500974 -0.2821345 0
0.8673055 -0.4873353 -0.1014194 0
-0.2237103 -0.1995983 -0.9539992 0
0.01949196 0.7654523 0.9326766 1

0.5475607 0.8022562 -0.2378288 0
0.7333902 -0.596969 -0.3252184 0
-0.4028848 0.003655617 -0.9152434 0
-0.04907935 0.7002037 0.9257974 1

0.6917847 0.7128004 -0.11554 0
0.5870546 -0.6483299 -0.4848047 0
-0.4204771 0.2675524 -0.8669572 0
-0.1366675 0.6540681 0.896489 1

0.1619169 -0.08431572 -0.9831958 0
0.5315865 -0.8319674 0.1588907 0
-0.8313839 -0.5483806 -0.08988847 0
0.7376171 0.4936509 -0.003200505 1

-0.22684 0.04123063 -0.9730591 0
-0.3284779 -0.9438032 0.03658395 0
-0.9168676 0.327927 0.2276357 0
0.7717714 0.3762869 -0.1029792 1

-0.2627326 0.04843958 -0.9636523 0
-0.200906 -0.9795951 0.005534511 0
-0.9437207 0.1950576 0.2671033 0
0.7657924 0.3860254 -0.1699529 1

-0.2827806 0.1394929 -0.9489875 0
-0.3517781 -0.9355125 -0.03268884 0
-0.8923494 0.3245894 0.3136154 0
0.7246087 0.4231692 -0.2412922 1

-0.3420009 0.3075076 -0.887961 0
-0.5264991 -0.8454002 -0.08998583 0
-0.7783538 0.4367354 0.4510301 0
0.6697828 0.4909757 -0.2965211 1

0.9267996 -0.007153008 0.3754881 0
-0.01399474 0.9984664 0.05356324 0
-0.3752954 -0.05489725 0.9252781 0
0.02571485 0.7713112 0.05779604 1

0.9972447 -0.01521509 0.07260516 0
-0.002565213 0.9710819 0.2387328 0
-0.07413793 -0.2382613 0.9683672 0
0.02354394 0.9089129 0.06577507 1

-0.8203859 -0.008877971 -0.5717414 0
-0.08906481 -0.9856921 0.143104 0
-0.5648314 0.1683225 0.807857 0
-0.1447358 0.6958874 -0.05287917 1

-0.9537832 -0.05188825 -0.2959825 0
-0.2367742 -0.4767277 0.846563 0
-0.1850296 0.8775184 0.4424088 0
0.2241141 0.6930412 0.0965586 1

0.9267995 -0.007151376 0.3754883 0
0.01399626 -0.9984664 -0.05356263 0
0.3752955 0.05489725 -0.9252781 0
-0.05469805 0.5600393 0.2522515 1

-0.01399629 0.9984664 0.05356262 0
-0.9267995 0.007151349 -0.3754883 0
-0.3752955 -0.05489725 0.9252781 0
0.1365364 0.7333019 -0.2164631 1

0.9999421 -0.005949184 -0.008971959 0
0.007885829 0.9721369 0.234281 0
0.007328182 -0.2343382 0.9721274 0
0.02323548 1.025679 0.09448111 1

-0.7803437 -0.01992602 -0.6250336 0
0.6086441 -0.2536886 -0.7517941 0
-0.1435836 -0.9670807 0.2100921 0
-0.1788324 0.3185362 0.001905166 1

-0.9904807 -0.05343174 -0.1268596 0
0.1101873 -0.8601291 -0.498033 0
-0.08250476 -0.5072705 0.8578286 0
0.1334702 0.5105361 0.4206473 1

0.9267995 -0.007151376 0.3754883 0
0.01399626 -0.9984664 -0.05356263 0
0.3752955 0.05489725 -0.9252781 0
-0.05319159 0.4525711 0.2464864 1

-0.01399629 0.9984664 0.05356262 0
-0.9267995 0.007151349 -0.3754883 0
-0.3752955 -0.05489725 0.9252781 0
0.138679 0.5804505 -0.2246628 1

0.9958941 0.003556127 -0.09045565 0
0.01605254 0.9764552 0.2151223 0
0.08909094 -0.2156911 0.9723889 0
0.02464041 1.198873 0.1362202 1

-0.6029618 0.1460782 -0.7842821 0
-0.5089335 -0.8274956 0.2371446 0
-0.6143484 0.5421367 0.5732923 0
0.02009697 0.2356206 -0.2438112 1

-0.9547393 0.05615098 0.292096 0
0.1178197 -0.8303031 0.5447161 0
0.2731146 0.5544764 0.7861071 0
0.1694838 0.2294114 0.25787 1

0.9267995 -0.007151376 0.3754883 0
0.01399626 -0.9984664 -0.05356263 0
0.3752955 0.05489725 -0.9252781 0
-0.05126717 0.3152866 0.2391218 1

-0.01399629 0.9984664 0.05356262 0
-0.9267995 0.007151349 -0.3754883 0
-0.3752955 -0.05489725 0.9252781 0
0.1411671 0.402952 -0.2341847 1

0.9957199 0.0343493 -0.08580208 0
-0.02046444 0.9872673 0.1577479 0
0.09012806 -0.1553168 0.9837446 0
0.04159019 1.555006 0.3368339 1

0.2512818 -0.2320045 0.9396975 0
-0.9590566 0.07136136 0.2740771 0
-0.1306452 -0.9700936 -0.2045736 0
-0.1436571 1.436104 0.2161687 1

-0.09528115 0.2372057 -0.9667757 0
0.9873965 0.1458126 -0.06153724 0
0.1263711 -0.9604542 -0.2481093 0
0.2029038 1.437342 0.1846912 1

-0.6029617 0.1460789 -0.7842821 0
-0.7704117 0.1486261 0.6199808 0
0.2071309 0.9780446 0.0229251 0
-0.1178238 0.01136923 -0.1795447 1

-0.9547596 0.05576436 0.2921039 0
0.2934419 0.01735339 0.9558194 0
0.04823174 0.9982933 -0.03293206 0
0.2014129 0.0043993 0.4054881 1

0.9267995 -0.007151376 0.3754883 0
0.01399626 -0.9984664 -0.05356263 0
0.3752955 0.05489725 -0.9252781 0
-0.04928214 0.173678 0.2315252 1

-0.01399629 0.9984664 0.05356262 0
-0.9267995 0.007151349 -0.3754883 0
-0.3752955 -0.05489725 0.9252781 0
0.1433429 0.2477369 -0.2425112 1

0.9916989 0.06499778 -0.1109441 0
-0.0472936 0.9867281 0.1553409 0
0.1195684 -0.1488044 0.981611 0
0.05272983 1.67435 0.5138849 1

0.7256932 0.2368839 0.645953 0
-0.234329 -0.7976319 0.5557636 0
0.6468844 -0.5546794 -0.5233274 0
-0.3346089 1.450312 0.2707385 1

-0.4175798 0.4905571 -0.7648405 0
0.2560022 -0.7441263 -0.6170408 0
-0.8718316 -0.4534644 0.1851484 0
0.3994983 1.466374 0.1724389 1

-0.6029617 0.1460789 -0.7842821 0
-0.7704117 0.1486261 0.6199808 0
0.2071309 0.9780446 0.0229251 0
-0.2459586 0.03608871 -0.07642939 1

-0.9547596 0.05576436 0.2921039 0
0.2934419 0.01735339 0.9558194 0
0.04823174 0.9982933 -0.03293206 0
0.250218 0.007285476 0.5644594 1

0.9916989 0.06499778 -0.1109441 0
-0.0472936 0.9867281 0.1553409 0
0.1195684 -0.1488044 0.981611 0
0.0543831 1.817056 0.6122691 1

0.9916989 0.06499778 -0.1109441 0
-0.0472936 0.9867281 0.1553409 0
0.1195684 -0.1488044 0.981611 0
0.03192146 1.677247 0.6476455 1

0.9916989 0.06499778 -0.1109441 0
-0.0472936 0.9867281 0.1553409 0
0.1195684 -0.1488044 0.981611 0
0.1019102 1.681834 0.6398154 1

0.9916989 0.06499778 -0.1109441 0
0.1245454 -0.7000573 0.7031415 0
-0.03196453 -0.7111222 -0.7023413 0
0.05815527 1.646091 0.5458257 1

0.7029579 0.6997558 0.127248 0
0.2956195 -0.4501919 0.8425772 0
0.6468843 -0.5546793 -0.5233275 0
-0.4501361 1.057069 0.5447371 1

-0.2122177 0.009030015 -0.9771809 0
0.4414447 -0.8912288 -0.1041059 0
-0.8718317 -0.4534642 0.1851482 0
0.5257106 1.09951 -0.1317702 1

0.2560022 -0.7441263 -0.6170408 0
0.8718316 0.4534644 -0.1851484 0
0.4175798 -0.4905571 0.7648405 0
0.5672413 1.520029 0.09608627 1

0.4410014 0.8291442 -0.3435659 0
0.7124881 -0.09063949 0.6958054 0
0.5457824 -0.5516377 -0.6307275 0
-0.3567064 0.9147873 0.8110313 1

-0.4399252 -0.08502871 -0.8940003 0
0.6289171 -0.7397872 -0.23912 0
-0.6410376 -0.6674466 0.3789268 0
0.6652292 0.817837 -0.164673 1

-0.3000132 0.4156428 0.858623 0
-0.8688048 -0.4907347 -0.06601568 0
0.3939171 -0.7657812 0.508339 0
0.3971904 1.597198 -0.004566886 1

0.1253584 -0.08901203 -0.9881105 0
-0.6173792 -0.7866302 -0.007462904 0
-0.7766134 0.6109746 -0.1535648 0
0.5664918 1.339313 0.2707821 1

0.0650696 0.6423441 -0.7636491 0
0.9858565 0.07706126 0.1488238 0
0.1544439 -0.7625324 -0.6282448 0
-0.2581521 0.9435412 0.8014486 1

0.4043954 0.8296387 -0.3849207 0
0.7485871 -0.05846257 0.6604539 0
0.525435 -0.5552311 -0.6446989 0
-0.1751197 0.9441041 0.9346143 1

0.4325235 0.8371034 -0.334935 0
0.8364989 -0.2339486 0.4955177 0
0.3364421 -0.4944957 -0.8014241 0
-0.1904769 0.8934533 0.973396 1

0.5238233 0.8044669 -0.2800751 0
0.8142892 -0.3763699 0.4419041 0
0.2500854 -0.4595417 -0.8522199 0
-0.2232409 0.839618 0.9906226 1

0.6612252 0.735568 -0.1473809 0
0.7057118 -0.5432626 0.4547932 0
0.2544647 -0.404729 -0.8783178 0
-0.2701241 0.8002455 0.9788101 1

0.05202937 -0.4057346 -0.9125091 0
0.4134719 -0.8229967 0.3895093 0
-0.9090291 -0.3975627 0.1249398 0
0.7064262 0.7494095 -0.09947034 1

-0.4037746 -0.117238 -0.9073156 0
0.6424522 -0.7424048 -0.1899758 0
-0.651323 -0.6596141 0.3750839 0
0.8230514 0.662412 -0.1582812 1

-0.4467887 -0.09059663 -0.8900408 0
0.4775048 -0.8654503 -0.1516076 0
-0.7565508 -0.4927351 0.4299337 0
0.8118506 0.6451411 -0.2205823 1

-0.4859549 -0.01060545 -0.8739197 0
0.3557618 -0.9157357 -0.1867134 0
-0.7982992 -0.4016413 0.4487793 0
0.7785691 0.6437736 -0.2767868 1

-0.5707887 0.1376504 -0.809477 0
0.2350468 -0.9172007 -0.3217079 0
-0.786736 -0.373892 0.4911734 0
0.7306721 0.6653442 -0.3103728 1

-0.3000132 0.4156428 0.858623 0
-0.8688048 -0.4907347 -0.06601568 0
0.3939171 -0.7657812 0.508339 0
0.301279 1.543023 -0.01185469 1

0.1253584 -0.08901203 -0.9881105 0
-0.6173792 -0.7866302 -0.007462904 0
-0.7766134 0.6109746 -0.1535648 0
0.4983365 1.252473 0.2699583 1

0.3366639 0.6375354 -0.692969 0
