MeshAnim
1
143
47
30
-0.9981087 0.01375707 0.05991444 0
0.0297683 0.9609054 0.2752719 0
-0.05378517 0.2765348 -0.9594976 0
-0.001478947 -0.2855003 0.01184395 1

0.8985091 -0.271084 -0.345246 0
-0.3602237 -0.9048173 -0.2270345 0
-0.2508391 0.3283583 -0.9106374 0
-0.1044809 -0.3208215 0.007380528 1

-0.9985836 -0.02226844 0.04832039 0
-0.02619125 0.9962773 -0.08213119 0
-0.04631159 -0.08328047 -0.9954495 0
0.0005003515 -0.2190804 0.02956609 1

0.9372514 0.2425931 0.2504163 0
0.3056564 -0.917245 -0.255413 0
0.1677316 0.3159275 -0.9338394 0
0.09916019 -0.3232156 -0.006284231 1

0.9271352 0.1676393 0.335138 0
-0.06993237 -0.8012353 0.5942487 0
0.3681438 -0.5743859 -0.73113 0
0.1389378 -0.4425842 -0.03952323 1

-0.9981632 -0.02584037 0.05479422 0
-0.04507416 0.9210958 -0.3867181 0
-0.04047779 -0.3884776 -0.9205687 0
-0.001601078 -0.139145 0.02297638 1

0.9069212 -0.1690716 -0.385887 0
0.0713055 -0.8411286 0.5361141 0
-0.4152222 -0.5137291 -0.7507818 0
-0.1513667 -0.4385903 -0.02216974 1

-0.9977036 -0.02627435 0.06242617 0
-0.06073889 0.7549153 -0.6530036 0
-0.02996924 -0.6552957 -0.7547777 0
-0.005734201 -0.05468422 -0.01248415 1

0.8667513 -0.07991406 0.4922968 0
0.3087844 -0.6891586 -0.6555248 0
0.3916562 0.7201905 -0.5726528 0
0.1312725 -0.530408 0.02561268 1

0.8508673 0.08123266 -0.5190628 0
-0.3230829 -0.6981816 -0.6388741 0
-0.4142975 0.7112974 -0.567815 0
-0.143583 -0.5304083 0.03635272 1

-0.9982556 -0.02517835 0.05340218 0
-0.04993184 0.8426995 -0.5360636 0
-0.03150481 -0.5377949 -0.8424869 0
-0.01199991 0.02319139 -0.0798467 1

0.904098 -0.001377798 0.427323 0
0.4272752 0.01819892 -0.9039385 0
-0.006531318 0.9998335 0.01704219 0
0.1634927 -0.6023187 -0.04278841 1

-0.05065139 -0.617353 -0.785054 0
0.9422807 -0.2900383 0.1672856 0
-0.33097 -0.731268 0.5964107 0
0.03272112 0.01301438 -0.07296842 1

0.8919328 0.001017184 -0.4521667 0
-0.4521076 0.01831767 -0.8917754 0
0.007375606 0.9998317 0.01679806 0
-0.1768594 -0.6023186 -0.02944915 1

-0.3302036 0.5627408 0.7578183 0
-0.8878168 -0.4578017 -0.04689338 0
0.3205416 -0.688288 0.6507785 0
-0.05490982 0.0109219 -0.06722707 1

-0.9982134 -0.04190094 0.04259294 0
-0.05763331 0.8632484 -0.5014781 0
-0.01575589 -0.5030372 -0.8641213 0
-0.01506756 0.100391 -0.1007924 1

-0.235315 0.11746 0.9647955 0
-0.1521177 -0.9848875 0.08280447 0
0.9599412 -0.1272771 0.2496266 0
-0.137163 -0.03149188 -0.07157159 1

-0.635082 -0.03771843 -0.7715234 0
0.2231821 -0.9651684 -0.1365279 0
-0.7395003 -0.2588965 0.6213791 0
0.120016 -0.01385546 -0.05747071 1

-0.2821898 -0.4689505 0.8369318 0
-0.004581526 -0.8717178 -0.4899868 0
0.9593475 -0.1421035 0.2438414 0
-0.1500847 -0.1151537 -0.0645377 1

-0.6694847 0.3486117 -0.6559421 0
-0.03486014 -0.8968081 -0.4410445 0
-0.7420074 -0.2724062 0.612552 0
0.1390152 -0.09601873 -0.06909314 1

-0.4488343 -0.6170461 0.6463759 0
0.07669955 -0.7472587 -0.6600922 0
0.8903173 -0.2466951 0.3827226 0
-0.1509315 -0.27628 -0.1551057 1

-0.3967855 0.4819947 -0.7811799 0
-0.09847911 -0.8684821 -0.4858405 0
-0.9126133 -0.1158445 0.3920676 0
0.1325714 -0.2617915 -0.1506191 1

-0.4448338 -0.5702134 0.6906371 0
0.5983754 -0.7629861 -0.2445387 0
0.6663858 0.3044811 0.6806036 0
-0.1448974 -0.3373829 -0.2091265 1

-0.4520402 -0.5455695 0.7057008 0
0.5863692 -0.7779336 -0.2258102 0
0.6721836 0.3117262 0.6715626 0
-0.1587991 -0.3502496 -0.1867526 1

-0.4546915 -0.5741041 0.6809258 0
0.6643132 -0.7278493 -0.1700679 0
0.5932481 0.3750199 0.7123322 0
-0.131142 -0.3244061 -0.2318555 1

-0.07546723 -0.9823619 -0.1710847 0
0.7910647 0.04547126 -0.6100404 0
0.6070597 -0.181377 0.7736802 0
-0.1282013 -0.2820277 -0.1843265 1

-0.3949922 0.4461203 -0.8030926 0
-0.6243269 -0.7716435 -0.1215819 0
-0.6739413 0.4533685 0.5833183 0
0.1255754 -0.3341418 -0.1959044 1

-0.4077303 0.4301656 -0.8054275 0
-0.6158511 -0.7808005 -0.1052515 0
-0.6741539 0.4531093 0.5832742 0
0.135213 -0.3504786 -0.1686901 1

-0.07552122 0.9953105 -0.06044489 0
-0.7601354 -0.09669748 -0.6425293 0
-0.6453609 -0.002578042 0.7638735 0
0.1091888 -0.2710878 -0.1794224 1

-0.3950882 0.4433012 -0.8046051 0
-0.6909213 -0.7206187 -0.05776305 0
-0.6054198 0.5330971 0.5909944 0
0.1123845 -0.3174257 -0.2084859 1

2.061758 -2.119237 2.694065 0
3.412503 1.564822 -1.380637 0
-0.3224581 3.010011 2.614547 0
-0.1098538 -0.4109137 -0.2721244 1

-0.7258052 -0.4115074 0.5512426 0
0.3144966 -0.9111916 -0.2661235 0
0.6117992 -0.0197895 0.7907655 0
-0.1053935 -0.2864542 -0.2032601 1

-0.6070156 -0.5053763 0.6132916 0
0.3346303 0.5374333 0.7740726 0
-0.7208012 0.6751 -0.1571161 0
-0.1385416 -0.3770438 -0.1945914 1

-0.5733644 -0.5320565 0.6230322 0
0.5669113 0.29136 0.7705329 0
-0.5914936 0.7950001 0.1345735 0
-0.107646 -0.3501583 -0.2378659 1

-0.5711723 -0.5226507 0.6329286 0
0.5544975 0.3228623 0.7670026 0
-0.6052231 0.7890476 0.1053985 0
-0.1215406 -0.3671332 -0.218686 1

-0.6776095 0.3349057 -0.6547395 0
-0.3472966 -0.9304876 -0.1165263 0
-0.6482521 0.1484295 0.7468186 0
0.08664548 -0.2791013 -0.1984952 1

-0.5777108 0.4067721 -0.7076625 0
-0.3279601 0.6782407 0.6575955 0
0.7474573 0.611985 -0.2584222 0
0.1159841 -0.3749164 -0.171931 1

-0.5601648 0.4067566 -0.72164 0
-0.5693291 0.4437539 0.6920599 0
0.6017305 0.7985182 -0.01699669 0
0.08721185 -0.3436804 -0.2105904 1

-0.5489295 0.4098295 -0.7285026 0
-0.5548679 0.473163 0.6842797 0
0.6251385 0.7798438 -0.03233179 0
0.1014218 -0.3638889 -0.2006902 1

-0.8353228 -0.2374116 0.4958544 0
-0.02069853 -0.8877265 -0.4599061 0
0.5493699 -0.3944333 0.7366241 0
-0.08969279 -0.3141293 -0.2161 1

-0.5931509 -0.5969337 0.5402244 0
-0.5485291 0.7908068 0.2715517 0
-0.5893114 -0.1352579 -0.7965033 0
-0.1273254 -0.3590034 -0.1685313 1

-0.5932269 -0.5817221 0.55649 0
-0.1450108 0.7571706 0.6369184 0
-0.7918671 0.2971398 -0.53353 0
-0.08861448 -0.340375 -0.2120108 1

-0.5897709 -0.5732974 0.5687709 0
-0.1658944 0.7752851 0.6094361 0
-0.7903476 0.2650716 -0.5523475 0
-0.09985397 -0.3545033 -0.188708 1

-0.7780234 0.321489 -0.539745 0
-0.1012399 -0.9120756 -0.3973272 0
-0.6200244 -0.2544859 0.7421634 0
0.0701528 -0.3082472 -0.2070185 1

-0.5546996 0.527037 -0.643848 0
0.5827349 0.7984136 0.1515121 0
0.5939097 -0.291149 -0.7500029 0
0.1059386 -0.3540436 -0.1515563 1

-0.5864862 0.4913737 -0.6438833 0
0.1648791 0.8507411 0.499054 0
0.793 0.1865254 -0.5799652 0
0.06552535 -0.3267767 -0.1842057 1

-0.5711504 0.480026 -0.6658543 0
0.1840641 0.8654208 0.4660123 0
0.7999423 0.1436031 -0.5826411 0
0.08086605 -0.3463618 -0.1753838 1

-0.9981495 0.01324157 0.05934798 0
0.02950045 0.9588993 0.2822089 0
-0.05317185 0.2834375 -0.9575155 0
-0.001592987 -0.2857798 0.01122403 1

0.8981822 -0.2721177 -0.3452843 0
-0.3603006 -0.9056694 -0.2234882 0
-0.2518982 0.3251391 -0.9114998 0
-0.1045888 -0.3210765 0.006437672 1

-0.9985498 -0.02257452 0.04887583 0
-0.02627672 0.9967248 -0.07648011 0
-0.04698926 -0.07765346 -0.9958725 0
0.0003686644 -0.2194892 0.02942566 1

0.9369901 0.2435517 0.2504637 0
0.3059661 -0.9181314 -0.2518319 0
0.1686244 0.3125975 -0.9347987 0
0.0990615 -0.3233551 -0.007108503 1

0.927314 0.1693555 0.3337772 0
-0.06907597 -0.7990191 0.5973248 0
0.3678545 -0.5769637 -0.7292433 0
0.1388794 -0.4428391 -0.03988146 1

-0.9981207 -0.02583932 0.05556402 0
-0.04512161 0.9234274 -0.3811114 0
-0.04146168 -0.3829023 -0.922858 0
-0.001739622 -0.1395179 0.02328935 1

0.9069964 -0.169796 -0.3853924 0
0.07277492 -0.8381603 0.5405473 0
-0.4148033 -0.5183215 -0.7478512 0
-0.1514847 -0.4389563 -0.02265102 1

-0.9976504 -0.02589528 0.0634279 0
-0.06086969 0.7599134 -0.647168 0
-0.03144113 -0.6495082 -0.7597043 0
-0.005877097 -0.05484325 -0.01165707 1

0.8666041 -0.07984605 0.4925667 0
0.3090926 -0.6890423 -0.6555016 0
0.3917385 0.7203092 -0.572447 0
0.1313079 -0.5304199 0.02559163 1

0.8508854 0.08109032 -0.5190557 0
-0.3231879 -0.6981388 -0.638868 0
-0.4141788 0.7113559 -0.5678282 0
-0.1435405 -0.5304502 0.03635537 1

-0.9982659 -0.02386149 0.05381404 0
-0.0488471 0.845943 -0.5310312 0
-0.03285243 -0.532739 -0.8456419 0
-0.01215629 0.02354795 -0.07841763 1

0.9039604 -0.001291282 0.4276142 0
0.4275664 0.01797303 -0.9038054 0
-0.006518422 0.9998376 0.01679894 0
0.1635604 -0.6023185 -0.04280706 1

-0.04964541 -0.6112342 -0.7898913 0
0.9415746 -0.2924262 0.1671065 0
-0.3331259 -0.7354454 0.5900401 0
0.03256414 0.01328057 -0.07167093 1

0.8919376 0.000869168 -0.4521581 0
-0.4520963 0.01837788 -0.89178 0
0.007534699 0.9998311 0.01678501 0
-0.1768278 -0.6023562 -0.02944588 1

-0.3278883 0.5569476 0.763085 0
-0.8882096 -0.4569061 -0.04817383 0
0.3218279 -0.693575 0.6445004 0
-0.05506164 0.01121944 -0.06583998 1

-0.99821 -0.04087459 0.0436583 0
-0.05716921 0.8665217 -0.4958545 0
-0.01756304 -0.4974628 -0.8673077 0
-0.01510899 0.1008752 -0.09890363 1

-0.2281737 0.105631 0.9678736 0
-0.1472312 -0.9864087 0.07294443 0
0.9624237 -0.1258571 0.2406249 0
-0.1373512 -0.03111136 -0.07030311 1

-0.6236255 -0.01891529 -0.7814946 0
0.2114288 -0.9665295 -0.1453243 0
-0.7525885 -0.2558583 0.6067515 0
0.1197936 -0.01381046 -0.0561898 1

-0.2735111 -0.4744137 0.8367339 0
-0.006187007 -0.8690186 -0.494741 0
0.9618489 -0.140494 0.2347511 0
-0.1498578 -0.1149024 -0.0641068 1

-0.6548657 0.3515381 -0.6690085 0
-0.03044403 -0.8967821 -0.441424 0
-0.7551321 -0.268706 0.597974 0
0.1377923 -0.09608954 -0.06856105 1

-0.4434553 -0.6210446 0.6462591 0
0.07273518 -0.7435901 -0.6646683 0
0.8933403 -0.2477449 0.3749208 0
-0.1510014 -0.2755297 -0.1555535 1

-0.399061 0.4759582 -0.7837184 0
-0.09861661 -0.8720462 -0.4793858 0
-0.911606 -0.1140163 0.3949368 0
0.1321647 -0.2618575 -0.1501572 1

-0.4391857 -0.5744474 0.690743 0
0.597427 -0.7609692 -0.2529961 0
0.6709669 0.3015565 0.6773975 0
-0.1452917 -0.3363327 -0.2099468 1

-0.4463098 -0.5498938 0.705992 0
0.5855737 -0.7760312 -0.2342623 0
0.6766912 0.308857 0.668354 0
-0.1590166 -0.349336 -0.1875428 1

-0.4491094 -0.5782969 0.6810827 0
0.6638646 -0.7261602 -0.1788156 0
0.5979835 0.371839 0.7100365 0
-0.1317158 -0.3232175 -0.2327041 1

-0.0756228 -0.9815077 -0.1758516 0
0.78657 0.04967256 -0.6155 0
0.6128529 -0.1848653 0.7682683 0
-0.1284773 -0.2810934 -0.1849689 1

-0.3972776 0.4399294 -0.8053775 0
-0.6237532 -0.7731673 -0.1146493 0
-0.6731291 0.4568093 0.5815693 0
0.1251464 -0.334538 -0.1949073 1

-0.4100033 0.4239449 -0.8075695 0
-0.615231 -0.7821981 -0.09827304 0
-0.6733415 0.4565494 0.5815276 0
0.1348629 -0.350669 -0.1675985 1

-0.07674526 0.9947702 -0.06740143 0
-0.7614661 -0.1021174 -0.6401109 0
-0.6436458 0.002198695 0.7653207 0
0.1087279 -0.2713851 -0.1788406 1

-0.3973737 0.4370995 -0.8068696 0
-0.6902601 -0.7217585 -0.05104829 0
-0.604678 0.5366645 0.5885202 0
0.1119092 -0.3179266 -0.2075785 1

2.083572 -2.131421 2.667541 0
3.400676 1.57616 -1.396827 0
-0.3068102 2.995457 2.633079 0
-0.1106248 -0.4094816 -0.2735943 1

-0.7213352 -0.4153107 0.5542495 0
0.3135632 -0.9093795 -0.2733259 0
0.6175382 -0.02336732 0.7861939 0
-0.1058025 -0.2853914 -0.204091 1

-0.6019955 -0.5093784 0.614927 0
0.3396414 0.5336211 0.7745275 0
-0.7226652 0.6751167 -0.1482315 0
-0.138787 -0.3760643 -0.1956732 1

-0.5682452 -0.5360723 0.6242789 0
0.5721616 0.2878357 0.7679725 0
-0.5913783 0.7935851 0.1431588 0
-0.1082356 -0.3489099 -0.239024 1

-0.5659916 -0.5267175 0.6342098 0
0.5596879 0.3193424 0.7647029 0
-0.6053122 0.7877749 0.1140523 0
-0.1219721 -0.3660042 -0.2198362 1

-0.67944 0.3294761 -0.6555971 0
-0.3465385 -0.9316724 -0.1090787 0
-0.6467402 0.1530773 0.7471912 0
0.08615071 -0.2795594 -0.1978048 1

-0.579739 0.4010693 -0.7092579 0
-0.3272287 0.6825807 0.6534565 0
0.7462069 0.6109233 -0.2644773 0
0.1156535 -0.3751501 -0.170621 1

-0.562224 0.4009724 -0.7232743 0
-0.5682632 0.4480867 0.6901419 0
0.6008171 0.7990245 -0.02406719 0
0.08676061 -0.3442228 -0.2094385 1

-0.5510076 0.4040082 -0.7301838 0
-0.5538517 0.4774549 0.6821186 0
0.624211 0.7802659 -0.03932051 0
0.1010148 -0.3643446 -0.1994257 1

-0.8314434 -0.241043 0.5005997 0
-0.023054 -0.8852494 -0.4645452 0
0.5551308 -0.3977839 0.7304778 0
-0.0901648 -0.3129787 -0.217194 1

-0.5885598 -0.6005232 0.5412663 0
-0.5474173 0.7887 0.2797973 0
-0.5949216 -0.1316212 -0.7929341 0
-0.1274021 -0.3581523 -0.1695977 1

-0.5885348 -0.5854002 0.5576143 0
-0.1412234 0.7535489 0.6420435 0
-0.7960419 0.2991168 -0.5261623 0
-0.08902794 -0.339245 -0.2132549 1

-0.5849991 -0.5770379 0.5699151 0
-0.1623258 0.7717881 0.6148119 0
-0.7946236 0.2671525 -0.5451636 0
-0.1000826 -0.3535119 -0.1899481 1

-0.7795814 0.3167753 -0.5402842 0
-0.1011315 -0.9150075 -0.3905566 0
-0.6180822 -0.2498307 0.7453584 0
0.06967085 -0.3087834 -0.206082 1

-0.5567164 0.5218127 -0.6463581 0
0.5821989 0.8001064 0.1444806 0
0.592547 -0.2958743 -0.749231 0
0.1056308 -0.3541427 -0.1503738 1

-0.588464 0.4861158 -0.6460664 0
0.1650654 0.854472 0.4925767 0
0.791495 0.1832204 -0.5830665 0
0.06511479 -0.327154 -0.1831268 1

-0.5731651 0.4746277 -0.6679902 0
0.1841602 0.8689353 0.4593879 0
0.7984781 0.1402876 -0.5854507 0
0.08049661 -0.3466588 -0.1741993 1

-0.9982859 0.01211653 0.05725692 0
0.02821478 0.9567739 0.289461 0
-0.05127466 0.2905803 -0.9554758 0
-0.001723097 -0.2860276 0.01065354 1

0.8984759 -0.2730487 -0.3437814 0
-0.3596775 -0.906825 -0.2197737 0
-0.2517406 0.3211118 -0.9129698 0
-0.1046836 -0.3213574 0.005376613 1

-0.9985431 -0.02289936 0.04885871 0
-0.02636789 0.997087 -0.07157014 0
-0.04707747 -0.07275421 -0.9962382 0
0.0001525354 -0.2198741 0.02935639 1

0.9364532 0.2443699 0.2516718 0
0.3065652 -0.9188291 -0.2485373 0
0.1705083 0.3098974 -0.9353559 0
0.09899742 -0.3233957 -0.007739708 1

0.9271049 0.170902 0.3335704 0
-0.06831916 -0.7980226 0.5987422 0
0.3685229 -0.577886 -0.7281749 0
0.1388933 -0.4429705 -0.04008391 1

-0.9981082 -0.02561468 0.05589034 0
-0.04470452 0.92645 -0.373754 0
-0.04220602 -0.3755456 -0.9258425 0
-0.001963067 -0.1398738 0.02361403 1

0.9070805 -0.1713007 -0.3845274 0
0.07341026 -0.8350916 0.5451909 0
-0.4145071 -0.5227602 -0.74492 0
-0.1514983 -0.4393876 -0.02322861 1

-0.9976302 -0.02505227 0.06408159 0
-0.06021418 0.7685348 -0.6369683 0
-0.03329142 -0.6393173 -0.768222 0
-0.006062296 -0.05492198 -0.01065774 1

0.8663268 -0.07968429 0.4930803 0
0.3097431 -0.6887397 -0.6555129 0
0.3918381 0.7206165 -0.571992 0
0.1314048 -0.5304421 0.02554455 1

0.851038 0.08070227 -0.5188656 0
-0.3233413 -0.6980295 -0.6389097 0
-0.413745 0.711507 -0.5679554 0
-0.1434849 -0.5305465 0.03628467 1

-0.9983335 -0.0214488 0.05357379 0
-0.04622095 0.8530418 -0.5197914 0
-0.03455178 -0.5214015 -0.8526117 0
-0.01227387 0.02435857 -0.0763661 1

0.903695 -0.001081598 0.4281754 0
0.4281279 0.01738535 -0.9035509 0
-0.006466823 0.9998484 0.01617423 0
0.1637251 -0.6023091 -0.04285532 1

-0.04612712 -0.59988 -0.7987593 0
0.9408651 -0.2947464 0.1670254 0
-0.3356266 -0.7438204 0.578002 0
0.03243566 0.01392722 -0.06980116 1

0.8920407 0.0004666429 -0.451955 0
-0.4518852 0.01853056 -0.8918838 0
0.00795874 0.9998283 0.01674082 0
-0.1767879 -0.6024412 -0.02952086 1

-0.3230013 0.5473223 0.7720807 0
-0.8900664 -0.4529379 -0.05127666 0
0.3216395 -0.7037654 0.6334528 0
-0.05518772 0.01193672 -0.06390999 1

-0.9983012 -0.03917261 0.04313131 0
-0.05513375 0.874514 -0.4818564 0
-0.01884336 -0.4834158 -0.8751879 0
-0.01498544 0.1019589 -0.09582728 1

-0.2209604 0.08671957 0.9714198 0
-0.1458029 -0.987783 0.05501597 0
0.9643227 -0.1294792 0.2309049 0
-0.1376493 -0.0300265 -0.06866061 1

-0.6227448 -0.001396804 -0.7824239 0
0.2065701 -0.9648113 -0.1626904 0
-0.7546641 -0.2629399 0.6011197 0
0.1195994 -0.01337868 -0.05432756 1

-0.266689 -0.483718 0.8336033 0
-0.01112734 -0.8633255 -0.5045249 0
0.9637185 -0.1438268 0.224857 0
-0.1500346 -0.1139343 -0.06398721 1

-0.652411 0.3611537 -0.6662791 0
-0.03038164 -0.8909093 -0.4531642 0
-0.7572562 -0.2754067 0.5922115 0
0.1371844 -0.09551162 -0.06817716 1

-0.4340553 -0.6303254 0.6436505 0
0.07131612 -0.7362629 -0.6729272 0
0.898059 -0.2461847 0.3645312 0
-0.1520913 -0.2735093 -0.1572424 1

-0.3932681 0.4910219 -0.7773274 0
-0.1066505 -0.8641059 -0.491881 0
-0.9132174 -0.1105386 0.392193 0
0.1315685 -0.260194 -0.1519434 1

-0.4296724 -0.5841631 0.6885749 0
0.5996994 -0.7547036 -0.2660506 0
0.6750868 0.2986235 0.6745976 0
-0.1464981 -0.3337142 -0.2123089 1

-0.4368082 -0.5598111 0.7041383 0
0.5881011 -0.7700291 -0.2473708 0
0.6806878 0.3060509 0.6655806 0
-0.1599479 -0.3470299 -0.1899216 1

-0.4396575 -0.5879729 0.6789622 0
0.6665779 -0.7202587 -0.1920969 0
0.6019762 0.3681245 0.7085969 0
-0.1332009 -0.3202839 -0.2350471 1

-0.07132214 -0.9800867 -0.1853198 0
0.7808217 0.06075083 -0.6217935 0
0.6206697 -0.1890493 0.76094 0
-0.1297939 -0.278634 -0.1869091 1

-0.3918145 0.4552893 -0.7994958 0
-0.6312605 -0.7652024 -0.1263941 0
-0.6693221 0.455167 0.5872236 0
0.1238869 -0.3321563 -0.1977331 1

-0.4046957 0.4394653 -0.8019303 0
-0.6228499 -0.77455 -0.110138 0
-0.6695368 0.4549098 0.5871778 0
0.1334063 -0.3487706 -0.1706455 1

-0.06675731 0.9963441 -0.05330887 0
-0.7615952 -0.08539982 -0.6424016 0
-0.6446055 -0.002285178 0.7645122 0
0.108076 -0.2690782 -0.1807874 1

-0.3919368 0.4524821 -0.8010279 0
-0.6973369 -0.7140445 -0.06214544 0
-0.6000891 0.5342291 0.5953927 0
0.1108324 -0.3152351 -0.2101819 1

2.119581 -2.14611 2.627087 0
3.378829 1.61096 -1.410082 0
-0.3014838 2.966315 2.666475 0
-0.1119571 -0.4059939 -0.2770091 1

-0.7139525 -0.4253391 0.5562005 0
0.3165561 -0.9046096 -0.2854359 0
0.6245511 -0.02771885 0.780492 0
-0.1072628 -0.282598 -0.2062717 1

-0.5935266 -0.5193028 0.6148587 0
0.3432522 0.5276707 0.7770083 0
-0.7279451 0.6722264 -0.1349347 0
-0.1396319 -0.3735505 -0.198504 1

-0.5595371 -0.5458871 0.6236394 0
0.5771648 0.2833754 0.7658848 0
-0.5948103 0.7884833 0.1565078 0
-0.1096247 -0.3457675 -0.2418368 1

-0.5572521 -0.5366215 0.6336465 0
0.5644754 0.314838 0.7630499 0
-0.6089647 0.7828888 0.1274655 0
-0.1230901 -0.3631409 -0.2227076 1

-0.6752596 0.3455316 -0.6516386 0
-0.3556436 -0.9265254 -0.1227552 0
-0.646175 0.1488596 0.7485311 0
0.08544382 -0.2767562 -0.1998929 1

-0.5747805 0.4168845 -0.7041555 0
-0.3212886 0.676434 0.6627302 0
0.7525965 0.6071612 -0.2548611 0
0.1139583 -0.3730135 -0.1740393 1

-0.5572491 0.4168128 -0.718151 0
-0.5646921 0.4438547 0.6957847 0
0.6087666 0.7932594 -0.01196684 0
0.08542591 -0.3412502 -0.2124461 1

-0.5459937 0.4198346 -0.7250035 0
-0.5499784 0.4731891 0.6881979 0
0.6319929 0.7744877 -0.02745847 0
0.09946598 -0.3616536 -0.2027044 1

-0.825563 -0.2511973 0.5053174 0
-0.02186602 -0.8805489 -0.473451 0
0.563886 -0.4019128 0.7214559 0
-0.09157696 -0.3099542 -0.2197951 1

-0.5801964 -0.6096025 0.5401456 0
-0.5496219 0.7824594 0.2926998 0
-0.6010725 -0.1270526 -0.7890309 0
-0.128125 -0.355839 -0.1723451 1

-0.5801178 -0.5946484 0.5566481 0
-0.1400586 0.7460401 0.6510053 0
-0.8024009 0.2996962 -0.5160769 0
-0.0902492 -0.3362522 -0.2161377 1

-0.576524 -0.5863921 0.5690035 0
-0.1615076 0.7644305 0.6241487 0
-0.8009593 0.2679382 -0.5354192 0
-0.1010135 -0.3508245 -0.1928841 1

-0.7756754 0.3321887 -0.5366369 0
-0.1097103 -0.9083003 -0.4036761 0
-0.6215237 -0.254247 0.7409905 0
0.0686851 -0.3056937 -0.2086052 1

-0.5506415 0.5364848 -0.6395142 0
0.5899367 0.792127 0.1565569 0
0.5905669 -0.291066 -0.7526699 0
0.1041183 -0.3521977 -0.1535067 1

-0.5827428 0.5011054 -0.6397689 0
0.1729037 0.8456843 0.5048988 0
0.7940499 0.1836079 -0.5794594 0
0.0639161 -0.3243429 -0.1859195 1

-0.5675299 0.4897787 -0.6618361 0
0.1921854 0.8604279 0.4719421 0
0.8006091 0.1406458 -0.5824469 0
0.07909131 -0.3441252 -0.1772527 1

-0.9984836 0.01053575 0.05403295 0
0.02614801 0.9544949 0.2970788 0
-0.04844422 0.2980411 -0.9533229 0
-0.001880141 -0.2862396 0.01018519 1

0.8992438 -0.2738589 -0.3411192 0
-0.3585461 -0.9081568 -0.216093 0
-0.2506107 0.3166271 -0.9148451 0
-0.1047816 -0.3216432 0.004288094 1

-0.9985559 -0.02323359 0.04843879 0
-0.0264747 0.997376 -0.06738073 0
-0.0467462 -0.06856583 -0.9965508 0
-0.0001430637 -0.2202335 0.02941454 1

0.9356961 0.2450675 0.2538005 0
0.3073931 -0.9193534 -0.2455585 0
0.1731539 0.3077846 -0.9355674 0
0.09894396 -0.3233477 -0.00816697 1

0.9265931 0.1722302 0.3343082 0
-0.06771857 -0.7980164 0.5988188 0
0.3699182 -0.5775004 -0.7277733 0
0.1389476 -0.4429907 -0.04012351 1

-0.9981171 -0.02532489 0.05586416 0
-0.04402814 0.9299356 -0.365077 0
-0.04270454 -0.3668492 -0.9292997 0
-0.002267236 -0.14021 0.02400831 1

0.9071718 -0.17344 -0.3833512 0
0.07335587 -0.8319445 0.5499885 0
-0.4143169 -0.5270552 -0.7419937 0
-0.1514491 -0.4398468 -0.02383805 1

-0.9976304 -0.02407253 0.06445209 0
-0.05909892 0.7794735 -0.6236412 0
-0.03522608 -0.6259724 -0.7790491 0
-0.006304443 -0.0549385 -0.009467806 1

0.8659703 -0.07947521 0.4937401 0
0.3106003 -0.6883124 -0.6555561 0
0.3919478 0.7210479 -0.5713729 0
0.1315249 -0.5304617 0.02551332 1

0.8513036 0.08010308 -0.5185228 0
-0.3235317 -0.6978769 -0.63898 0
-0.4130493 0.7117246 -0.5681891 0
-0.1434416 -0.5306622 0.03619895 1

-0.9984267 -0.01844482 0.05295247 0
-0.04268098 0.862449 -0.5043411 0
-0.03636633 -0.5058077 -0.8618795 0
-0.01240097 0.02547044 -0.0738014 1

0.9033517 -0.0008054487 0.4289 0
0.4288531 0.01659451 -0.9032218 0
-0.006389931 0.9998621 0.01533619 0
0.1639346 -0.6022841 -0.04289103 1

-0.0406449 -0.5848129 -0.8101493 0
0.9407224 -0.2956535 0.1662242 0
-0.3367334 -0.7553694 0.5621636 0
0.0322917 0.01483506 -0.06745264 1

0.8922266 -0.000153142 -0.4515881 0
-0.4515063 0.01874382 -0.8920712 0
0.008601062 0.9998245 0.01665457 0
-0.1767642 -0.6025412 -0.02961385 1

-0.3160779 0.5355134 0.7831476 0
-0.8936759 -0.4451692 -0.0562819 0
0.3184935 -0.7176696 0.6192836 0
-0.05533106 0.01292592 -0.06152539 1

-0.9984328 -0.03679596 0.04216473 0
-0.05211146 0.8859714 -0.4608028 0
-0.02040108 -0.4622779 -0.8865005 0
-0.01479881 0.1034191 -0.09186123 1

-0.2279364 0.06873768 0.9712465 0
-0.1570462 -0.9870397 0.03299908 0
0.9609273 -0.145009 0.2357773 0
-0.138127 -0.02831745 -0.06673971 1

-0.6441721 -0.004786909 -0.7648658 0
0.2223882 -0.9579529 -0.1813006 0
-0.7318373 -0.2868859 0.618151 0
0.1194422 -0.01255494 -0.05205329 1

-0.2787919 -0.4990442 0.8205058 0
-0.01617271 -0.8518199 -0.5235853 0
0.9602152 -0.1592412 0.2294096 0
-0.1514674 -0.1121621 -0.06393657 1

-0.6771581 0.3839146 -0.6277474 0
-0.04516442 -0.8731822 -0.4852969 0
-0.7344503 -0.3002708 0.6086215 0
0.1383738 -0.09410399 -0.06748711 1

-0.4278179 -0.6477275 0.6304132 0
0.07929157 -0.72167 -0.687681 0
0.9003803 -0.2442159 0.3601027 0
-0.1544568 -0.2696104 -0.1607148 1

-0.3694741 0.5455054 -0.7522718 0
-0.1287146 -0.8317948 -0.5399535 0
-0.9202835 -0.1026703 0.3775409 0
0.1300253 -0.2555096 -0.1571931 1

-0.4239368 -0.6024438 0.6762686 0
0.6076318 -0.7428916 -0.280884 0
0.671611 0.291845 0.6810032 0
-0.1482112 -0.3286236 -0.2169878 1

-0.4313329 -0.5784881 0.6923176 0
0.5961836 -0.7587123 -0.2625275 0
0.6771389 0.2995116 0.6721427 0
-0.1615336 -0.3425298 -0.1948852 1

-0.433877 -0.6061609 0.6665732 0
0.6741118 -0.7092639 -0.2061985 0
0.5977657 0.3598799 0.7163537 0
-0.1350427 -0.3145974 -0.2394393 1

-0.06105605 -0.9768085 -0.2052254 0
0.7804637 0.08145046 -0.6198727 0
0.6222125 -0.198018 0.7573904 0
-0.1320923 -0.2739004 -0.1904634 1

-0.3689169 0.5110218 -0.7763743 0
-0.6537229 -0.7364349 -0.1740976 0
-0.6607169 0.4433062 0.60575 0
0.1205558 -0.3245533 -0.2069681 1

-0.3822645 0.4957772 -0.7797942 0
-0.6457813 -0.7469293 -0.1583127 0
-0.6609392 0.4430591 0.6056881 0
0.129264 -0.3429331 -0.1807624 1

-0.03475029 0.999395 0.001457014 0
-0.7571777 -0.02537637 -0.6527157 0
-0.6522839 -0.02378534 0.7576015 0
0.1065661 -0.2620316 -0.1866875 1

-0.3691117 0.5083088 -0.7780611 0
-0.718819 -0.6868064 -0.1076847 0
-0.5891144 0.5195373 0.6188902 0
0.1081716 -0.3065614 -0.2185719 1

2.140403 -2.176927 2.584505 0
3.362647 1.674182 -1.374673 0
-0.3335923 2.908282 2.725914 0
-0.1128895 -0.3992131 -0.2831171 1

-0.7097824 -0.4439193 0.546941 0
0.3260689 -0.8952991 -0.3035107 0
0.62441 -0.03708617 0.7802159 0
-0.1095115 -0.2772368 -0.2098864 1

-0.5884178 -0.5378016 0.6037663 0
0.337366 0.5153149 0.7878038 0
-0.7348118 0.667248 -0.1217845 0
-0.1409391 -0.3686587 -0.2039895 1

-0.5541588 -0.564205 0.61203 0
0.5738059 0.2737325 0.7718918 0
-0.6030378 0.7789372 0.1720529 0
-0.1111999 -0.3396923 -0.2467279 1

-0.5519751 -0.5551212 0.6222247 0
0.5607923 0.3051132 0.769687 0
-0.6171188 0.7737869 0.1428927 0
-0.1244939 -0.3575891 -0.2279649 1

-0.6572063 0.4024188 -0.6372905 0
-0.3833827 -0.9064655 -0.1770264 0
-0.6489205 0.1279833 0.7500151 0
0.08390322 -0.2679146 -0.2063846 1

-0.5539858 0.4733019 -0.6848978 0
-0.306685 0.6488002 0.6964212 0
0.7739795 0.5958553 -0.2142717 0
0.1090977 -0.3663159 -0.1856637 1

-0.5363205 0.4734403 -0.6987236 0
-0.5576319 0.4226747 0.7144178 0
0.6335669 0.7727875 0.0373163 0
0.08198255 -0.3315842 -0.2224952 1

-0.5249047 0.4764732 -0.7053003 0
-0.5419223 0.4518963 0.7085973 0
0.65635 0.7541639 0.02100896 0
0.09527008 -0.3529335 -0.2137789 1

-0.823168 -0.2699464 0.4995231 0
-0.01248953 -0.8709341 -0.4912413 0
0.5676603 -0.410613 0.7135535 0
-0.09353585 -0.3041488 -0.223951 1

-0.5741137 -0.6264229 0.5272455 0
-0.5578583 0.7706179 0.308127 0
-0.5993226 -0.1172284 -0.7918774 0
-0.1296299 -0.3513638 -0.1774682 1

-0.5741985 -0.6118069 0.5440481 0
-0.1481207 0.7311773 0.6659127 0
-0.8052057 0.3017813 -0.5104623 0
-0.09193719 -0.3305004 -0.2208272 1

-0.5706968 -0.6037663 0.5565711 0
-0.1697457 0.7498859 0.6394197 0
-0.803425 0.2704393 -0.5304443 0
-0.1025615 -0.3456526 -0.1978818 1

-0.7591849 0.3859788 -0.5240792 0
-0.1340847 -0.8806666 -0.4543655 0
-0.6369143 -0.2746763 0.7203425 0
0.06633209 -0.2957753 -0.2168331 1

-0.5267622 0.5883192 -0.6135163 0
0.6129567 0.7629653 0.2053483 0
0.5889022 -0.267889 -0.7625155 0
0.09970561 -0.3463597 -0.1640941 1

-0.5599588 0.5540552 -0.6160106 0
0.1942148 0.8105688 0.5525026 0
0.8054359 0.1897403 -0.5614908 0
0.06074144 -0.315485 -0.1952588 1

-0.5448815 0.543481 -0.6385394 0
0.214294 0.8264821 0.5205823 0
0.8106678 0.1468203 -0.5667995 0
0.07519425 -0.3361914 -0.1875716 1

-0.9987083 0.008648587 0.05006937 0
0.02354082 0.9520257 0.3051114 0
-0.04502854 0.305896 -0.9509995 0
-0.002068389 -0.2864228 0.00984904 1

0.9003369 -0.2745261 -0.3376817 0
-0.3570893 -0.9095427 -0.2126484 0
-0.2487583 0.3120377 -0.9169252 0
-0.1048929 -0.3219241 0.003240447 1

-0.9985796 -0.02356639 0.04778381 0
-0.02660063 0.9976023 -0.06389116 0
-0.04616357 -0.06507149 -0.9968123 0
-0.0005062916 -0.2205766 0.02963365 1

0.9347728 0.2456677 0.2566078 0
0.3083969 -0.919717 -0.2429242 0
0.1763279 0.3062159 -0.9354893 0
0.09888364 -0.3232317 -0.008402143 1

0.925863 0.1732929 0.3357793 0
-0.06732235 -0.7987636 0.5978665 0
0.3718143 -0.576148 -0.727879 0
0.1390179 -0.442922 -0.04001587 1

-0.9981386 -0.02512457 0.05556962 0
-0.04329446 0.933667 -0.3555161 0
-0.04295134 -0.3572603 -0.9330169 0
-0.002640567 -0.1405349 0.0245074 1

0.9072672 -0.1760579 -0.3819294 0
0.07276702 -0.8287411 0.5548813 0
-0.4142118 -0.5312175 -0.7390783 0
-0.1513708 -0.4403081 -0.02443736 1

-0.9976404 -0.0232772 0.06458793 0
-0.05785923 0.7914681 -0.6084658 0
-0.03695592 -0.6107671 -0.7909474 0
-0.0066105 -0.05492133 -0.008092036 1

0.8655857 -0.07925937 0.494449 0
0.3115332 -0.6878217 -0.6556284 0
0.3920575 0.7215396 -0.5706764 0
0.1316386 -0.530475 0.02551659 1

0.8516561 0.07933705 -0.5180615 0
-0.3237449 -0.6977036 -0.6390612 0
-0.4121545 0.71198 -0.5685185 0
-0.1434276 -0.5307738 0.03613374 1

-0.9985189 -0.01536362 0.05219044 0
-0.03886762 0.8726905 -0.4867245 0
-0.03806826 -0.4880322 -0.8719951 0
-0.01257914 0.02672487 -0.07086014 1

0.9029803 -0.0005139844 0.4296821 0
0.4296361 0.01575906 -0.9028645 0
-0.006307315 0.9998758 0.01445111 0
0.1641457 -0.602246 -0.0428953 1

-0.03376138 -0.5675795 -0.8226262 0
0.9417201 -0.2937121 0.1640008 0
-0.3346987 -0.7691468 0.5444172 0
0.03209527 0.01587808 -0.06474497 1

0.8924766 -0.000943006 -0.4510927 0
-0.4509958 0.01898519 -0.8923244 0
0.009405572 0.9998195 0.01651849 0
-0.1767722 -0.602635 -0.02968741 1

-0.3076337 0.5232238 0.7947318 0
-0.8992782 -0.4327917 -0.06316799 0
0.3109022 -0.7341176 0.6036651 0
-0.0555278 0.01403368 -0.05880186 1

-0.9985485 -0.0338165 0.04192126 0
-0.0486858 0.8995948 -0.4340036 0
-0.02303567 -0.4354145 -0.8999354 0
-0.01464503 0.1050338 -0.08733291 1

-0.2628111 0.06120016 0.9629045 0
-0.1899306 -0.981741 0.01055855 0
0.9459687 -0.18011 0.2696364 0
-0.1388428 -0.02606297 -0.06465415 1

-0.6851919 -0.0505081 -0.7266093 0
0.2725425 -0.9429008 -0.1914645 0
-0.6754497 -0.329222 0.6598335 0
0.1193383 -0.01133204 -0.0495516 1

-0.3265398 -0.5204381 0.7889971 0
-0.01686135 -0.8314151 -0.5553963 0
0.945033 -0.1946625 0.262715 0
-0.1549766 -0.1094575 -0.06375726 1

-0.7299439 0.4212876 -0.5382367 0
-0.08722138 -0.8384375 -0.5379731 0
-0.6779191 -0.3457446 0.6487576 0
0.1425394 -0.09159976 -0.06585068 1

-0.4335817 -0.6729167 0.5993254 0
0.09705624 -0.6960979 -0.7113566 0
0.8958722 -0.2502629 0.3671261 0
-0.1580932 -0.2631343 -0.1664154 1

-0.3097185 0.6447748 -0.6988133 0
-0.1716247 -0.7607903 -0.625894 0
-0.9352108 -0.07391741 0.3462901 0
0.1264167 -0.2465828 -0.1652937 1

-0.4308643 -0.6292688 0.646821 0
0.6183604 -0.7279164 -0.2962573 0
0.6572568 0.2723216 0.702748 0
-0.1503943 -0.3200567 -0.2246286 1

-0.4387307 -0.6059552 0.6635768 0
0.6067199 -0.7444652 -0.2786803 0
0.6628774 0.2803397 0.6942649 0
-0.1639893 -0.3348396 -0.2032735 1

-0.4406036 -0.6327111 0.636825 0
0.6832546 -0.6964839 -0.2192571 0
0.5822644 0.338508 0.739176 0
-0.1369479 -0.3051426 -0.2463307 1

-0.04965811 -0.9692961 -0.2408311 0
0.7905006 0.1092341 -0.6026416 0
0.6104448 -0.220303 0.7608048 0
-0.1351788 -0.2661966 -0.195896 1

-0.3109098 0.6129844 -0.7263507 0
-0.6985269 -0.6656098 -0.2627236 0
-0.6445115 0.4256922 0.6351307 0
0.113518 -0.3093143 -0.22215 1

-0.3251907 0.5991736 -0.7316025 0
-0.6917731 -0.6782088 -0.2479578 0
-0.6447488 0.4254693 0.6350392 0
0.1201997 -0.3308561 -0.1978254 1

0.03508733 0.9939013 0.1045438 0
-0.7389199 0.09623247 -0.6668859 0
-0.672879 -0.05385029 0.7377898 0
0.1033769 -0.2483448 -0.1957709 1

-0.3112472 0.610479 -0.7283135 0
-0.7617955 -0.6184516 -0.1928356 0
-0.5681486 0.4948062 0.6575514 0
0.102743 -0.2893833 -0.2320688 1

2.112233 -2.251851 2.543157 0
3.372676 1.746817 -1.254468 0
-0.4043872 2.806743 2.821112 0
-0.1133598 -0.3879824 -0.2925854 1

-0.7156633 -0.4683432 0.5181515 0
0.3384618 -0.8814886 -0.3292747 0
0.6109579 -0.0602752 0.7893654 0
-0.1122362 -0.2686723 -0.2150213 1

-0.5945643 -0.5632955 0.5737522 0
0.3194228 0.4893771 0.8114678 0
-0.7378769 0.6657391 -0.1110367 0
-0.1430309 -0.3604751 -0.212933 1

-0.5602451 -0.5897239 0.58168 0
0.5580263 0.2502621 0.7911865 0
-0.6121535 0.7678509 0.1888736 0
-0.1127818 -0.3297857 -0.2540815 1

-0.5583124 -0.5809935 0.592228 0
0.5448031 0.2816045 0.7898663 0
-0.6256812 0.7636397 0.1593037 0
-0.1262582 -0.3484372 -0.2362046 1

-0.6097834 0.5118631 -0.6051122 0
-0.4407399 -0.8535442 -0.2778689 0
-0.6587203 0.09725725 0.7460753 0
0.08090723 -0.2505312 -0.2164233 1

-0.5005993 0.579592 -0.6430191 0
-0.2796153 0.5947191 0.7537404 0
0.8192776 0.5571199 -0.1356532 0
0.09859202 -0.3520969 -0.2055324 1

-0.482595 0.579865 -0.6563985 0
-0.5461369 0.3866705 0.7431151 0
0.6847163 0.7171074 0.1300806 0
0.07498817 -0.3119157 -0.2390945 1

-0.4708192 0.5827206 -0.6623941 0
-0.5282718 0.4151214 0.7406774 0
0.706582 0.6986495 0.1123879 0
0.08650868 -0.3349479 -0.2323776 1

-0.8295887 -0.2936299 0.4749361 0
0.003051601 -0.8529401 -0.5220004 0
0.5583666 -0.4315963 0.7084856 0
-0.09580278 -0.2949475 -0.2297469 1

-0.5782179 -0.6490254 0.4943989 0
-0.5692934 0.7550195 0.3253468 0
-0.5844389 -0.09333684 -0.806052 0
-0.1323254 -0.3440536 -0.1856178 1

-0.5787133 -0.6350186 0.5117058 0
-0.1655682 0.7058683 0.6887218 0
-0.7985477 0.3138498 -0.5136343 0
-0.09404853 -0.3213814 -0.2275329 1

-0.5754951 -0.627404 0.5245664 0
-0.1868758 0.7253494 0.6625299 0
-0.7961677 0.2832539 -0.5346817 0
-0.1049508 -0.3374195 -0.2053322 1

-0.7157267 0.4913572 -0.4962899 0
-0.1827389 -0.8176335 -0.5459692 0
-0.6740489 -0.3000734 0.674992 0
0.0617268 -0.2758355 -0.2300593 1

-0.4673789 0.684445 -0.5595465 0
0.6588712 0.6916856 0.2957365 0
0.5894454 -0.230448 -0.7742401 0
0.09002835 -0.3338223 -0.1821998 1

-0.5028059 0.6531043 -0.5662516 0
0.2351144 0.7337151 0.6374825 0
0.8318098 0.1873963 -0.5224702 0
0.05418419 -0.2971902 -0.2107652 1

-0.4878916 0.6438252 -0.5894497 0
0.2571232 0.7513127 0.6077971 0
0.8341759 0.144978 -0.5321017 0
0.06693976 -0.3195639 -0.2049815 1

-0.9989306 0.006599527 0.0457614 0
0.02063841 0.9493276 0.3136099 0
-0.04137288 0.3142189 -0.9484486 0
-0.00227334 -0.2865853 0.009637408 1

0.9016099 -0.2750247 -0.3338576 0
-0.3554789 -0.9108697 -0.2096453 0
-0.2464431 0.3076977 -0.9190147 0
-0.1050094 -0.3221921 0.00226437 1

-0.9986064 -0.02388647 0.04705996 0
-0.02674501 0.9977745 -0.06108018 0
-0.04549624 -0.06225375 -0.9970229 0
-0.0009062205 -0.2209141 0.03000958 1

0.9337372 0.2461967 0.2598511 0
0.3095308 -0.9199309 -0.2406628 0
0.1797946 0.3051476 -0.9351785 0
0.09881802 -0.323069 -0.008495113 1

0.9249974 0.1740441 0.3377703 0
-0.06717496 -0.8000259 0.5961933 0
0.3739888 -0.5741673 -0.7283303 0
0.1390998 -0.4427871 -0.03981455 1

-0.9981645 -0.02516519 0.05508432 0
-0.04270167 0.9374415 -0.3455139 0
-0.04294341 -0.347232 -0.9367955 0
-0.003052081 -0.1408587 0.02510887 1

0.9073635 -0.1789875 -0.3803352 0
0.07181242 -0.8255044 0.5598086 0
-0.4141671 -0.5352626 -0.7361791 0
-0.1512777 -0.4407488 -0.02502257 1

-0.9976519 -0.02298048 0.06451817 0
-0.0568408 0.8033446 -0.5927957 0
-0.03820759 -0.5950709 -0.8027644 0
-0.006967656 -0.05489898 -0.00657339 1

0.8652245 -0.07907409 0.4951105 0
0.3124139 -0.6873273 -0.6557282 0
0.3921539 0.7220314 -0.5699881 0
0.1317367 -0.5304784 0.02553453 1

0.8520653 0.07845995 -0.5175214 0
-0.3239619 -0.6975363 -0.6391336 0
-0.4111364 0.7122409 -0.5689285 0
-0.1434386 -0.5308612 0.03608638 1

-0.9985929 -0.01273374 0.05148049 0
-0.03543506 0.8824456 -0.4690779 0
-0.03945562 -0.4702421 -0.8816551 0
-0.01283124 0.02797252 -0.067725 1

0.9026309 -0.0002547535 0.430416 0
0.4303708 0.01504142 -0.9025271 0
-0.006244195 0.9998872 0.01368671 0
0.1643357 -0.602198 -0.0428878 1

-0.02606586 -0.5497888 -0.834897 0
0.9444029 -0.2873715 0.1597525 0
-0.3277558 -0.784315 0.5267127 0
0.03182834 0.01693791 -0.06184172 1

0.8927692 -0.00184377 -0.4505103 0
-0.4503962 0.01921714 -0.892622 0
0.01030336 0.9998137 0.0163261 0
-0.1768056 -0.6027051 -0.02974222 1

-0.2981372 0.5122504 0.8054277 0
-0.9070226 -0.4149041 -0.07186534 0
0.2973622 -0.7519668 0.588321 0
-0.05579532 0.01511425 -0.05590087 1

-0.998587 -0.0304218 0.04357102 0
-0.04542578 0.9141483 -0.4028266 0
-0.02757567 -0.4042367 -0.9142386 0
-0.01460177 0.1066042 -0.08261926 1

-0.3372945 0.08178371 0.93784 0
-0.2551288 -0.9668785 -0.007441194 0
0.9061687 -0.2417798 0.346988 0
-0.1398278 -0.0233252 -0.06255895 1

-0.7171378 -0.1320073 -0.6843151 0
0.3541551 -0.9146961 -0.1946933 0
-0.6002395 -0.3819756 0.7027143 0
0.1193199 -0.009684861 -0.04704191 1

-0.4257847 -0.5450838 0.7222126 0
-0.001136348 -0.797857 -0.6028458 0
0.9048238 -0.2575033 0.3390958 0
-0.1614999 -0.1054572 -0.06319105 1

-0.7828807 0.467429 -0.4106187 0
-0.1563912 -0.7866303 -0.5972894 0
-0.6021956 -0.4033892 0.6889395 0
0.1494685 -0.08755147 -0.06361587 1

-0.4734727 -0.699709 0.5350057 0
0.1259948 -0.6549588 -0.7450865 0
0.8717505 -0.2853702 0.3982647 0
-0.1617099 -0.2529312 -0.1746196 1

-0.2252829 0.7583885 -0.6116328 0
-0.2282429 -0.6513821 -0.7236065 0
-0.9471816 -0.02341546 0.3198421 0
0.12056 -0.2329582 -0.1740233 1

-0.4727374 -0.6589486 0.5850698 0
0.6239638 -0.7191412 -0.305786 0
0.6222448 0.2205058 0.7511248 0
-0.151642 -0.3064833 -0.2356035 1

-0.4811887 -0.6365281 0.6027349 0
0.6111923 -0.7364988 -0.2898509 0
0.6284117 0.228914 0.7434361 0
-0.1665441 -0.3222669 -0.2159006 1

-0.4819724 -0.6616482 0.5743904 0
0.6850529 -0.6932763 -0.223765 0
0.5462649 0.2856393 0.7874039 0
-0.1368681 -0.2905461 -0.2556522 1

-0.04908017 -0.9527248 -0.2998444 0
0.8228521 0.1315919 -0.5528093 0
0.5661321 -0.2738595 0.7774929 0
-0.1372963 -0.2546348 -0.2029856 1

-0.228833 0.730745 -0.6431543 0
-0.7530833 -0.5515388 -0.3587067 0
-0.6168476 0.4022645 0.6765223 0
0.1031316 -0.2861108 -0.2388717 1

-0.2442524 0.7192535 -0.6503961 0
-0.7480139 -0.5665735 -0.3456443 0
-0.617103 0.4020808 0.6763986 0
0.1069845 -0.3112049 -0.2175216 1

0.1298074 0.9630889 0.2358171 0
-0.7070978 0.2566393 -0.6589 0
-0.6950991 -0.08121573 0.7143117 0
0.09831215 -0.2283907 -0.2047962 1

-0.2293609 0.728564 -0.6454362 0
-0.8133166 -0.5077369 -0.2841113 0
-0.534705 0.4597799 0.7090083 0
0.09464927 -0.2640696 -0.2462171 1

1.944699 -2.42925 2.513342 0
3.456772 1.763228 -0.9704449 0
-0.5185351 2.643818 2.956578 0
-0.1119029 -0.3709163 -0.3054088 1

-0.7481936 -0.4863143 0.4513367 0
0.3442922 -0.8660776 -0.3624536 0
0.5671588 -0.1157938 0.815428 0
-0.1133994 -0.2563562 -0.2209924 1

-0.6314524 -0.5862488 0.5075236 0
0.2818838 0.4361893 0.8545645 0
-0.7223637 0.6826795 -0.1101786 0
-0.1454284 -0.3476255 -0.225941 1

-0.5979444 -0.6136341 0.5156701 0
0.5181649 0.1949103 0.8327754 0
-0.6115289 0.7651556 0.2014183 0
-0.1126387 -0.3150759 -0.263563 1

-0.5964663 -0.6055643 0.5268015 0
0.5054311 0.2264821 0.8326136 0
-0.6235124 0.7628877 0.1709821 0
-0.1272861 -0.3345206 -0.2475495 1

-0.5394511 0.6454474 -0.5407312 0
-0.51472 -0.7610079 -0.3948805 0
-0.6663753 0.06530642 0.7427513 0
0.07631734 -0.2255805 -0.2258798 1

-0.4231238 0.7061411 -0.567742 0
-0.2405177 0.5165825 0.8217624 0
0.8735662 0.4842592 -0.04873928 0
0.08361347 -0.3289629 -0.2282877 1

-0.4048163 0.7063328 -0.5807045 0
-0.525821 0.3397435 0.7797993 0
0.7480885 0.621022 0.2338708 0
0.0650173 -0.2825682 -0.2565683 1

-0.3926551 0.7087395 -0.5860974 0
-0.5051821 0.3663143 0.7814122 0
0.7685135 0.6029115 0.2142074 0
0.07402489 -0.3073261 -0.2527962 1

-0.8574169 -0.3075987 0.4125763 0
0.02003223 -0.8210489 -0.5705068 0
0.5142322 -0.4808972 0.7101429 0
-0.09653977 -0.2819868 -0.2363585 1

-0.6119892 -0.6674622 0.4242209 0
-0.5761775 0.7437245 0.3389593 0
-0.541746 -0.03698733 -0.839728 0
-0.135987 -0.3329936 -0.1971807 1

-0.6132287 -0.6544806 0.4422738 0
-0.1930717 0.6671145 0.7195011 0
-0.7659466 0.355828 -0.5354553 0
-0.09524298 -0.3085291 -0.2356181 1

-0.6106045 -0.6476793 0.4557123 0
-0.2127017 0.6884224 0.6934209 0
-0.7628371 0.3264752 -0.5581163 0
-0.1075175 -0.3256576 -0.2150048 1

-0.6498731 0.6217552 -0.4371338 0
-0.2471072 -0.7167419 -0.6520883 0
-0.7187513 -0.3157558 0.6194313 0
0.05512533 -0.2468189 -0.2430253 1

-0.3820731 0.7953109 -0.4706387 0
0.7152863 0.5769656 0.394305 0
0.5851376 -0.1859879 -0.789318 0
0.07624632 -0.3131145 -0.2028659 1

-0.4202126 0.7688594 -0.4819506 0
0.2884144 0.6167423 0.732425 0
0.8603712 0.168773 -0.4809131 0
0.04498623 -0.2696331 -0.2268424 1

-0.4056469 0.7612228 -0.5059547 0
0.3128623 0.6357419 0.7056552 0
0.8588178 0.1279526 -0.496045 0
0.05531308 -0.2937449 -0.2238899 1

-0.999128 0.00452743 0.04150637 0
0.0176911 0.9463607 0.3226274 0
-0.03781933 0.3230804 -0.9456155 0
-0.002477699 -0.2867252 0.009546351 1

0.9029226 -0.2753256 -0.3300408 0
-0.3538736 -0.9120328 -0.2072913 0
-0.2439355 0.3039607 -0.9209252 0
-0.105121 -0.3224296 0.001394439 1

-0.9986287 -0.02418331 0.04643248 0
-0.02690559 0.9978996 -0.05892786 0
-0.04490988 -0.06009634 -0.9971818 0
-0.001308772 -0.2212469 0.03054213 1

0.9326451 0.2466844 0.2632879 0
0.3107547 -0.9200033 -0.2388011 0
0.1833172 0.3045344 -0.9346943 0
0.09875201 -0.3228702 -0.008492321 1

0.924081 0.1744402 0.3400669 0
-0.06732207 -0.8015642 0.5941067 0
0.3762216 -0.5718967 -0.7289662 0
0.1391931 -0.4425978 -0.03956947 1

-0.9981867 -0.0255964 0.05448025 0
-0.04244446 0.9410756 -0.3355224 0
-0.04268187 -0.3372264 -0.9404555 0
-0.003467516 -0.1411814 0.02581412 1

0.9074588 -0.18205 -0.378651 0
0.07067677 -0.8222573 0.5647103 0
-0.414154 -0.5392132 -0.7332978 0
-0.1511804 -0.4411376 -0.02558611 1

-0.9976571 -0.02348995 0.06425385 0
-0.05639701 0.8140361 -0.5780697 0
-0.03872612 -0.5803391 -0.8134535 0
-0.007359507 -0.05488849 -0.004951971 1

0.864939 -0.07895473 0.4956281 0
0.3131161 -0.686888 -0.6558533 0
0.3922237 0.7224621 -0.5693939 0
0.1318139 -0.5304577 0.02555088 1

