MeshAnim
1
71
81
30
0.959239 0.01775163 0.282038 0
-0.0379989 0.9970638 0.06648225 0
-0.2800297 -0.07448949 0.957097 0
-0.006320803 0.8996288 0.0303058 1

0.9930064 -0.01739785 0.1167715 0
0.02328214 0.9985166 -0.0492181 0
-0.1157419 0.05159259 0.9919385 0
-0.01173934 1.037024 0.04008621 1

-0.8922242 -0.1505849 -0.4257467 0
-0.03052177 -0.920503 0.3895417 0
-0.4505602 0.3605531 0.8166988 0
-0.1846011 0.8200316 -0.06388356 1

-0.9834657 0.09732318 -0.1527202 0
-0.1461681 -0.9244611 0.3521457 0
-0.1069119 0.3686461 0.9234012 0
0.1971592 0.8270971 0.04836271 1

0.9592389 0.01775326 0.2820382 0
0.03800048 -0.9970638 -0.06648178 0
0.2800298 0.07448949 -0.9570969 0
-0.06082647 0.6842929 0.2292394 1

-0.0380005 0.9970638 0.06648178 0
-0.9592389 -0.01775329 -0.2820382 0
-0.2800298 -0.07448949 0.9570969 0
0.07786295 0.8674413 -0.253985 1

0.995946 -0.01221303 0.08912015 0
0.01036526 0.9997222 0.02116698 0
-0.08935383 -0.02015739 0.9957959 0
-0.008939822 1.157089 0.03416806 1

-0.8114704 -0.07515666 -0.5795406 0
0.4632019 -0.6873711 -0.5594329 0
-0.3563143 -0.7224076 0.5925938 0
-0.1962856 0.4676366 0.08524421 1

-0.9834905 -0.03863632 -0.1767871 0
0.1505579 -0.716693 -0.6809431 0
-0.1003928 -0.6963179 0.7106776 0
0.1412019 0.4731868 0.1831742 1

0.9592389 0.01775326 0.2820382 0
0.03800048 -0.9970638 -0.06648178 0
0.2800298 0.07448949 -0.9570969 0
-0.05673636 0.5769756 0.2220838 1

-0.0380005 0.9970638 0.06648178 0
-0.9592389 -0.01775329 -0.2820382 0
-0.2800298 -0.07448949 0.9570969 0
0.0836803 0.7148046 -0.2641625 1

0.9980965 -0.002569279 0.06161836 0
-0.002176501 0.997042 0.07682835 0
-0.06163342 -0.0768162 0.9951385 0
-0.007093162 1.335198 0.03793913 1

-0.8451962 0.146042 -0.514116 0
-0.368703 -0.8557124 0.3630629 0
-0.386913 0.4964155 0.7770908 0
-0.04489267 0.2429764 -0.09760079 1

-0.9828851 -0.03250013 -0.1813308 0
-0.06068061 -0.8722671 0.4852504 0
-0.1739395 0.4879487 0.8553661 0
0.1904103 0.2389427 -0.03938536 1

0.9592389 0.01775326 0.2820382 0
0.03800048 -0.9970638 -0.06648178 0
0.2800298 0.07448949 -0.9570969 0
-0.05151147 0.439884 0.2129429 1

-0.0380005 0.9970638 0.06648178 0
-0.9592389 -0.01775329 -0.2820382 0
-0.2800298 -0.07448949 0.9570969 0
0.09043569 0.5375555 -0.275981 1

0.9992069 -0.03436201 0.02012044 0
0.03138179 0.9905825 0.1332731 0
-0.02451041 -0.1325359 0.990875 0
-0.01532639 1.716017 0.1871802 1

0.05724004 -0.1291344 0.9899737 0
-0.9442097 0.315134 0.09570079 0
-0.3243327 -0.9402208 -0.1038918 0
-0.182006 1.58017 0.05765096 1

-0.006550908 0.09012553 -0.9959089 0
0.9873877 0.1581287 0.007815212 0
0.1581861 -0.9832969 -0.09002472 0
0.1653213 1.579277 0.07909358 1

-0.8451961 0.1460426 -0.514116 0
-0.5116029 0.05720881 0.8573154 0
0.1546165 0.9876229 0.02636317 0
-0.1448109 0.0110783 0.0007894039 1

-0.9828848 -0.0324993 -0.1813324 0
-0.1828406 0.05178914 0.9817776 0
-0.02251601 0.9981292 -0.05684498 0
0.1739658 0.002558351 0.09211752 1

0.9592389 0.01775326 0.2820382 0
0.03800048 -0.9970638 -0.06648178 0
0.2800298 0.07448949 -0.9570969 0
-0.04612201 0.2984743 0.203514 1

-0.0380005 0.9970638 0.06648178 0
-0.9592389 -0.01775329 -0.2820382 0
-0.2800298 -0.07448949 0.9570969 0
0.096343 0.3825583 -0.2863158 1

0.9933574 -0.01048707 -0.1145913 0
0.03999364 0.9652209 0.2583582 0
0.1078965 -0.261225 0.9592288 0
-0.01459887 1.839411 0.3617864 1

0.6153147 0.153971 0.7730983 0
-0.48747 -0.6964073 0.526678 0
0.6194844 -0.7009348 -0.3534535 0
-0.3700017 1.642914 0.07670534 1

-0.2941976 0.1798838 -0.9386638 0
0.5819461 -0.7453601 -0.3252341 0
-0.7581468 -0.6419349 0.1146005 0
0.361914 1.61076 0.08064961 1

-0.8451961 0.1460426 -0.514116 0
-0.5116029 0.05720881 0.8573154 0
0.1546165 0.9876229 0.02636317 0
-0.2299006 0.02059317 0.1433782 1

-0.9828848 -0.0324993 -0.1813324 0
-0.1828406 0.05178914 0.9817776 0
-0.02251601 0.9981292 -0.05684498 0
0.1435559 0.01117194 0.2554061 1

0.9933574 -0.01048707 -0.1145913 0
0.03999364 0.9652209 0.2583582 0
0.1078965 -0.261225 0.9592288 0
-0.0002089725 1.97027 0.4745523 1

0.9933574 -0.01048707 -0.1145913 0
0.03999364 0.9652209 0.2583582 0
0.1078965 -0.261225 0.9592288 0
-0.03481509 1.83001 0.4953386 1

0.9933574 -0.01048707 -0.1145913 0
0.03999364 0.9652209 0.2583582 0
0.1078965 -0.261225 0.9592288 0
0.03529066 1.82927 0.4872511 1

0.9933574 -0.01048707 -0.1145913 0
0.06382455 -0.7784026 0.6245124 0
-0.0957475 -0.6276777 -0.7725624 0
-0.01161924 1.807581 0.390529 1

0.2892228 0.6223745 -0.7273238 0
0.7297871 0.3483391 0.5882777 0
0.6194844 -0.7009349 -0.3534533 0
-0.6103306 1.299577 0.3363643 1

0.6515336 -0.7529368 0.09268406 0
0.02678999 0.1449343 0.9890786 0
-0.7581468 -0.6419349 0.1146006 0
0.6488211 1.243288 -0.07969496 1

0.5819461 -0.7453601 -0.3252341 0
0.7581468 0.6419349 -0.1146005 0
0.2941976 -0.1798838 0.9386638 0
0.5268078 1.694608 0.02940544 1

0.1106713 -0.05443731 -0.9923649 0
0.5948135 0.8035555 0.02225542 0
0.7962089 -0.5927353 0.1213106 0
-0.3796833 1.409668 0.5222881 1

0.908674 -0.3499423 -0.2277108 0
0.06833026 -0.4134029 0.9079809 0
-0.4118769 -0.8406178 -0.3517369 0
0.6572881 1.289095 0.2329034 1

-0.6125759 0.4747935 0.6319194 0
-0.6776888 -0.7269627 -0.11074 0
0.4068033 -0.4960812 0.767082 0
0.377782 1.696252 -0.1215647 1

0.4089022 -0.2473764 -0.8784098 0
-0.3901145 -0.9175579 0.07680183 0
-0.8249907 0.311276 -0.4716966 0
0.5203749 1.56115 0.2423024 1

-0.124684 -0.4403662 -0.8891184 0
0.8268555 0.4491931 -0.3384308 0
0.5484192 -0.7773693 0.3081121 0
-0.300609 1.428734 0.4589216 1

0.1179638 -0.04540659 -0.9919791 0
0.6636761 0.7466807 0.04474452 0
0.73866 -0.6636312 0.1182166 0
-0.2423352 1.574265 0.466171 1

0.1179417 -0.04543173 -0.9919807 0
0.663474 0.7468641 0.04467826 0
0.7388451 -0.6634229 0.1182292 0
-0.2408366 1.597131 0.5276551 1

0.1179638 -0.04540659 -0.9919791 0
0.6636761 0.7466807 0.04474452 0
0.73866 -0.6636312 0.1182166 0
-0.2511273 1.594901 0.5921342 1

0.1643648 0.007711097 -0.9863695 0
0.6471177 0.75386 0.1137268 0
0.7444614 -0.6569898 0.1189181 0
-0.2763627 1.564881 0.6406087 1

0.8280159 -0.4779258 0.2932179 0
-0.5209479 -0.4623235 0.7175445 0
-0.2073715 -0.7468896 -0.6317858 0
0.5791928 1.251645 0.2888454 1

0.9077291 -0.3391271 -0.2470239 0
0.0144331 -0.5631845 0.8262051 0
-0.4193085 -0.7535359 -0.5063243 0
0.6134944 1.218637 0.4383866 1

0.9077291 -0.3391271 -0.2470239 0
0.0144331 -0.5631845 0.8262051 0
-0.4193085 -0.7535359 -0.5063243 0
0.6733446 1.192498 0.4447024 1

0.9077291 -0.3391271 -0.2470239 0
0.0144331 -0.5631845 0.8262051 0
-0.4193085 -0.7535359 -0.5063243 0
0.7315786 1.17163 0.4236824 1

0.9077291 -0.3391271 -0.2470239 0
0.0144331 -0.5631845 0.8262051 0
-0.4193085 -0.7535359 -0.5063243 0
0.772268 1.167112 0.3766568 1

-0.6125759 0.4747935 0.6319194 0
-0.6776888 -0.7269627 -0.11074 0
0.4068033 -0.4960812 0.767082 0
0.3029689 1.615999 -0.1337899 1

0.4089022 -0.2473764 -0.8784098 0
-0.3901145 -0.9175579 0.07680183 0
-0.8249907 0.311276 -0.4716966 0
0.4773084 1.459857 0.2507809 1

0.1079295 -0.2436595 -0.9638368 0
0.8396719 0.5414017 -0.04284154 0
0.5322617 -0.8046829 0.2630272 0
-0.2382934 1.462587 0.433416 1

0.1255548 -0.03759753 -0.991374 0
0.7267491 0.6837142 0.06611128 0
0.6753308 -0.7287807 0.1131677 0
-0.1923176 1.630539 0.4695431 1

0.1255549 -0.03759745 -0.991374 0
0.7267491 0.6837143 0.06611131 0
0.6753309 -0.7287807 0.1131676 0
-0.1944159 1.649386 0.5307811 1

0.1255548 -0.03759753 -0.991374 0
0.7267491 0.6837142 0.06611128 0
0.6753308 -0.7287807 0.1131677 0
-0.2085947 1.642753 0.5950018 1

0.1255548 -0.03759756 -0.991374 0
0.7267492 0.6837141 0.06611128 0
0.6753308 -0.7287808 0.1131676 0
-0.2445269 1.601968 0.6462036 1

0.9442068 -0.3292916 -0.006392241 0
-0.2133629 -0.6263496 0.7497752 0
-0.2508985 -0.7065789 -0.6616619 0
0.5399323 1.216802 0.342922 1

0.9080089 -0.3255843 -0.2636566 0
-0.04040758 -0.6944516 0.7184042 0
-0.4169978 -0.6416636 -0.6437244 0
0.6145821 1.176195 0.5006493 1

0.9080089 -0.3255842 -0.2636569 0
-0.04040733 -0.6944517 0.7184039 0
-0.416998 -0.6416636 -0.6437243 0
0.6743546 1.153092 0.502512 1

0.9080089 -0.3255843 -0.2636566 0
-0.04040758 -0.6944516 0.7184042 0
-0.4169978 -0.6416636 -0.6437244 0
0.7325034 1.135536 0.4766338 1

0.9080089 -0.3255843 -0.2636566 0
-0.04040758 -0.6944516 0.7184042 0
-0.4169978 -0.6416636 -0.6437244 0
0.7729781 1.139403 0.4173061 1

0.1848314 -0.1603472 -0.9696011 0
0.8002368 0.5972683 0.05377337 0
0.5704896 -0.7858495 0.2387097 0
-0.1752145 1.503259 0.4301976 1

0.1296003 -0.03395855 -0.9909846 0
0.7560275 0.6500425 0.0765976 0
0.6415812 -0.7591386 0.1099193 0
-0.1377218 1.681902 0.4745096 1

0.1296002 -0.03395861 -0.9909846 0
0.7560275 0.6500427 0.07659742 0
0.6415809 -0.7591386 0.1099193 0
-0.1434275 1.697356 0.5354193 1

0.1296003 -0.03395855 -0.9909846 0
0.7560275 0.6500425 0.0765976 0
0.6415812 -0.7591386 0.1099193 0
-0.1638976 1.684804 0.5990679 1

0.1296002 -0.03395861 -0.9909846 0
0.7560275 0.6500424 0.07659754 0
0.6415809 -0.7591389 0.1099192 0
-0.2064961 1.637747 0.6496633 1

0.9510643 -0.2941423 -0.09464321 0
-0.1158265 -0.6233343 0.7733297 0
-0.2864633 -0.7245237 -0.6269006 0
0.523903 1.169747 0.39925 1

0.9085883 -0.3178118 -0.2710401 0
-0.06745338 -0.7520236 0.6556758 0
-0.4122101 -0.5774569 -0.7047177 0
0.6115465 1.124021 0.5546231 1

0.9085883 -0.3178116 -0.2710404 0
-0.0674531 -0.7520238 0.6556757 0
-0.4122102 -0.5774568 -0.7047176 0
0.6715196 1.104369 0.5529153 1

0.9085883 -0.3178118 -0.2710401 0
-0.06745338 -0.7520236 0.6556758 0
-0.4122101 -0.5774569 -0.7047177 0
0.7300185 1.092827 0.5208157 1

0.9085883 -0.3178118 -0.2710401 0
-0.06745338 -0.7520236 0.6556758 0
-0.4122101 -0.5774569 -0.7047177 0
0.7708635 1.103063 0.4549002 1

0.1848314 -0.1603472 -0.9696011 0
0.8002368 0.5972683 0.05377337 0
0.5704896 -0.7858495 0.2387097 0
-0.0934912 1.564254 0.4356891 1

0.1296003 -0.03395855 -0.9909846 0
0.7560275 0.6500425 0.0765976 0
0.6415812 -0.7591386 0.1099193 0
-0.06051336 1.748286 0.4823321 1

0.1296002 -0.03395861 -0.9909846 0
0.7560275 0.6500427 0.07659742 0
0.6415809 -0.7591386 0.1099193 0
-0.08505025 1.747549 0.5413339 1

0.1296003 -0.03395855 -0.9909846 0
0.7560275 0.6500425 0.0765976 0
0.6415812 -0.7591386 0.1099193 0
-0.1174368 1.724751 0.603775 1

0.1296002 -0.03395861 -0.9909846 0
0.7560275 0.6500424 0.07659754 0
0.6415809 -0.7591389 0.1099192 0
-0.1643721 1.673966 0.6539311 1

0.9510643 -0.2941423 -0.09464321 0
-0.1158265 -0.6233343 0.7733297 0
-0.2864633 -0.7245237 -0.6269006 0
0.512074 1.106088 0.4782277 1

0.9085883 -0.3178118 -0.2710401 0
-0.06745338 -0.7520236 0.6556758 0
-0.4122101 -0.5774569 -0.7047177 0
0.604658 1.047224 0.6215807 1

0.9085883 -0.3178116 -0.2710404 0
-0.0674531 -0.7520238 0.6556757 0
-0.4122102 -0.5774568 -0.7047176 0
0.6663116 1.046305 0.6035399 1

0.9085883 -0.3178118 -0.2710401 0
-0.06745338 -0.7520236 0.6556758 0
-0.4122101 -0.5774569 -0.7047177 0
0.7258728 1.046608 0.5611136 1

0.9085883 -0.3178118 -0.2710401 0
-0.06745338 -0.7520236 0.6556758 0
-0.4122101 -0.5774569 -0.7047177 0
0.7671058 1.061167 0.4914279 1

0.942382 0.05874089 0.3293413 0
-0.08673035 0.9937031 0.07093588 0
-0.3231007 -0.09541259 0.9415426 0
-0.01493882 0.8980487 0.03220524 1

0.9879036 0.01423153 0.1544146 0
-0.004661132 0.9980551 -0.06216449 0
-0.154999 0.06069278 0.9860485 0
-0.02710264 1.034968 0.04258955 1

-0.8751711 -0.1392289 -0.4633478 0
-0.1105365 -0.8748285 0.4716538 0
-0.4710176 0.4639945 0.7502344 0
-0.184545 0.8112776 -0.0712148 1

-0.9777626 0.05212511 -0.2031336 0
-0.11252 -0.9477862 0.298397 0
-0.1769732 0.314618 0.9325749 0
0.1905064 0.8346561 0.05985736 1

0.9423818 0.05874251 0.3293416 0
0.0867319 -0.993703 -0.07093534 0
0.3231008 0.0954126 -0.9415425 0
-0.06927604 0.6787443 0.2268024 1

-0.08673193 0.993703 0.07093533 0
-0.9423818 -0.05874254 -0.3293416 0
-0.3231008 -0.0954126 0.9415425 0
0.08451723 0.8721795 -0.2477653 1

0.9916707 -0.01029904 0.1283867 0
0.007947452 0.9997914 0.0188154 0
-0.1285537 -0.01763833 0.9915456 0
-0.02766311 1.154977 0.03511468 1

-0.8476061 -0.07142667 -0.5257969 0
0.4228117 -0.6896351 -0.5879065 0
-0.3206157 -0.7206263 0.6147388 0
-0.2268615 0.4763682 0.1093478 1

-0.9832901 -0.02491394 -0.180333 0
0.1412239 -0.7294831 -0.6692609 0
-0.1148759 -0.6835449 0.7208119 0
0.1474305 0.4718163 0.1740923 1

0.9423818 0.05874251 0.3293416 0
0.0867319 -0.993703 -0.07093534 0
0.3231008 0.0954126 -0.9415425 0
-0.05994081 0.5717888 0.2191674 1

-0.08673193 0.993703 0.07093533 0
-0.9423818 -0.05874254 -0.3293416 0
-0.3231008 -0.0954126 0.9415425 0
0.09779468 0.7200572 -0.2586246 1

0.9946259 -0.02989254 0.09912512 0
0.02148316 0.9961627 0.08484344 0
-0.1012809 -0.08225797 0.9914513 0
-0.0262472 1.333098 0.0384668 1

-0.8696844 0.0228865 -0.4930778 0
-0.208454 -0.9225075 0.3248497 0
-0.4474332 0.3853007 0.8070609 0
-0.08866968 0.2509679 -0.08280347 1

-0.9836534 -0.01638535 -0.1793255 0
-0.0796348 -0.8535947 0.514815 0
-0.1615067 0.5206801 0.8383364 0
0.1935882 0.2333919 -0.04464904 1

0.9423818 0.05874251 0.3293416 0
0.0867319 -0.993703 -0.07093534 0
0.3231008 0.0954126 -0.9415425 0
-0.04801558 0.4351592 0.2094141 1

-0.08673193 0.993703 0.07093533 0
-0.9423818 -0.05874254 -0.3293416 0
-0.3231008 -0.0954126 0.9415425 0
0.1132131 0.5434055 -0.2712348 1

0.9972718 -0.05270695 0.05168086 0
0.04538409 0.9899617 0.1338518 0
-0.05821702 -0.1311411 0.9896528 0
-0.0299739 1.712922 0.1904016 1

0.01585206 -0.141652 0.9897896 0
-0.9295778 0.3625285 0.0667704 0
-0.3682851 -0.9211448 -0.1259297 0
-0.1951916 1.582545 0.05358281 1

0.001674503 0.09436865 -0.9955359 0
0.9929256 0.1180394 0.01285928 0
0.118726 -0.9885147 -0.09350344 0
0.150928 1.572143 0.0880774 1

-0.8696843 0.02288726 -0.4930779 0
-0.4899719 0.08101068 0.8679662 0
0.05980988 0.9964507 -0.05923949 0
-0.1451604 0.0009683371 0.005230933 1

-0.9836531 -0.01638454 -0.179327 0
-0.1799203 0.04830186 0.9824946 0
-0.007435877 0.9986985 -0.05046024 0
0.1720071 0.002067685 0.09486586 1

0.9423818 0.05874251 0.3293416 0
0.0867319 -0.993703 -0.07093534 0
0.3231008 0.0954126 -0.9415425 0
-0.03571472 0.2942262 0.1993536 1

-0.08673193 0.993703 0.07093533 0
-0.9423818 -0.05874254 -0.3293416 0
-0.3231008 -0.0954126 0.9415425 0
0.1266959 0.3889309 -0.2822619 1

0.9935171 0.00956589 -0.113279 0
0.02167657 0.9622308 0.2713709 0
0.1115964 -0.2720672 0.9557853 0
-0.03248855 1.836444 0.3649005 1

0.6749568 0.05367041 0.7359027 0
-0.5478997 -0.6315551 0.5485837 0
0.4942059 -0.7734712 -0.3968664 0
-0.3802741 1.654725 0.06687707 1

-0.381759 0.1702849 -0.9084398 0
0.559569 -0.7396972 -0.3738054 0
-0.7356238 -0.6510384 0.1871 0
0.3486233 1.595645 0.09063774 1

-0.8696843 0.02288726 -0.4930779 0
-0.4899719 0.08101068 0.8679662 0
0.05980988 0.9964507 -0.05923949 0
-0.2266524 0.01444197 0.1495911 1

-0.9836531 -0.01638454 -0.179327 0
-0.1799203 0.04830186 0.9824946 0
-0.007435877 0.9986985 -0.05046024 0
0.1420829 0.01010132 0.2582738 1

0.9935171 0.00956589 -0.113279 0
0.02167657 0.9622308 0.2713709 0
0.1115964 -0.2720672 0.9557853 0
-0.0206769 1.966017 0.4794366 1

0.9935171 0.00956589 -0.113279 0
0.02167657 0.9622308 0.2713709 0
0.1115964 -0.2720672 0.9557853 0
-0.05268639 1.824869 0.4982848 1

0.9935171 0.00956589 -0.113279 0
0.02167657 0.9622308 0.2713709 0
0.1115964 -0.2720672 0.9557853 0
0.01743067 1.825544 0.4902899 1

0.9935171 0.00956589 -0.113279 0
0.07757871 -0.7854202 0.6140817 0
-0.08309734 -0.618889 -0.7810707 0
-0.02895036 1.80429 0.3932168 1

0.3274967 0.5885239 -0.739179 0
0.8052991 0.2353343 0.5441611 0
0.4942059 -0.7734712 -0.3968664 0
-0.6503956 1.343361 0.3373359 1

0.6609174 -0.750356 -0.01242174 0
0.1484786 0.1145201 0.9822623 0
-0.7356237 -0.6510385 0.1871 0
0.6244981 1.230965 -0.09365319 1

0.559569 -0.7396972 -0.3738054 0
0.7356238 0.6510384 -0.1871 0
0.381759 -0.1702849 0.9084398 0
0.5069501 1.681317 0.02401073 1

0.02289367 -0.03644598 -0.9990734 0
0.6913911 0.7224043 -0.01050998 0
0.7221178 -0.69051 0.0417368 0
-0.395883 1.417737 0.5093167 1

0.8421024 -0.369783 -0.3925865 0
0.2501107 -0.3771561 0.8917388 0
-0.477816 -0.8491255 -0.2251174 0
0.671425 1.267159 0.2167908 1

-0.5581749 0.4706383 0.6833304 0
-0.6751069 -0.7363902 -0.04427502 0
0.4823604 -0.4860342 0.7287654 0
0.3446521 1.680096 -0.112595 1

0.3296184 -0.2474069 -0.911121 0
-0.368938 -0.9220722 0.1169088 0
-0.8690434 0.297612 -0.3952097 0
0.5219482 1.549093 0.2372463 1

-0.2500584 -0.3930517 -0.8848621 0
0.8471792 0.3536572 -0.3965021 0
0.4687836 -0.8487856 0.2445502 0
-0.3203774 1.428828 0.4399808 1

0.03132647 -0.02836285 -0.9991068 0
0.754467 0.6563189 0.005024254 0
0.6555902 -0.7539505 0.04195882 0
-0.2437973 1.5657 0.4454176 1

0.03130111 -0.02838474 -0.9991068 0
0.7542852 0.6565281 0.004978999 0
0.6558004 -0.7537674 0.04196012 0
-0.2344923 1.586253 0.5070323 1

0.03132647 -0.02836285 -0.9991068 0
0.754467 0.6563189 0.005024254 0
0.6555902 -0.7539505 0.04195882 0
-0.2397732 1.583286 0.5720842 1

0.08438976 0.01835124 -0.9962639 0
0.7445383 0.6633211 0.07528543 0
0.6622244 -0.7481098 0.04231425 0
-0.2646249 1.555118 0.6218507 1

0.8822016 -0.4637897 0.08135882 0
-0.3140985 -0.4509035 0.8354809 0
-0.3508024 -0.7626174 -0.5434635 0
0.6062075 1.232944 0.2889501 1

0.8372875 -0.3597468 -0.4117424 0
0.1801712 -0.5294604 0.8289815 0
-0.5162247 -0.7682798 -0.3784947 0
0.6700914 1.205597 0.4296615 1

0.8372875 -0.3597468 -0.4117424 0
0.1801712 -0.5294604 0.8289815 0
-0.5162247 -0.7682798 -0.3784947 0
0.7298813 1.179016 0.4247842 1

0.8372875 -0.3597468 -0.4117424 0
0.1801712 -0.5294604 0.8289815 0
-0.5162247 -0.7682798 -0.3784947 0
0.7825469 1.156615 0.393272 1

0.8372875 -0.3597468 -0.4117424 0
0.1801712 -0.5294604 0.8289815 0
-0.5162247 -0.7682798 -0.3784947 0
0.8128042 1.14971 0.3391955 1

-0.5581749 0.4706383 0.6833304 0
-0.6751069 -0.7363902 -0.04427502 0
0.4823604 -0.4860342 0.7287654 0
0.270124 1.598802 -0.1174828 1

0.3296184 -0.2474069 -0.911121 0
-0.368938 -0.9220722 0.1169088 0
-0.8690434 0.297612 -0.3952097 0
0.4812195 1.447302 0.2501524 1

-0.001207054 -0.2244507 -0.9744846 0
0.8951568 0.4341346 -0.101102 0
0.4457499 -0.8724385 0.2003945 0
-0.2565302 1.455482 0.4100986 1

0.03992647 -0.02154368 -0.9989702 0
0.8108845 0.5848713 0.01979582 0
0.5838426 -0.8108398 0.04082125 0
-0.1869373 1.615163 0.4457964 1

0.03992629 -0.02154373 -0.9989702 0
0.8108845 0.5848714 0.01979575 0
0.5838426 -0.8108398 0.04082118 0
-0.1817179 1.632188 0.5073807 1

0.03992647 -0.02154368 -0.9989702 0
0.8108845 0.5848713 0.01979582 0
0.5838426 -0.8108398 0.04082125 0
-0.191422 1.625347 0.5724062 1

0.03992632 -0.02154377 -0.9989701 0
0.8108846 0.5848713 0.01979561 0
0.5838426 -0.81084 0.04082122 0
-0.2279964 1.587751 0.6255546 1

0.908071 -0.3025705 -0.2895827 0
0.03942974 -0.6265981 0.7783445 0
-0.416956 -0.7182105 -0.5570652 0
0.582536 1.198962 0.3519148 1

0.8342268 -0.3468918 -0.4286397 0
0.1040804 -0.6643077 0.7401775 0
-0.5415099 -0.6620889 -0.5180785 0
0.6836691 1.165697 0.4921334 1

0.8342267 -0.3468916 -0.4286398 0
0.1040807 -0.6643078 0.7401774 0
-0.54151 -0.6620889 -0.5180784 0
0.7424878 1.141969 0.482788 1

0.8342268 -0.3468918 -0.4286397 0
0.1040804 -0.6643077 0.7401775 0
-0.5415099 -0.6620889 -0.5180785 0
0.7940942 1.122682 0.4464014 1

0.8342268 -0.3468918 -0.4286397 0
0.1040804 -0.6643077 0.7401775 0
-0.5415099 -0.6620889 -0.5180785 0
0.8216686 1.12366 0.3799814 1

0.08488719 -0.1511819 -0.9848545 0
0.8709525 0.491367 -0.0003585517 0
0.4839791 -0.8577311 0.1733829 0
-0.1892831 1.488095 0.4025035 1

0.04436767 -0.01848891 -0.998844 0
0.8360937 0.5479219 0.02699633 0
0.5467894 -0.8363252 0.0397684 0
-0.1260209 1.6591 0.4472834 1

0.04436776 -0.01848887 -0.9988441 0
0.8360939 0.5479219 0.0269963 0
0.5467894 -0.8363252 0.0397684 0
-0.1248266 1.673222 0.5087695 1

0.04436767 -0.01848891 -0.998844 0
0.8360937 0.5479219 0.02699633 0
0.5467894 -0.8363252 0.0397684 0
-0.1415504 1.661318 0.5736236 1

0.04436782 -0.0184889 -0.998844 0
0.8360939 0.5479219 0.0269963 0
0.5467894 -0.8363253 0.03976844 0
-0.1855627 1.618357 0.6265905 1

0.8780828 -0.2552241 -0.4047609 0
0.1673325 -0.6286953 0.7594354 0
-0.4482972 -0.7345769 -0.5093392 0
0.5854983 1.151888 0.4103892 1

0.8333201 -0.3394315 -0.436307 0
0.06463487 -0.7240381 0.6867248 0
-0.548999 -0.6004626 -0.5814164 0
0.6914887 1.115787 0.5477431 1

0.8333201 -0.3394314 -0.4363072 0
0.0646352 -0.7240382 0.6867248 0
-0.548999 -0.6004626 -0.5814164 0
0.7497901 1.095361 0.5347188 1

0.8333201 -0.3394315 -0.436307 0
0.06463487 -0.7240381 0.6867248 0
-0.548999 -0.6004626 -0.5814164 0
0.8004952 1.081827 0.4919224 1

0.8333201 -0.3394315 -0.436307 0
0.06463487 -0.7240381 0.6867248 0
-0.548999 -0.6004626 -0.5814164 0
0.8271151 1.088897 0.4187148 1

0.08488719 -0.1511819 -0.9848545 0
0.8709525 0.491367 -0.0003585517 0
0.4839791 -0.8577311 0.1733829 0
-0.100338 1.538275 0.4024669 1

0.04436767 -0.01848891 -0.998844 0
0.8360937 0.5479219 0.02699633 0
0.5467894 -0.8363252 0.0397684 0
-0.04063589 1.715056 0.4500404 1

0.04436776 -0.01848887 -0.9988441 0
0.8360939 0.5479219 0.0269963 0
0.5467894 -0.8363252 0.0397684 0
-0.06026705 1.71553 0.510854 1

0.04436767 -0.01848891 -0.998844 0
0.8360937 0.5479219 0.02699633 0
0.5467894 -0.8363252 0.0397684 0
-0.09016917 1.69499 0.5752826 1

0.04436782 -0.0184889 -0.998844 0
0.8360939 0.5479219 0.0269963 0
0.5467894 -0.8363253 0.03976844 0
-0.1389777 1.648886 0.6280947 1

0.8780828 -0.2552241 -0.4047609 0
0.1673325 -0.6286953 0.7594354 0
-0.4482972 -0.7345769 -0.5093392 0
0.6025873 1.087682 0.4879478 1

0.8333201 -0.3394315 -0.436307 0
0.06463487 -0.7240381 0.6867248 0
-0.548999 -0.6004626 -0.5814164 0
0.6980892 1.041848 0.6178713 1

0.8333201 -0.3394314 -0.4363072 0
0.0646352 -0.7240382 0.6867248 0
-0.548999 -0.6004626 -0.5814164 0
0.7547805 1.039459 0.5877409 1

0.8333201 -0.3394315 -0.436307 0
0.06463487 -0.7240381 0.6867248 0
-0.548999 -0.6004626 -0.5814164 0
0.8044676 1.037328 0.5341285 1

0.8333201 -0.3394315 -0.436307 0
0.06463487 -0.7240381 0.6867248 0
-0.548999 -0.6004626 -0.5814164 0
0.8307159 1.048561 0.4569723 1

0.9294885 0.0996872 0.3551246 0
-0.1338512 0.9883161 0.07290582 0
-0.3437076 -0.115299 0.9319717 0
-0.0246863 0.8880785 0.03539265 1

0.9815226 0.03369021 0.1883574 0
-0.02138931 0.9975262 -0.06696195 0
-0.1901474 0.06169582 0.9798151 0
-0.04335891 1.024242 0.04604234 1

-0.8579208 -0.1758375 -0.4827558 0
-0.1480609 -0.8151369 0.5600265 0
-0.4919857 0.5519357 0.6732882 0
-0.1873046 0.7942662 -0.07298514 1

-0.9766436 0.01300978 -0.2144714 0
-0.07099611 -0.9616412 0.2649637 0
-0.2027975 0.2740018 0.9401043 0
0.1826155 0.8339406 0.06834832 1

0.9294883 0.09968881 0.3551249 0
0.1338527 -0.9883159 -0.07290523 0
0.3437077 0.115299 -0.9319716 0
-0.07419591 0.6654394 0.2274751 1

-0.1338527 0.9883159 0.07290522 0
-0.9294883 -0.09968884 -0.3551249 0
-0.3437077 -0.115299 0.9319716 0
0.08336672 0.8683333 -0.2418778 1

0.9861447 -0.007554747 0.1657156 0
0.004629239 0.9998267 0.01803293 0
-0.1658231 -0.01701593 0.9860086 0
-0.04593083 1.144188 0.03799061 1

-0.8789739 -0.09662414 -0.4669782 0
0.4016758 -0.6778175 -0.6158083 0
-0.257024 -0.7288533 0.6345955 0
-0.2439865 0.4822084 0.1414091 1

-0.9880659 -0.0107893 -0.1536533 0
0.1145093 -0.7186403 -0.6858891 0
-0.1030212 -0.6952984 0.7112994 0
0.1554361 0.4657967 0.169784 1

0.9294883 0.09968881 0.3551249 0
0.1338527 -0.9883159 -0.07290523 0
0.3437077 0.115299 -0.9319716 0
-0.05978892 0.5590638 0.2196281 1

-0.1338527 0.9883159 0.07290522 0
-0.9294883 -0.09968884 -0.3551249 0
-0.3437077 -0.115299 0.9319716 0
0.1038577 0.7170358 -0.2530386 1

0.9894676 -0.04417762 0.1378488 0
0.03219193 0.9956005 0.08799766 0
-0.1411298 -0.08263321 0.9865364 0
-0.04510608 1.322316 0.04120333 1

-0.9264075 -0.009315699 -0.3764074 0
-0.09614564 -0.9606996 0.2604083 0
-0.3640403 0.2774341 0.8891034 0
-0.1127027 0.2606706 -0.0598616 1

-0.9873888 -0.0301796 -0.1554104 0
-0.05866981 -0.8420074 0.5362661 0
-0.1470411 0.5386211 0.8296182 0
0.1928624 0.2309163 -0.05439205 1

0.9294883 0.09968881 0.3551249 0
0.1338527 -0.9883159 -0.07290523 0
0.3437077 0.115299 -0.9319716 0
-0.04138479 0.4231749 0.2096039 1

-0.1338527 0.9883159 0.07290522 0
-0.9294883 -0.09968884 -0.3551249 0
-0.3437077 -0.115299 0.9319716 0
0.1276529 0.5413418 -0.265999 1

0.9945381 -0.06213555 0.08386359 0
0.0503788 0.9894725 0.1356699 0
-0.09141064 -0.1307039 0.9871984 0
-0.04941648 1.701874 0.1937833 1

-0.02197692 -0.1492671 0.9885527 0
-0.917991 0.3946608 0.03918386 0
-0.3959917 -0.9066214 -0.1456994 0
-0.2109785 1.574105 0.05030111 1

0.01772267 0.09301879 -0.9955068 0
0.9951978 0.09422406 0.02652144 0
0.09626785 -0.991196 -0.09090227 0
0.133346 1.558732 0.09827112 1

-0.9264074 -0.009314835 -0.3764075 0
-0.3752444 0.1051478 0.9209428 0
0.031 0.994413 -0.100905 0
-0.1387579 0.0003210902 0.01070915 1

-0.9873886 -0.03017882 -0.1554118 0
-0.1563939 0.03348102 0.9871271 0
-0.02458698 0.9989836 -0.03777853 0
0.1769628 0.002732217 0.09093605 1

0.9294883 0.09968881 0.3551249 0
0.1338527 -0.9883159 -0.07290523 0
0.3437077 0.115299 -0.9319716 0
-0.02240098 0.283006 0.1992641 1

-0.1338527 0.9883159 0.07290522 0
-0.9294883 -0.09968884 -0.3551249 0
-0.3437077 -0.115299 0.9319716 0
0.1484607 0.3877046 -0.2773324 1

0.9935033 0.0210893 -0.1118317 0
0.01149055 0.9590679 0.282943 0
0.1132212 -0.2823898 0.9525947 0
-0.05640372 1.825393 0.3681623 1

0.7129361 -0.04528996 0.6997648 0
-0.5961493 -0.5645882 0.5708294 0
0.3692262 -0.8241292 -0.429515 0
-0.393754 1.652683 0.05810276 1

-0.4485846 0.1436623 -0.8821186 0
0.5475067 -0.7359414 -0.3982798 0
-0.7064052 -0.661628 0.2514757 0
0.3314937 1.577492 0.1035516 1

-0.9264074 -0.009314835 -0.3764075 0
-0.3752444 0.1051478 0.9209428 0
0.031 0.994413 -0.100905 0
-0.2011684 0.01780927 0.1638804 1

-0.9873886 -0.03017882 -0.1554118 0
-0.1563939 0.03348102 0.9871271 0
-0.02458698 0.9989836 -0.03777853 0
0.1509515 0.008300722 0.2551144 1

0.9935033 0.0210893 -0.1118317 0
0.01149055 0.9590679 0.282943 0
0.1132212 -0.2823898 0.9525947 0
-0.04605861 1.953693 0.4842629 1

0.9935033 0.0210893 -0.1118317 0
0.01149055 0.9590679 0.282943 0
0.1132212 -0.2823898 0.9525947 0
-0.07664332 1.812009 0.5013708 1

0.9935033 0.0210893 -0.1118317 0
0.01149055 0.9590679 0.282943 0
0.1132212 -0.2823898 0.9525947 0
-0.006527212 1.813497 0.4934781 1

0.9935033 0.0210893 -0.1118317 0
0.08487717 -0.7919163 0.604702 0
-0.07580853 -0.6102654 -0.7885613 0
-0.05257065 1.792939 0.3960949 1

0.3546026 0.5521397 -0.7545851 0
0.8590279 0.1263056 0.4961028 0
0.3692263 -0.824129 -0.4295149 0
-0.6876631 1.374334 0.3395289 1

0.6597967 -0.7441499 -0.1044502 0
0.2562429 0.09213877 0.9622113 0
-0.706405 -0.6616281 0.2514758 0
0.6014218 1.214664 -0.09280547 1

0.5475067 -0.7359414 -0.3982798 0
0.7064052 0.661628 -0.2514757 0
0.4485846 -0.1436623 0.8821186 0
0.4828385 1.664918 0.02419307 1

0.02048868 -0.09135503 -0.9956076 0
0.75429 0.6550261 -0.04458135 0
0.6562216 -0.7500634 0.08232873 0
-0.4161697 1.414252 0.4963211 1

0.7639097 -0.3835581 -0.5189657 0
0.4069546 -0.3378001 0.8486929 0
-0.5008295 -0.8595198 -0.1019583 0
0.6824074 1.243784 0.2113014 1

-0.5184592 0.4734607 0.7120641 0
-0.6605745 -0.7505428 0.01807639 0
0.5429931 -0.4609995 0.7018819 0
0.3113545 1.657601 -0.1004784 1

0.2696314 -0.2596442 -0.9272993 0
-0.3398609 -0.9266545 0.1606419 0
-0.900996 0.2718388 -0.3380983 0
0.5157077 1.537486 0.238338 1

-0.2835072 -0.414865 -0.8645871 0
0.8763736 0.2539625 -0.4092339 0
0.3893495 -0.8737221 0.2915766 0
-0.3398982 1.414742 0.4269383 1

0.02944523 -0.08421233 -0.9960127 0
0.8100126 0.5858539 -0.02558708 0
0.5856727 -0.8060294 0.08546371 0
-0.2511824 1.544185 0.4255917 1

0.02941796 -0.08423197 -0.9960119 0
0.8098503 0.5860758 -0.02564445 0
0.5858985 -0.8058661 0.08545649 0
-0.2401073 1.567049 0.4860892 1

0.02944523 -0.08421233 -0.9960127 0
0.8100126 0.5858539 -0.02558708 0
0.5856727 -0.8060294 0.08546371 0
-0.2457018 1.568032 0.5511752 1

0.08646265 -0.04232467 -0.9953557 0
0.800694 0.5974447 0.0441484 0
0.5928014 -0.8007925 0.0855458 0
-0.2730647 1.544919 0.6022131 1

0.8867796 -0.4425159 -0.1334248 0
-0.08850428 -0.4459143 0.8906896 0
-0.45364 -0.7780362 -0.4345924 0
0.6312565 1.212483 0.2951747 1

0.7556964 -0.3743673 -0.5373757 0
0.3287082 -0.4928772 0.80562 0
-0.5664576 -0.7854435 -0.249408 0
0.7191637 1.191394 0.4234568 1

0.7556964 -0.3743673 -0.5373757 0
0.3287082 -0.4928772 0.80562 0
-0.5664576 -0.7854435 -0.249408 0
0.7774469 1.164821 0.4092408 1

0.7556964 -0.3743673 -0.5373757 0
0.3287082 -0.4928772 0.80562 0
-0.5664576 -0.7854435 -0.249408 0
0.8239915 1.14126 0.3699093 1

0.7556964 -0.3743673 -0.5373757 0
0.3287082 -0.4928772 0.80562 0
-0.5664576 -0.7854435 -0.249408 0
0.8443465 1.132141 0.3116858 1

-0.5184592 0.4734607 0.7120641 0
-0.6605745 -0.7505428 0.01807639 0
0.5429931 -0.4609995 0.7018819 0
0.2384307 1.574745 -0.09848294 1

0.2696314 -0.2596442 -0.9272993 0
-0.3398609 -0.9266545 0.1606419 0
-0.900996 0.2718388 -0.3380983 0
0.478189 1.435188 0.256072 1

-0.02023557 -0.2744901 -0.961377 0
0.9310528 0.3452219 -0.1181642 0
0.3643231 -0.8974839 0.2485789 0
-0.2738507 1.433882 0.3960965 1

0.03842318 -0.07830529 -0.9961888 0
0.8588578 0.5121646 -0.007132411 0
0.510771 -0.8553103 0.08693217 0
-0.1901363 1.588337 0.4236634 1

0.03842318 -0.07830529 -0.9961888 0
0.8588579 0.5121645 -0.007132381 0
0.5107709 -0.8553103 0.08693213 0
-0.1834452 1.608055 0.484295 1

0.03842318 -0.07830529 -0.9961888 0
0.8588578 0.5121646 -0.007132411 0
0.510771 -0.8553103 0.08693217 0
-0.1937911 1.605577 0.5495353 1

0.03842309 -0.07830539 -0.9961887 0
0.8588578 0.5121645 -0.007132441 0
0.5107711 -0.8553104 0.08693217 0
-0.2336736 1.574311 0.604385 1

0.7592735 -0.2411264 -0.6044518 0
0.3397903 -0.645268 0.6842313 0
-0.5550192 -0.7249053 -0.4080027 0
0.6245865 1.178877 0.3623002 1

0.7495762 -0.3622579 -0.55399 0
0.2396423 -0.6316487 0.7372872 0
-0.6170149 -0.6854119 -0.3866566 0
0.7439352 1.154251 0.4841684 1

0.7495761 -0.3622577 -0.5539904 0
0.2396426 -0.6316487 0.737287 0
-0.6170149 -0.6854119 -0.3866566 0
0.8004466 1.130334 0.46561 1

0.7495762 -0.3622579 -0.55399 0
0.2396423 -0.6316487 0.7372872 0
-0.6170149 -0.6854119 -0.3866566 0
0.8450585 1.109672 0.4215415 1

0.7495762 -0.3622579 -0.55399 0
0.2396423 -0.6316487 0.7372872 0
-0.6170149 -0.6854119 -0.3866566 0
0.8605189 1.107892 0.3513223 1

0.07217646 -0.2099806 -0.9750378 0
0.9120094 0.409646 -0.0207091 0
0.403769 -0.8877491 0.2210711 0
-0.2039069 1.459816 0.3872197 1

0.04284698 -0.07579111 -0.9962029 0
0.8795553 0.4757941 0.001631469 0
0.4738636 -0.8762853 0.08704887 0
-0.1256161 1.626813 0.4231276 1

0.04284707 -0.07579114 -0.9962029 0
0.8795553 0.475794 0.001631677 0
0.4738636 -0.8762853 0.08704889 0
-0.1231881 1.643988 0.4837945 1

0.04284698 -0.07579111 -0.9962029 0
0.8795553 0.4757941 0.001631469 0
0.4738636 -0.8762853 0.08704887 0
-0.140969 1.637077 0.5490967 1

0.04284719 -0.07579122 -0.9962028 0
0.8795552 0.4757942 0.001631707 0
0.4738637 -0.8762851 0.08704898 0
-0.1887294 1.601113 0.6040117 1

0.6544788 -0.1702027 -0.7366742 0
0.4883748 -0.6486381 0.583746 0
-0.5771899 -0.7418221 -0.3413973 0
0.6501138 1.130401 0.4137041 1

0.7472565 -0.355136 -0.5616819 0
0.1920583 -0.6937407 0.6941455 0
-0.6361774 -0.6265802 -0.4501956 0
0.7619396 1.106795 0.5395607 1

0.7472564 -0.3551358 -0.5616822 0
0.1920586 -0.6937407 0.6941452 0
-0.6361775 -0.6265802 -0.4501955 0
0.8172599 1.086018 0.5173382 1

0.7472565 -0.355136 -0.5616819 0
0.1920583 -0.6937407 0.6941455 0
-0.6361774 -0.6265802 -0.4501956 0
0.8597964 1.070826 0.4668847 1

0.7472565 -0.355136 -0.5616819 0
0.1920583 -0.6937407 0.6941455 0
-0.6361774 -0.6265802 -0.4501956 0
0.8730593 1.074838 0.3899045 1

0.07217646 -0.2099806 -0.9750378 0
0.9120094 0.409646 -0.0207091 0
0.403769 -0.8877491 0.2210711 0
-0.110769 1.50165 0.3851048 1

0.04284698 -0.07579111 -0.9962029 0
0.8795553 0.4757941 0.001631469 0
0.4738636 -0.8762853 0.08704887 0
-0.03579244 1.675403 0.4232942 1

0.04284707 -0.07579114 -0.9962029 0
0.8795553 0.475794 0.001631677 0
0.4738636 -0.8762853 0.08704889 0
-0.05527265 1.680727 0.4839206 1

0.04284698 -0.07579111 -0.9962029 0
0.8795553 0.4757941 0.001631469 0
0.4738636 -0.8762853 0.08704887 0
-0.08691685 1.666316 0.5491969 1

0.04284719 -0.07579122 -0.9962028 0
0.8795552 0.4757942 0.001631707 0
0.4738637 -0.8762851 0.08704898 0
-0.1397229 1.627623 0.6041026 1

0.6544788 -0.1702027 -0.7366742 0
0.4883748 -0.6486381 0.583746 0
-0.5771899 -0.7418221 -0.3413973 0
0.6999898 1.064157 0.4733203 1

0.7472565 -0.355136 -0.5616819 0
0.1920583 -0.6937407 0.6941455 0
-0.6361774 -0.6265802 -0.4501956 0
0.7815526 1.035951 0.610447 1

0.7472564 -0.3551358 -0.5616822 0
0.1920586 -0.6937407 0.6941452 0
-0.6361775 -0.6265802 -0.4501955 0
0.8320886 1.032454 0.5709332 1

0.7472565 -0.355136 -0.5616819 0
0.1920583 -0.6937407 0.6941455 0
-0.6361774 -0.6265802 -0.4501956 0
0.8716005 1.028188 0.5095469 1

0.7472565 -0.355136 -0.5616819 0
0.1920583 -0.6937407 0.6941455 0
-0.6361774 -0.6265802 -0.4501956 0
0.883759 1.036189 0.4285753 1

0.9274916 0.1360578 0.3482063 0
-0.172559 0.9820706 0.07589941 0
-0.3316364 -0.1304822 0.9343402 0
-0.03888179 0.8719926 0.04053583 1

0.9755346 0.04168728 0.2158576 0
-0.02868316 0.9975993 -0.06303136 0
-0.2179669 0.05529777 0.9743883 0
-0.06288243 1.007286 0.05159971 1

-0.8505902 -0.1618915 -0.5002874 0
-0.2255261 -0.7471554 0.6252174 0
-0.4750098 0.6446317 0.5990122 0
-0.1984645 0.7719561 -0.06678254 1

-0.985183 -0.01916497 -0.1704321 0
-0.02452297 -0.9677848 0.2505821 0
-0.169744 0.2510487 0.9529751 0
0.1706607 0.8261054 0.07179754 1

0.9274913 0.1360594 0.3482065 0
0.1725605 -0.9820704 -0.07589883 0
0.3316365 0.1304822 -0.9343402 0
-0.07799657 0.6472328 0.2325464 1

-0.1725605 0.9820704 0.07589883 0
-0.9274912 -0.1360594 -0.3482065 0
-0.3316365 -0.1304822 0.9343402 0
0.06772877 0.8570387 -0.2375914 1

0.9800582 -0.003867298 0.1986731 0
0.0002089739 0.9998301 0.01843133 0
-0.1987105 -0.01802226 0.9798925 0
-0.06633139 1.12724 0.04402061 1

-0.9020687 -0.05840434 -0.4276226 0
0.3591181 -0.6511307 -0.6686277 0
-0.2393874 -0.7567152 0.6083387 0
-0.2848023 0.4859236 0.1725686 1

-0.9916874 0.008825988 -0.1283677 0
0.08631878 -0.6942134 -0.7145747 0
-0.09542134 -0.7197154 0.6876807 0
0.1612726 0.4556095 0.1677276 1

0.9274913 0.1360594 0.3482065 0
0.1725605 -0.9820704 -0.07589883 0
0.3316365 0.1304822 -0.9343402 0
-0.05942333 0.5415294 0.2243772 1

-0.1725605 0.9820704 0.07589883 0
-0.9274912 -0.1360594 -0.3482065 0
-0.3316365 -0.1304822 0.9343402 0
0.09414541 0.7066973 -0.2492105 1

0.9832844 -0.04594739 0.1761841 0
0.03130448 0.9958883 0.08500917 0
-0.1793656 -0.07807285 0.9806797 0
-0.06629416 1.305368 0.04730431 1

-0.9473253 -0.09817321 -0.3048554 0
0.03915672 -0.9802227 0.1939853 0
-0.3178703 0.1718302 0.9324339 0
-0.1674281 0.273108 -0.04596555 1

-0.9911628 -0.02956399 -0.1293149 0
-0.04652081 -0.8354639 0.547573 0
-0.1242264 0.54875 0.8267052 0
0.1894851 0.2287127 -0.06582414 1

0.9274913 0.1360594 0.3482065 0
0.1725605 -0.9820704 -0.07589883 0
0.3316365 0.1304822 -0.9343402 0
-0.03569707 0.4064993 0.2139415 1

-0.1725605 0.9820704 0.07589883 0
-0.9274912 -0.1360594 -0.3482065 0
-0.3316365 -0.1304822 0.9343402 0
0.1248217 0.5321136 -0.2627031 1

0.9912096 -0.06096417 0.1174174 0
0.0446616 0.9895938 0.1367832 0
-0.1245344 -0.1303368 0.9836177 0
-0.07553119 1.685585 0.1980138 1

-0.06985907 -0.1419505 0.9874055 0
-0.913012 0.4078893 -0.005957186 0
-0.4019066 -0.9019294 -0.1580973 0
-0.2317519 1.557589 0.04892854 1

0.04935735 0.08626296 -0.9950492 0
0.9944881 0.08802937 0.05696106 0
0.09250725 -0.9923759 -0.08144267 0
0.1104209 1.5416 0.1102388 1

-0.9473253 -0.0981724 -0.3048556 0
-0.3152114 0.117235 0.9417525 0
-0.05671438 0.9882401 -0.1420047 0
-0.1568163 0.007467687 0.006604552 1

-0.9911627 -0.02956321 -0.1293163 0
-0.1299426 0.02034227 0.9913129 0
-0.02667584 0.9993561 -0.0240041 0
0.1768779 0.002302051 0.08256817 1

0.9274913 0.1360594 0.3482065 0
0.1725605 -0.9820704 -0.07589883 0
0.3316365 0.1304822 -0.9343402 0
-0.01122347 0.267216 0.203177 1

-0.1725605 0.9820704 0.07589883 0
-0.9274912 -0.1360594 -0.3482065 0
-0.3316365 -0.1304822 0.9343402 0
0.1516469 0.3794472 -0.2745019 1

0.9943001 0.01535443 -0.1055055 0
0.01549362 0.9582618 0.285472 0
0.1054851 -0.2854795 0.952562 0
-0.088539 1.80918 0.3719939 1

0.7213516 -0.1298263 0.680292 0
-0.6410358 -0.4969752 0.5848836 0
0.262155 -0.857998 -0.4417172 0
-0.413536 1.638801 0.04774246 1

-0.476391 0.09737553 -0.873825 0
0.5503483 -0.7420482 -0.3827294 0
-0.6856885 -0.6632366 0.2999144 0
0.3084274 1.559127 0.12158 1

-0.9473253 -0.0981724 -0.3048556 0
-0.3152114 0.117235 0.9417525 0
-0.05671438 0.9882401 -0.1420047 0
-0.2092421 0.02696627 0.1632368 1

-0.9911627 -0.02956321 -0.1293163 0
-0.1299426 0.02034227 0.9913129 0
-0.02667584 0.9993561 -0.0240041 0
0.155266 0.005685389 0.2474428 1

0.9943001 0.01535443 -0.1055055 0
0.01549362 0.9582618 0.285472 0
0.1054851 -0.2854795 0.952562 0
-0.07815363 1.937121 0.4884865 1

0.9943001 0.01535443 -0.1055055 0
0.01549362 0.9582618 0.285472 0
0.1054851 -0.2854795 0.952562 0
-0.1097013 1.795582 0.5050372 1

0.9943001 0.01535443 -0.1055055 0
0.01549362 0.9582618 0.285472 0
0.1054851 -0.2854795 0.952562 0
-0.039529 1.796665 0.497591 1

0.9943001 0.01535443 -0.1055055 0
0.07626507 -0.7939431 0.6031898 0
-0.07450369 -0.6077982 -0.7905887 0
-0.08507877 1.776633 0.3998667 1

0.3820838 0.5126045 -0.7689272 0
0.886164 0.03280523 0.462209 0
0.2621552 -0.8579978 -0.4417172 0
-0.7295748 1.393786 0.3360976 1

0.6487019 -0.7437038 -0.1615275 0
0.3301786 0.08379762 0.9401919 0
-0.6856883 -0.6632367 0.2999144 0
0.5797563 1.193288 -0.06711046 1

0.5503483 -0.7420482 -0.3827294 0
0.6856885 0.6632366 -0.2999144 0
0.476391 -0.09737553 0.873825 0
0.45568 1.645865 0.03417551 1

0.04845646 -0.1869155 -0.9811804 0
0.794667 0.6023325 -0.07549945 0
0.6051087 -0.776053 0.1777225 0
-0.4495051 1.404154 0.4821778 1

0.7017549 -0.3973928 -0.5912862 0
0.5075179 -0.3036022 0.8063819 0
-0.499966 -0.8659705 -0.01137055 0
0.6841093 1.219772 0.2300372 1

-0.5071468 0.4938411 0.7063453 0
-0.6448025 -0.7612072 0.06923775 0
0.5718675 -0.4203393 0.7044735 0
0.2808781 1.63003 -0.08497515 1

0.2480804 -0.2940997 -0.9230179 0
-0.3167189 -0.9250653 0.209627 0
-0.9155029 0.2403328 -0.3226375 0
0.4971774 1.528359 0.2524594 1

-0.2789573 -0.4778887 -0.83295 0
0.9039096 0.1621952 -0.3957781 0
0.3242383 -0.8633164 0.3867227 0
-0.3710458 1.393543 0.4161237 1

0.05756631 -0.1805609 -0.9818779 0
0.8438362 0.5343778 -0.04879555 0
0.5335043 -0.825735 0.1831261 0
-0.274452 1.516831 0.406241 1

0.05753803 -0.180579 -0.9818763 0
0.8436893 0.5346021 -0.0488795 0
0.5337396 -0.8255858 0.1831125 0
-0.2640298 1.544669 0.4647371 1

0.05756631 -0.1805609 -0.9818779 0
0.8438362 0.5343778 -0.04879555 0
0.5335043 -0.825735 0.1831261 0
-0.2717526 1.55218 0.5291762 1

0.1169212 -0.1420659 -0.9829277 0
0.8329043 0.5530863 0.01913628 0
0.5409253 -0.820922 0.1829949 0
-0.3022127 1.535687 0.5810215 1

0.85095 -0.4247454 -0.3089918 0
0.09974372 -0.4469 0.8890062 0
-0.5156895 -0.7873197 -0.3379241 0
0.6435125 1.191248 0.3204208 1

0.6913354 -0.3889411 -0.6089175 0
0.4264427 -0.4606729 0.7784136 0
-0.5832686 -0.7978131 -0.1526186 0
0.7461099 1.175482 0.4381234 1

0.6913354 -0.3889411 -0.6089175 0
0.4264427 -0.4606729 0.7784136 0
-0.5832686 -0.7978131 -0.1526186 0
0.802604 1.148786 0.4181 1

0.6913354 -0.3889411 -0.6089175 0
0.4264427 -0.4606729 0.7784136 0
-0.5832686 -0.7978131 -0.1526186 0
0.8444575 1.124099 0.3744276 1

0.6913354 -0.3889411 -0.6089175 0
0.4264427 -0.4606729 0.7784136 0
-0.5832686 -0.7978131 -0.1526186 0
0.857927 1.112974 0.3145755 1

-0.5071468 0.4938411 0.7063453 0
-0.6448025 -0.7612072 0.06923775 0
0.5718675 -0.4203393 0.7044735 0
0.2096954 1.545997 -0.07733168 1

0.2480804 -0.2940997 -0.9230179 0
-0.3167189 -0.9250653 0.209627 0
-0.9155029 0.2403328 -0.3226375 0
0.4622135 1.426237 0.2756011 1

-0.004334748 -0.362996 -0.9317808 0
0.9541581 0.2773594 -0.1124905 0
0.2992717 -0.8895537 0.3451534 0
-0.3029231 1.405767 0.3862961 1

0.0665721 -0.1753712 -0.9822491 0
0.8862644 0.4626319 -0.02253172 0
0.4583711 -0.8690321 0.1862236 0
-0.2108567 1.557104 0.4025635 1

0.06657207 -0.1753712 -0.9822491 0
0.8862642 0.4626318 -0.02253175 0
