MeshAnim
1
323
81
30
0.9854123 0.1355498 0.1029024 0
-0.1170771 0.9787819 -0.1681636 0
-0.1235135 0.1536629 0.9803734 0
-0.0002267742 0.7750781 0.01818193 1

0.9353637 0.2054711 -0.2878827 0
-0.2106864 0.9774658 0.0131046 0
0.2840881 0.04839537 0.957576 0
-0.01644539 0.9101005 -0.004368208 1

-0.9494562 -0.05494598 -0.3090531 0
-0.00243903 -0.9832398 0.1823014 0
-0.31389 0.173841 0.933409 0
-0.1828477 0.6656572 -0.02265725 1

-0.9366675 0.07846612 -0.3413173 0
-0.3215931 -0.5786185 0.7495191 0
-0.1386806 0.8118152 0.567207 0
0.209329 0.7196042 0.01829606 1

0.9854121 0.1355514 0.1029023 0
0.1170787 -0.9787816 0.1681638 0
0.1235137 -0.1536629 -0.9803734 0
-0.004263709 0.6139697 0.2690659 1

-0.1170787 0.9787816 -0.1681638 0
-0.9854121 -0.1355514 -0.1029023 0
-0.1235137 0.1536629 0.9803734 0
0.04234087 0.6769711 -0.2602193 1

0.9347343 0.1133497 -0.3367844 0
-0.1187389 0.9929147 0.004623903 0
0.3349223 0.03566728 0.9415703 0
-0.04177903 1.027634 -0.002792465 1

-0.9120041 -0.04972056 -0.4071568 0
0.4094447 -0.05089016 -0.9109145 0
0.02457092 -0.997466 0.06676988 0
-0.1837814 0.2892447 0.04713298 1

-0.975437 0.1672811 -0.143318 0
-0.06216629 -0.8332235 -0.5494308 0
-0.2113253 -0.5270256 0.823156 0
0.08621395 0.4980924 0.3052334 1

0.9854121 0.1355514 0.1029023 0
0.1170787 -0.9787816 0.1681638 0
0.1235137 -0.1536629 -0.9803734 0
0.00833785 0.5086203 0.287166 1

-0.1170787 0.9787816 -0.1681638 0
-0.9854121 -0.1355514 -0.1029023 0
-0.1235137 0.1536629 0.9803734 0
0.06026401 0.5271331 -0.2344757 1

0.9231951 0.02241982 -0.3836771 0
-0.03157274 0.999347 -0.01757375 0
0.3830326 0.02833776 0.9233001 0
-0.06293338 1.20453 -0.001968684 1

-0.9392381 -0.02521908 -0.3423389 0
0.03880883 -0.9987048 -0.03290396 0
-0.3410656 -0.04419041 0.9390002 0
-0.04995839 0.2726118 -0.2505903 1

-0.9903433 8.642673E-07 -0.1386384 0
-0.07678326 -0.8326277 0.548485 0
-0.1154336 0.5538334 0.8245869 0
0.0658955 0.2257615 0.1256574 1

0.9854121 0.1355514 0.1029023 0
0.1170787 -0.9787816 0.1681638 0
0.1235137 -0.1536629 -0.9803734 0
0.02443563 0.3740423 0.3102877 1

-0.1170787 0.9787816 -0.1681638 0
-0.9854121 -0.1355514 -0.1029023 0
-0.1235137 0.1536629 0.9803734 0
0.08107723 0.353134 -0.2045811 1

0.8781366 0.09903209 -0.468048 0
-0.1027833 0.9945482 0.01759319 0
0.4672386 0.03265826 0.8835278 0
-0.02940813 1.598845 0.1017405 1

0.5628893 0.001754194 0.8265306 0
-0.8129622 0.1816376 0.5532634 0
-0.1491586 -0.983364 0.103668 0
-0.2269008 1.446939 0.0711541 1

-0.3874758 -0.003142312 -0.9218745 0
0.8500574 0.3857525 -0.3586048 0
0.3567423 -0.922597 -0.1467986 0
0.09436162 1.454741 -0.06236161 1

-0.9414095 3.069639E-06 -0.3372654 0
-0.337247 -0.01047072 0.9413579 0
-0.003528476 0.9999454 0.009858119 0
-0.03944089 0.001962841 -0.2595071 1

-0.9903431 1.639128E-06 -0.1386398 0
-0.1386262 0.01394214 0.9902467 0
0.001934588 0.9999028 -0.01380732 0
0.04508724 0.0001193881 0.2742969 1

0.9854121 0.1355514 0.1029023 0
0.1170787 -0.9787816 0.1681638 0
0.1235137 -0.1536629 -0.9803734 0
0.04104045 0.2352256 0.3341377 1

-0.1170787 0.9787816 -0.1681638 0
-0.9854121 -0.1355514 -0.1029023 0
-0.1235137 0.1536629 0.9803734 0
0.09927754 0.2009789 -0.1784394 1

0.4706089 -0.09660968 -0.877037 0
-0.005371392 0.9936555 -0.112338 0
0.8823255 0.05757816 0.4671043 0
0.02882303 1.748693 0.2426974 1

0.8548462 0.5175964 0.03650001 0
0.2226898 -0.4295038 0.8751777 0
0.4686656 -0.740014 -0.482423 0
-0.3887646 1.483104 0.1813109 1

-0.6537572 -0.7510387 -0.09242699 0
0.7043267 -0.5592963 -0.4371633 0
0.2766324 -0.3508973 0.8946203 0
0.2636113 1.531546 -0.1337612 1

-0.9414095 3.069639E-06 -0.3372654 0
-0.337247 -0.01047072 0.9413579 0
-0.003528476 0.9999454 0.009858119 0
-0.09553169 0.0002212524 -0.1029404 1

-0.9903431 1.639128E-06 -0.1386398 0
-0.1386262 0.01394214 0.9902467 0
0.001934588 0.9999028 -0.01380732 0
0.02203102 0.002438188 0.4389941 1

0.4706089 -0.09660968 -0.877037 0
-0.005371392 0.9936555 -0.112338 0
0.8823255 0.05757816 0.4671043 0
0.09463354 1.908069 0.2604545 1

0.4706089 -0.09660968 -0.877037 0
-0.005371392 0.9936555 -0.112338 0
0.8823255 0.05757816 0.4671043 0
0.1253588 1.783959 0.3308474 1

0.4706089 -0.09660968 -0.877037 0
-0.005371392 0.9936555 -0.112338 0
0.8823255 0.05757816 0.4671043 0
0.1585716 1.777141 0.2689507 1

0.4706089 -0.09660968 -0.877037 0
0.7171993 -0.5371063 0.4440065 0
-0.5139576 -0.8379637 -0.1834786 0
0.0608939 1.727746 0.2622135 1

-0.2676384 0.4014968 -0.8758826 0
0.8418565 0.539611 -0.009888433 0
0.4686656 -0.7400137 -0.4824233 0
-0.2789757 1.271353 0.6127847 1

0.6627685 -0.6044458 -0.4420218 0
0.6958538 0.7152036 0.06535466 0
0.2766323 -0.3508975 0.8946204 0
0.6108536 1.255806 -0.3492885 1

0.7043267 -0.5592963 -0.4371633 0
-0.2766324 0.3508973 -0.8946203 0
0.6537572 0.7510387 0.09242699 0
0.238229 1.557304 -0.322278 1

0.2961814 -0.562987 -0.7715715 0
0.8334942 0.546843 -0.07905935 0
0.4664378 -0.6196844 0.631211 0
-0.01290903 1.441895 0.6096596 1

0.4737028 -0.3421285 -0.8115132 0
0.2192649 0.938258 -0.267572 0
0.8529528 -0.05118681 0.5194724 0
0.8307782 1.481846 -0.3286332 1

-0.3667715 0.6768225 0.6382714 0
0.2841405 -0.571802 0.7696148 0
0.8858572 0.4636314 0.01740802 0
0.1155433 1.406249 -0.2378169 1

-0.002296507 -0.8031037 -0.5958351 0
0.631399 -0.4632101 0.6219096 0
-0.7754547 -0.3747814 0.5081425 0
0.4337875 1.66885 -0.2105104 1

-0.08376935 -0.7807423 -0.6192126 0
0.9875785 0.0178517 -0.1561117 0
0.1329368 -0.6245983 0.7695486 0
0.07930733 1.408229 0.578127 1

0.3328488 -0.5445961 -0.769823 0
0.9284067 0.3322301 0.1663861 0
0.1651451 -0.77009 0.6161888 0
0.1850528 1.520259 0.5482085 1

0.3341594 -0.5441329 -0.7695823 0
0.9298156 0.3239116 0.1747125 0
0.1542096 -0.7739513 0.6141815 0
0.1815736 1.569537 0.5913929 1

0.3358815 -0.5435438 -0.7692488 0
0.9314654 0.3129314 0.1855967 0
0.1398421 -0.7788673 0.6114002 0
0.1573643 1.602003 0.6426606 1

0.4023051 -0.5199791 -0.7535069 0
0.9052588 0.3487365 0.2426712 0
0.1365913 -0.7797467 0.6110141 0
0.1127264 1.606708 0.6859397 1

0.4807796 0.1163745 -0.8690848 0
0.2855769 0.9163314 0.2806829 0
0.8290339 -0.3831368 0.4073195 0
0.8482028 1.560926 -0.2648078 1

0.4598422 -0.3774754 -0.803777 0
0.4913836 0.8621073 -0.1237474 0
0.7396536 -0.3380586 0.5819184 0
0.8523386 1.702355 -0.3327004 1

0.4547863 -0.3856584 -0.8027685 0
0.5532831 0.8286802 -0.08465933 0
0.6978878 -0.4056564 0.5902506 0
0.8820963 1.700718 -0.3911552 1

0.4476511 -0.3953913 -0.8020439 0
0.6255852 0.7793681 -0.03504975 0
0.6389458 -0.4860566 0.5962358 0
0.9122785 1.67235 -0.4416798 1

0.4413313 -0.4027237 -0.8018981 0
0.6789425 0.7341749 0.004949406 0
0.58674 -0.546627 0.5974405 0
0.9303252 1.619612 -0.4696165 1

-0.3667715 0.6768225 0.6382714 0
0.2841405 -0.571802 0.7696148 0
0.8858572 0.4636314 0.01740802 0
0.1469108 1.343125 -0.1528556 1

-0.002296507 -0.8031037 -0.5958351 0
0.631399 -0.4632101 0.6219096 0
-0.7754547 -0.3747814 0.5081425 0
0.5034905 1.617714 -0.141855 1

0.06889687 -0.7699009 -0.6344337 0
0.9915879 0.1226977 -0.04121453 0
0.1095746 -0.626257 0.7718779 0
0.1537357 1.409575 0.5663615 1

0.36727 -0.5365027 -0.7597881 0
0.9220757 0.1028498 0.373093 0
-0.1220213 -0.8376077 0.5324699 0
0.2550217 1.545297 0.5607481 1

0.3700585 -0.5362207 -0.7586332 0
0.9175777 0.08326177 0.3887396 0
-0.1452852 -0.8399615 0.522836 0
0.2466293 1.5922 0.6036168 1

0.3735005 -0.5359535 -0.7571337 0
0.9111651 0.05886646 0.4078153 0
-0.1740005 -0.8421929 0.5103287 0
0.2170587 1.622057 0.6545547 1

0.3762152 -0.5358065 -0.7558928 0
0.9054233 0.03945212 0.4226729 0
-0.1966493 -0.8434187 0.4999742 0
0.1572614 1.623864 0.697878 1

0.4239987 -0.03685912 -0.9049124 0
0.3907443 0.9088367 0.1460653 0
0.8170336 -0.4155209 0.399748 0
0.8697248 1.629984 -0.2436545 1

0.4438447 -0.3999307 -0.8019086 0
0.6587428 0.7522938 -0.01058193 0
0.6075029 -0.5235549 0.597353 0
0.8893692 1.767323 -0.342026 1

0.4308755 -0.4128968 -0.8024105 0
0.7509842 0.6571001 0.06513652 0
0.5003693 -0.6306629 0.5932073 0
0.9208094 1.758701 -0.3970788 1

0.4125485 -0.4264082 -0.8049721 0
0.8414397 0.5169119 0.1574207 0
0.3489742 -0.742279 0.5720481 0
0.9523723 1.7223 -0.4439262 1

0.3966236 -0.4347508 -0.808506 0
0.8918614 0.3910972 0.2272134 0
0.2174232 -0.8111933 0.5428558 0
0.9637293 1.655733 -0.4693731 1

0.1006357 -0.7651384 -0.6359525 0
0.9833673 0.1736349 -0.05329464 0
0.1512013 -0.6200114 0.7698858 0
0.2282271 1.418792 0.5632654 1

0.3985136 -0.5369194 -0.7435758 0
0.8335145 -0.1262523 0.5378793 0
-0.382676 -0.8341331 0.3972168 0
0.3242911 1.553024 0.588776 1

0.4044618 -0.5380038 -0.7395694 0
0.8059328 -0.1725746 0.5662954 0
-0.4323001 -0.8250882 0.363795 0
0.3110062 1.598042 0.6308908 1

0.4116055 -0.5398302 -0.7342781 0
0.7672136 -0.22962 0.5988808 0
-0.4918989 -0.8098508 0.3196521 0
0.2730977 1.625678 0.6796365 1

0.4170626 -0.5416633 -0.7298355 0
0.7329617 -0.2743759 0.6224831 0
-0.5374255 -0.7945557 0.2825867 0
0.2046425 1.625929 0.7199966 1

0.4244909 -0.03564717 -0.9047304 0
0.3548185 0.9258533 0.1299981 0
0.8330135 -0.376198 0.4056646 0
0.8990802 1.698261 -0.2326812 1

0.4379662 -0.4062368 -0.801971 0
0.7041098 0.7096493 0.02505157 0
0.5589412 -0.5756473 0.5968376 0
0.9388606 1.823843 -0.342821 1

0.4172598 -0.4233767 -0.8041433 0
0.8218479 0.5534692 0.1350482 0
0.3878921 -0.7172335 0.5788915 0
0.9734986 1.804803 -0.3925088 1

0.387804 -0.4382309 -0.8109017 0
0.9103343 0.3200759 0.2623797 0
0.1445672 -0.8399435 0.5230633 0
1.004121 1.75409 -0.4342449 1

0.3628203 -0.4441275 -0.8192143 0
0.9298069 0.1142263 0.349874 0
-0.06181292 -0.8886524 0.4543965 0
1.0104 1.676199 -0.4574829 1

0.1006357 -0.7651384 -0.6359525 0
0.9833673 0.1736349 -0.05329464 0
0.1512013 -0.6200114 0.7698858 0
0.3286523 1.436524 0.5578228 1

0.3985136 -0.5369194 -0.7435758 0
0.8335145 -0.1262523 0.5378793 0
-0.382676 -0.8341331 0.3972168 0
0.4094127 1.54013 0.6437063 1

0.4044618 -0.5380038 -0.7395694 0
0.8059328 -0.1725746 0.5662954 0
-0.4323001 -0.8250882 0.363795 0
0.3732369 1.584717 0.6746175 1

0.4116055 -0.5398302 -0.7342781 0
0.7672136 -0.22962 0.5988808 0
-0.4918989 -0.8098508 0.3196521 0
0.3202461 1.611567 0.7164401 1

0.4170626 -0.5416633 -0.7298355 0
0.7329617 -0.2743759 0.6224831 0
-0.5374255 -0.7945557 0.2825867 0
0.2454813 1.610641 0.75468 1

0.4244909 -0.03564717 -0.9047304 0
0.3548185 0.9258533 0.1299981 0
0.8330135 -0.376198 0.4056646 0
0.9353166 1.792816 -0.2194049 1

0.4379662 -0.4062368 -0.801971 0
0.7041098 0.7096493 0.02505157 0
0.5589412 -0.5756473 0.5968376 0
1.010764 1.896312 -0.3402628 1

0.4172598 -0.4233767 -0.8041433 0
0.8218479 0.5534692 0.1350482 0
0.3878921 -0.7172335 0.5788915 0
1.036953 1.847536 -0.3820817 1

0.387804 -0.4382309 -0.8109017 0
0.9103343 0.3200759 0.2623797 0
0.1445672 -0.8399435 0.5230633 0
1.06007 1.773761 -0.418119 1

0.3628203 -0.4441275 -0.8192143 0
0.9298069 0.1142263 0.349874 0
-0.06181292 -0.8886524 0.4543965 0
1.0622 1.682563 -0.4379915 1

0.9855391 0.1380061 0.09832075 0
-0.122137 0.9807513 -0.1523466 0
-0.117453 0.138135 0.9834244 0
-0.0005171871 0.7733103 0.02247432 1

0.9332998 0.2200154 -0.2838038 0
-0.217829 0.9751809 0.03965753 0
0.2854853 0.02480838 0.958062 0
-0.0174294 0.9085942 0.00210649 1

-0.9543388 -0.05672347 -0.2932919 0
0.006634861 -0.9855894 0.1690267 0
-0.2986531 0.1593627 0.9409622 0
-0.1829722 0.6637778 -0.01880496 1

-0.9384825 0.08122441 -0.3356387 0
-0.3173395 -0.5861517 0.7454675 0
-0.136185 0.8061197 0.5758687 0
0.209255 0.7187024 0.02032493 1

0.9855389 0.1380077 0.09832063 0
0.1221386 -0.980751 0.1523468 0
0.1174531 -0.138135 -0.9834244 0
-0.002201498 0.6083666 0.2708807 1

-0.1221386 0.980751 -0.1523468 0
-0.9855389 -0.1380077 -0.09832062 0
-0.1174531 0.138135 0.9834244 0
0.04054728 0.6796504 -0.2576788 1

0.9336867 0.1269388 -0.3348367 0
-0.1232436 0.9918489 0.03235348 0
0.3362144 0.01105851 0.9417205 0
-0.0436219 1.025853 0.006875042 1

-0.9171228 -0.03050676 -0.3974361 0
0.3984663 -0.04385179 -0.9161342 0
0.01052 -0.9985726 0.05237344 0
-0.1804322 0.2864659 0.04590332 1

-0.9766352 0.1679367 -0.1340935 0
-0.0660526 -0.8283383 -0.5563213 0
-0.2045015 -0.5344657 0.8200768 0
0.0877683 0.4943067 0.3057114 1

0.9855389 0.1380077 0.09832063 0
0.1221386 -0.980751 0.1523468 0
0.1174531 -0.138135 -0.9834244 0
0.01094467 0.5028052 0.2872783 1

-0.1221386 0.980751 -0.1523468 0
-0.9855389 -0.1380077 -0.09832062 0
-0.1174531 0.138135 0.9834244 0
0.05924502 0.529511 -0.2343566 1

0.922752 0.03498992 -0.3838025 0
-0.03329376 0.9993844 0.01106428 0
0.3839533 0.002568655 0.9233489 0
-0.0655788 1.202559 0.01263909 1

-0.936568 -0.01253653 -0.3502621 0
0.02630308 -0.9990564 -0.03457376 0
-0.3494981 -0.04159373 0.9360136 0
-0.05019734 0.2721334 -0.253526 1

-0.9907585 -0.000664264 -0.1356361 0
-0.07432502 -0.8338315 0.546993 0
-0.113461 0.5520192 0.8260761 0
0.06617965 0.2235724 0.1238833 1

0.9855389 0.1380077 0.09832063 0
0.1221386 -0.980751 0.1523468 0
0.1174531 -0.138135 -0.9834244 0
0.02773816 0.3679565 0.3082253 1

-0.1221386 0.980751 -0.1523468 0
-0.9855389 -0.1380077 -0.09832062 0
-0.1174531 0.138135 0.9834244 0
0.08095773 0.3551618 -0.2072737 1

0.8822951 0.1027162 -0.4593525 0
-0.09887508 0.9945695 0.03248354 0
0.4601946 0.01675848 0.8876598 0
-0.03261646 1.593802 0.1275566 1

0.5710974 -0.02351401 0.8205455 0
-0.804104 0.1850421 0.5649568 0
-0.1651199 -0.9824493 0.08676936 0
-0.2298821 1.442492 0.09283324 1

-0.3807616 0.02332765 -0.9243791 0
0.8637376 0.3658697 -0.3465496 0
0.3301181 -0.9303738 -0.1594582 0
0.09122614 1.454668 -0.04072605 1

-0.9369773 -0.006317616 -0.3493333 0
-0.349353 0.002268687 0.9369887 0
-0.005126983 0.9999779 -0.004332929 0
-0.0430689 0.001389086 -0.2628953 1

-0.9907563 0.0002253354 -0.1356539 0
-0.1356468 0.008718514 0.9907191 0
0.001405984 0.9999622 -0.008607415 0
0.04603758 -0.002395809 0.2721183 1

0.9855389 0.1380077 0.09832063 0
0.1221386 -0.980751 0.1523468 0
0.1174531 -0.138135 -0.9834244 0
0.04506062 0.2288604 0.329832 1

-0.1221386 0.980751 -0.1523468 0
-0.9855389 -0.1380077 -0.09832062 0
-0.1174531 0.138135 0.9834244 0
0.09994463 0.2027005 -0.1835909 1

0.5237202 -0.0976407 -0.8462763 0
-0.002023384 0.9932644 -0.1158519 0
0.8518879 0.06238638 0.5199951 0
0.02508004 1.741163 0.2713277 1

0.8523529 0.5202166 0.0535659 0
0.2151943 -0.4422416 0.8706973 0
0.4766404 -0.7306142 -0.4888935 0
-0.3899822 1.479334 0.2053183 1

-0.6766346 -0.7328727 -0.0711576 0
0.6867621 -0.5932868 -0.4199627 0
0.2655623 -0.3330296 0.9047474 0
0.2631997 1.527514 -0.1097254 1

-0.9369773 -0.006317616 -0.3493333 0
-0.349353 0.002268687 0.9369887 0
-0.005126983 0.9999779 -0.004332929 0
-0.1011732 0.001766324 -0.1070553 1

-0.9907563 0.0002253354 -0.1356539 0
-0.1356468 0.008718514 0.9907191 0
0.001405984 0.9999622 -0.008607415 0
0.02347687 -0.0009457469 0.4368941 1

0.5237202 -0.0976407 -0.8462763 0
-0.002023384 0.9932644 -0.1158519 0
0.8518879 0.06238638 0.5199951 0
0.08911371 1.900841 0.2925318 1

0.5237202 -0.0976407 -0.8462763 0
-0.002023384 0.9932644 -0.1158519 0
0.8518879 0.06238638 0.5199951 0
0.1159164 1.777073 0.3650958 1

0.5237202 -0.0976407 -0.8462763 0
-0.002023384 0.9932644 -0.1158519 0
0.8518879 0.06238638 0.5199951 0
0.1528776 1.770182 0.3053702 1

0.5237202 -0.0976407 -0.8462763 0
0.6906002 -0.5329854 0.4888739 0
-0.498787 -0.8404716 -0.2117045 0
0.05597125 1.720399 0.2928403 1

-0.252743 0.4187615 -0.8722155 0
0.8419828 0.5392977 0.01494087 0
0.4766406 -0.7306141 -0.4888936 0
-0.2838887 1.261303 0.6345832 1

0.7264793 -0.547814 -0.4148828 0
0.6338015 0.7674577 0.09646058 0
0.2655624 -0.3330298 0.9047471 0
0.6017823 1.235016 -0.3167725 1

0.6867621 -0.5932868 -0.4199627 0
-0.2655623 0.3330296 -0.9047474 0
0.6766346 0.7328727 0.0711576 0
0.2386459 1.548535 -0.2989384 1

0.2988725 -0.5188744 -0.8009022 0
0.8321645 0.5524993 -0.04740486 0
0.4670949 -0.6523145 0.5969156 0
-0.01778218 1.431747 0.6393053 1

0.5573106 -0.2765186 -0.7829062 0
0.113038 0.9594041 -0.258391 0
0.8225735 0.05550607 0.5659432 0
0.8020955 1.477571 -0.2862863 1

-0.3457598 0.7061508 0.6179009 0
0.2662569 -0.5576124 0.7862415 0
0.8997541 0.4363711 0.004782535 0
0.1113433 1.403866 -0.2102344 1

-0.02703759 -0.8196859 -0.5721753 0
0.6167203 -0.4641476 0.6357852 0
-0.7867179 -0.3356819 0.5180662 0
0.4375444 1.657202 -0.1902719 1

-0.08073661 -0.7456628 -0.6614141 0
0.9877691 0.02895104 -0.1532125 0
0.1333933 -0.6656944 0.7342054 0
0.07457206 1.400105 0.606123 1

0.3345781 -0.5008358 -0.7982612 0
0.9261993 0.3310077 0.1805241 0
0.1738174 -0.7997485 0.5746216 0
0.1800668 1.513883 0.5825999 1

0.3370097 -0.4999893 -0.797769 0
0.9288989 0.3147503 0.1951394 0
0.1535302 -0.8068105 0.5705133 0
0.1763898 1.560699 0.6284268 1

0.340312 -0.4989117 -0.7970414 0
0.9318352 0.2924994 0.2147734 0
0.1259809 -0.8158013 0.5644445 0
0.1520149 1.590229 0.6813635 1

0.4081123 -0.4771978 -0.7782845 0
0.9060621 0.3161048 0.2812989 0
0.1117841 -0.8199757 0.5613772 0
0.1072972 1.592429 0.72476 1

0.5093969 0.1793821 -0.8416272 0
0.1512244 0.9441512 0.2927628 0
0.8471398 -0.2764071 0.4538208 0
0.8058084 1.557999 -0.2218776 1

0.548212 -0.3119645 -0.775978 0
0.3740483 0.9213157 -0.106137 0
0.7480317 -0.2320676 0.6217661 0
0.7957308 1.699048 -0.2899402 1

0.544641 -0.320024 -0.7752101 0
0.4325213 0.8991089 -0.06729449 0
0.7185342 -0.2986436 0.6281088 0
0.8286374 1.701398 -0.346657 1

0.5393441 -0.3299968 -0.7747321 0
0.5037701 0.8636674 -0.01716962 0
0.6747767 -0.3810266 0.6320563 0
0.8649142 1.677259 -0.3953375 1

0.5347601 -0.3373335 -0.7747502 0
0.5553188 0.8313644 0.02131695 0
0.6369088 -0.4416327 0.6319081 0
0.8910125 1.62733 -0.4220478 1

-0.3457598 0.7061508 0.6179009 0
0.2662569 -0.5576124 0.7862415 0
0.8997541 0.4363711 0.004782535 0
0.1407366 1.342309 -0.1234376 1

-0.02703759 -0.8196859 -0.5721753 0
0.6167203 -0.4641476 0.6357852 0
-0.7867179 -0.3356819 0.5180662 0
0.5056269 1.605962 -0.1200847 1

0.07192375 -0.7336087 -0.6757552 0
0.9913223 0.1273194 -0.03270871 0
0.1100319 -0.6675388 0.7364001 0
0.1490149 1.402287 0.5945764 1

0.3684461 -0.4930362 -0.7881387 0
0.9232684 0.09490572 0.3722477 0
-0.108733 -0.864817 0.4901726 0
0.2498693 1.538829 0.5962051 1

0.3729013 -0.4926555 -0.7862793 0
0.9163285 0.06228247 0.3955542 0
-0.1459007 -0.867993 0.4746597 0
0.2413813 1.582721 0.6420799 1

0.3786669 -0.492397 -0.7836816 0
0.9049723 0.0194958 0.4250238 0
-0.1940019 -0.8701525 0.4529881 0
0.2117329 1.608974 0.6951275 1

0.3832894 -0.4923858 -0.7814384 0
0.8938695 -0.01528421 0.4480665 0
-0.2325653 -0.8702431 0.4342706 0
0.1518719 1.60798 0.738599 1

0.4745567 0.02031399 -0.8799906 0
0.263764 0.9505118 0.1641833 0
0.8397764 -0.310024 0.4457136 0
0.817205 1.629153 -0.1998139 1

0.5357319 -0.3358588 -0.7747195 0
0.5450205 0.8383147 0.01346241 0
0.6449373 -0.4294502 0.6321617 0
0.8239192 1.768478 -0.2979387 1

0.5255672 -0.3496035 -0.7756008 0
0.6396031 0.7635053 0.0892601 0
0.5609698 -0.5429889 0.6248807 0
0.858901 1.764309 -0.3513657 1

0.5105892 -0.3649131 -0.778548 0
0.7403512 0.6470392 0.1822651 0
0.4372401 -0.6694614 0.600535 0
0.8972008 1.732611 -0.3964379 1

0.4975267 -0.3749745 -0.7822155 0
0.8024992 0.5413208 0.2509325 0
0.3293362 -0.7525729 0.5702381 0
0.9183344 1.668233 -0.4209991 1

0.1036522 -0.7286887 -0.6769555 0
0.9829854 0.1788234 -0.04197908 0
0.1516451 -0.6610861 0.7348258 0
0.2234863 1.411852 0.592119 1

0.3993255 -0.4938172 -0.7724531 0
0.8404335 -0.139504 0.5236511 0
-0.3663481 -0.8583026 0.3593131 0
0.3192283 1.545959 0.6241695 1

0.407279 -0.4954754 -0.767221 0
0.8042964 -0.2034158 0.5583275 0
-0.4327025 -0.8444681 0.315662 0
0.3056705 1.58709 0.6698319 1

0.4170066 -0.4985271 -0.7599845 0
0.7497047 -0.2840651 0.5977039 0
-0.5138565 -0.8190106 0.2552913 0
0.2673911 1.610173 0.7212677 1

0.4243778 -0.5017397 -0.7537646 0
0.699192 -0.3473651 0.6248745 0
-0.5753556 -0.7922091 0.2033985 0
0.1986484 1.60718 0.7620463 1

0.4748804 0.02157795 -0.8797858 0
0.2269137 0.9628945 0.1460972 0
0.8502934 -0.269014 0.4523636 0
0.8370208 1.700562 -0.1874794 1

0.5312043 -0.3424129 -0.7749679 0
0.590526 0.8055384 0.04885799 0
0.6075368 -0.4835922 0.6301092 0
0.8648665 1.83146 -0.2969272 1

0.5145419 -0.3613193 -0.7776213 0
0.7172494 0.6783383 0.1594068 0
0.4698936 -0.6397699 0.6081893 0
0.9037755 1.817876 -0.3451031 1

0.4896411 -0.3798857 -0.7848176 0
0.8309347 0.4760334 0.2879924 0
0.2641951 -0.7931451 0.5487456 0
0.9427322 1.772404 -0.3852285 1

0.4680117 -0.3896005 -0.7932065 0
0.8795745 0.2922226 0.3754396 0
0.0855213 -0.8733944 0.4794461 0
0.9603289 1.696561 -0.4078678 1

0.1036522 -0.7286887 -0.6769555 0
0.9829854 0.1788234 -0.04197908 0
0.1516451 -0.6610861 0.7348258 0
0.3238726 1.430114 0.587832 1

0.3993255 -0.4938172 -0.7724531 0
0.8404335 -0.139504 0.5236511 0
-0.3663481 -0.8583026 0.3593131 0
0.4050565 1.531712 0.6776466 1

0.407279 -0.4954754 -0.767221 0
0.8042964 -0.2034158 0.5583275 0
-0.4327025 -0.8444681 0.315662 0
0.3677748 1.571384 0.7129436 1

0.4170066 -0.4985271 -0.7599845 0
0.7497047 -0.2840651 0.5977039 0
-0.5138565 -0.8190106 0.2552913 0
0.3134635 1.592716 0.7579989 1

0.4243778 -0.5017397 -0.7537646 0
0.699192 -0.3473651 0.6248745 0
-0.5753556 -0.7922091 0.2033985 0
0.2376055 1.587826 0.7968627 1

0.4748804 0.02157795 -0.8797858 0
0.2269137 0.9628945 0.1460972 0
0.8502934 -0.269014 0.4523636 0
0.8601946 1.7989 -0.1725589 1

0.5312043 -0.3424129 -0.7749679 0
0.590526 0.8055384 0.04885799 0
0.6075368 -0.4835922 0.6301092 0
0.9251711 1.913722 -0.2919379 1

0.5145419 -0.3613193 -0.7776213 0
0.7172494 0.6783383 0.1594068 0
0.4698936 -0.6397699 0.6081893 0
0.9591542 1.870251 -0.3327954 1

0.4896411 -0.3798857 -0.7848176 0
0.8309347 0.4760334 0.2879924 0
0.2641951 -0.7931451 0.5487456 0
0.9938015 1.801661 -0.3675286 1

0.4680117 -0.3896005 -0.7932065 0
0.8795745 0.2922226 0.3754396 0
0.0855213 -0.8733944 0.4794461 0
1.00933 1.71284 -0.386952 1

0.9849436 0.1408039 0.1003011 0
-0.1272768 0.9832504 -0.130458 0
-0.11699 0.1157277 0.9863673 0
-0.002055677 0.7806274 0.02459707 1

0.9320421 0.2350882 -0.2757374 0
-0.2220166 0.9719043 0.07817018 0
0.2863673 -0.01163961 0.9580492 0
-0.01967611 0.9162413 0.007248448 1

-0.9596089 -0.06900942 -0.2727431 0
0.0291713 -0.9886308 0.147508 0
-0.2798216 0.1335937 0.9507116 0
-0.1840028 0.6711095 -0.01890315 1

-0.9375918 0.07931694 -0.3385708 0
-0.3152165 -0.6049801 0.731189 0
-0.146833 0.79228 0.5922266 0
0.2079874 0.7271476 0.02101489 1

0.9849434 0.1408056 0.100301 0
0.1272784 -0.9832501 0.1304581 0
0.1169902 -0.1157277 -0.9863673 0
-0.002612446 0.6102176 0.2692912 1

-0.1272784 0.9832501 -0.1304581 0
-0.9849434 -0.1408056 -0.100301 0
-0.1169902 0.1157277 0.9863673 0
0.03915156 0.6934034 -0.2576053 1

0.9330812 0.140591 -0.3310494 0
-0.1240288 0.9897532 0.07074922 0
0.3376038 -0.02495511 0.9409574 0
-0.04637214 1.033106 0.0166479 1

-0.9251193 -0.02164241 -0.3790596 0
0.3796727 -0.05748526 -0.9233332 0
-0.001807153 -0.9981121 0.06139778 0
-0.1728351 0.2926333 0.03756716 1

-0.9765793 0.1661069 -0.1367521 0
-0.06431237 -0.831894 -0.5511954 0
-0.2053206 -0.5294912 0.8230932 0
0.08731347 0.4955438 0.3009351 1

0.9849434 0.1408056 0.100301 0
0.1272784 -0.9832501 0.1304581 0
0.1169902 -0.1157277 -0.9863673 0
0.01108694 0.5043872 0.2833329 1

-0.1272784 0.9832501 -0.1304581 0
-0.9849434 -0.1408056 -0.100301 0
-0.1169902 0.1157277 0.9863673 0
0.05863613 0.5428814 -0.237634 1

0.9221163 0.04703949 -0.3840428 0
-0.03055234 0.9983351 0.04892251 0
0.3857047 -0.03337882 0.9220183 0
-0.06846891 1.209439 0.02925247 1

-0.9404095 -0.007394195 -0.3399638 0
0.009327307 -0.9999487 -0.004052388 0
-0.3399163 -0.006981865 0.94043 0
-0.04874288 0.2738448 -0.2642151 1

-0.9906142 -0.001542419 -0.1366781 0
-0.07376485 -0.8357949 0.544064 0
-0.1150741 0.5490397 0.8278368 0
0.0662936 0.2236474 0.1207822 1

0.9849434 0.1408056 0.100301 0
0.1272784 -0.9832501 0.1304581 0
0.1169902 -0.1157277 -0.9863673 0
0.02858713 0.3691949 0.3012702 1

-0.1272784 0.9832501 -0.1304581 0
-0.9849434 -0.1408056 -0.100301 0
-0.1169902 0.1157277 0.9863673 0
0.08126257 0.3680879 -0.2144423 1

0.8872017 0.1042772 -0.4494434 0
-0.09153518 0.9945428 0.05005733 0
0.4522105 -0.003271088 0.8919051 0
-0.03422445 1.595966 0.1588198 1

0.5809721 -0.05951833 0.8117444 0
-0.7913755 0.1918158 0.580458 0
-0.1902533 -0.9796246 0.06433824 0
-0.2319665 1.4466 0.1187915 1

-0.3747498 0.06023222 -0.9251673 0
0.8717697 0.362541 -0.3295175 0
0.3155636 -0.9300194 -0.1883709 0
0.08892047 1.46297 -0.01485137 1

-0.9403278 -0.006600678 -0.3402061 0
-0.3401393 -0.009504218 0.9403272 0
-0.009440213 0.9999335 0.006691959 0
-0.04621485 0.002858698 -0.2653131 1

-0.9906085 0.001124948 -0.1367238 0
-0.1367095 0.008512037 0.9905748 0
0.002278179 0.9999633 -0.008278348 0
0.04630331 -0.002852976 0.2682236 1

0.9849434 0.1408056 0.100301 0
0.1272784 -0.9832501 0.1304581 0
0.1169902 -0.1157277 -0.9863673 0
0.04663853 0.2297443 0.3197726 1

-0.1272784 0.9832501 -0.1304581 0
-0.9849434 -0.1408056 -0.100301 0
-0.1169902 0.1157277 0.9863673 0
0.1010485 0.2152382 -0.1941621 1

0.5838903 -0.09926766 -0.8057408 0
-0.0006304532 0.9924403 -0.1227261 0
0.8118322 0.07216656 0.5794138 0
0.02328953 1.740185 0.3058133 1

0.850706 0.5236885 0.04527495 0
0.2209409 -0.4343993 0.8732022 0
0.4769534 -0.7328352 -0.4852502 0
-0.3895323 1.484792 0.2343629 1

-0.6776637 -0.7294425 -0.09319742 0
0.6887754 -0.5852093 -0.4279237 0
0.2576057 -0.3541803 0.8989971 0
0.2624932 1.535154 -0.08045958 1

-0.9403278 -0.006600678 -0.3402061 0
-0.3401393 -0.009504218 0.9403272 0
-0.009440213 0.9999335 0.006691959 0
-0.1027867 0.001277983 -0.1089179 1

-0.9906085 0.001124948 -0.1367238 0
-0.1367095 0.008512037 0.9905748 0
0.002278179 0.9999633 -0.008278348 0
0.02356588 -0.001437247 0.4329754 1

0.5838903 -0.09926766 -0.8057408 0
-0.0006304532 0.9924403 -0.1227261 0
0.8118322 0.07216656 0.5794138 0
0.08451487 1.900474 0.3304333 1

0.5838903 -0.09926766 -0.8057408 0
-0.0006304532 0.9924403 -0.1227261 0
0.8118322 0.07216656 0.5794138 0
0.1068946 1.777388 0.4056102 1

0.5838903 -0.09926766 -0.8057408 0
-0.0006304532 0.9924403 -0.1227261 0
0.8118322 0.07216656 0.5794138 0
0.1481023 1.770382 0.3487453 1

0.5838903 -0.09926766 -0.8057408 0
0.6573659 -0.5245864 0.5409979 0
-0.4763844 -0.8455499 -0.2410458 0
0.05269821 1.719795 0.3296367 1

-0.2192498 0.4354395 -0.8731106 0
0.8511435 0.5228243 0.04701045 0
0.4769536 -0.732835 -0.4852504 0
-0.2806057 1.270627 0.6648628 1

0.7456044 -0.5189169 -0.4180906 0
0.6145842 0.7779986 0.1304027 0
0.2576057 -0.3541804 0.898997 0
0.6020683 1.246638 -0.2914315 1

0.6887754 -0.5852093 -0.4279237 0
-0.2576057 0.3541803 -0.8989971 0
0.6776637 0.7294425 0.09319742 0
0.2394949 1.560536 -0.2693329 1

0.3250748 -0.5304703 -0.782897 0
0.8314433 0.5547636 -0.03066093 0
0.4505873 -0.640967 0.6213955 0
-0.01160394 1.435864 0.6797205 1

0.5809211 -0.2299913 -0.7807915 0
0.08814449 0.9713845 -0.2205517 0
0.8091735 0.0593008 0.5845699 0
0.7963079 1.492524 -0.2502178 1

-0.349113 0.6927211 0.6310767 0
0.2587486 -0.5760073 0.7754128 0
0.9006495 0.4339968 0.02185103 0
0.11117 1.41419 -0.1849598 1

-0.02428705 -0.8063765 -0.5909038 0
0.6106058 -0.4799786 0.6299056 0
-0.7915622 -0.3455107 0.5040354 0
0.4377606 1.666224 -0.1566465 1

-0.05791762 -0.7564147 -0.6515231 0
0.9919218 0.03017636 -0.1232118 0
0.1128598 -0.6533959 0.7485565 0
0.08183026 1.404041 0.6499062 1

0.3593343 -0.5127387 -0.7797294 0
0.9177108 0.345795 0.1955324 0
0.1693694 -0.7858275 0.5948018 0
0.1876319 1.51782 0.6278138 1

0.3626077 -0.511546 -0.7789971 0
0.921051 0.3241279 0.2158853 0
0.1420594 -0.7957777 0.5886914 0
0.1823941 1.565348 0.6727483 1

0.3673339 -0.509967 -0.777817 0
0.9244094 0.2924594 0.2448164 0
0.1026315 -0.8089505 0.5788487 0
0.1563048 1.595628 0.7244293 1

0.4357598 -0.4884546 -0.7559929 0
0.8966693 0.3084617 0.3175464 0
0.07808772 -0.8162497 0.5723977 0
0.1102646 1.598353 0.7663894 1

0.5199891 0.2261179 -0.8237004 0
0.1159577 0.9367111 0.3303435 0
0.8462655 -0.2672894 0.4608593 0
0.7962475 1.570564 -0.1828335 1

0.5726408 -0.2663497 -0.7753325 0
0.3501719 0.9346026 -0.06243558 0
0.7412574 -0.2357464 0.6284596 0
0.7831192 1.713686 -0.2458611 1

0.5697109 -0.2735601 -0.7749804 0
0.4015747 0.9154009 -0.02791764 0
0.7170548 -0.2953074 0.6313684 0
0.8170438 1.719154 -0.3017572 1

0.5651867 -0.2829258 -0.7749305 0
0.4675458 0.883779 0.01833302 0
0.6796802 -0.3726771 0.6317805 0
0.855004 1.697966 -0.3505276 1

0.5616474 -0.2892233 -0.775179 0
0.5113479 0.8578944 0.05040667 0
0.6504428 -0.4246968 0.6297274 0
0.8831646 1.649887 -0.3785069 1

-0.349113 0.6927211 0.6310767 0
0.2587486 -0.5760073 0.7754128 0
0.9006495 0.4339968 0.02185103 0
0.1397344 1.350602 -0.09935845 1

-0.02428705 -0.8063765 -0.5909038 0
0.6106058 -0.4799786 0.6299056 0
-0.7915622 -0.3455107 0.5040354 0
0.5051682 1.613237 -0.08710834 1

0.09507252 -0.7440235 -0.661355 0
0.9914436 0.1304671 -0.004251137 0
0.08944809 -0.655292 0.7500613 0
0.1565859 1.406315 0.6406204 1

0.3920725 -0.5044265 -0.7693068 0
0.9140647 0.1192958 0.3876266 0
-0.1037542 -0.8551739 0.5078512 0
0.2567947 1.543881 0.64255 1

0.3977392 -0.5038121 -0.7667964 0
0.9049826 0.0778515 0.4182656 0
-0.1510313 -0.860298 0.4869058 0
0.2468365 1.588026 0.687853 1

0.4055642 -0.5033874 -0.7629672 0
0.8881031 0.01947609 0.4592321 0
-0.2163122 -0.8638413 0.4549586 0
0.2155469 1.61437 0.7401187 1

0.4119586 -0.5034229 -0.7595101 0
0.8703873 -0.02926709 0.4914975 0
-0.2696598 -0.8635444 0.4261162 0
0.1543774 1.613528 0.7820115 1

0.4908816 0.06760897 -0.8685992 0
0.2307477 0.9512916 0.2044507 0
0.8401138 -0.3007883 0.4513707 0
0.8049866 1.641158 -0.1579377 1

0.5606482 -0.2908734 -0.7752848 0
0.5227472 0.8504471 0.05895226 0
0.6421911 -0.4383292 0.6288548 0
0.8095081 1.784118 -0.2505662 1

0.5518054 -0.3036259 -0.7767385 0
0.6095794 0.7824546 0.1271931 0
0.5691435 -0.5436693 0.6168465 0
0.8451421 1.783205 -0.3037106 1

0.5385196 -0.3183437 -0.7801633 0
0.7063696 0.6753479 0.2120085 0
0.4593898 -0.6652541 0.5885558 0
0.8849689 1.754607 -0.3493527 1

0.5274547 -0.327802 -0.7837969 0
0.7657523 0.5830309 0.2714746 0
0.367988 -0.7433847 0.5585375 0
0.9083231 1.692095 -0.376027 1

0.1268069 -0.7390051 -0.661658 0
0.9832302 0.1817852 -0.01459938 0
0.1310688 -0.6487107 0.7496638 0
0.2310665 1.416116 0.640301 1

0.42193 -0.5042216 -0.7534824 0
0.8351501 -0.1072875 0.5394574 0
-0.3528452 -0.8568839 0.3758328 0
0.3254623 1.552843 0.6716697 1

0.4312981 -0.5058923 -0.7470307 0
0.7926036 -0.1830902 0.5815991 0
-0.4310006 -0.8429418 0.3220058 0
0.3103296 1.593488 0.7171982 1

0.4432255 -0.5095679 -0.7374902 0
0.7225736 -0.283801 0.6303528 0
-0.5305082 -0.8122792 0.2424124 0
0.2701676 1.615568 0.7683626 1

0.4522417 -0.5138084 -0.7290255 0
0.6546506 -0.3639012 0.6625773 0
-0.6057312 -0.7769023 0.1717938 0
0.1999249 1.611997 0.8077317 1

0.4911617 0.06887358 -0.8683416 0
0.1938916 0.9632157 0.1860701 0
0.8492153 -0.2597547 0.4597405 0
0.8223219 1.712625 -0.142578 1

0.556119 -0.2977803 -0.7759244 0
0.5700676 0.8160402 0.09540226 0
0.6047767 -0.4953843 0.6235702 0
0.8487821 1.848012 -0.2461371 1

0.5413644 -0.3155413 -0.7793323 0
0.6882876 0.6986725 0.195237 0
0.4828925 -0.642099 0.5954193 0
0.8879101 1.838102 -0.2947868 1

0.5190046 -0.3337023 -0.7869417 0
0.8010743 0.5110556 0.3116124 0
0.2981852 -0.792127 0.5325603 0
0.9284108 1.796141 -0.3363142 1

0.5000463 -0.3435151 -0.7949539 0
0.854348 0.3457544 0.3879994 0
0.141575 -0.8731848 0.4663742 0
0.9483948 1.722605 -0.3618207 1

0.1268069 -0.7390051 -0.661658 0
0.9832302 0.1817852 -0.01459938 0
0.1310688 -0.6487107 0.7496638 0
0.3314777 1.434681 0.6388102 1

0.42193 -0.5042216 -0.7534824 0
0.8351501 -0.1072875 0.5394574 0
-0.3528452 -0.8568839 0.3758328 0
0.410751 1.541886 0.7267612 1

0.4312981 -0.5058923 -0.7470307 0
0.7926036 -0.1830902 0.5815991 0
-0.4310006 -0.8429418 0.3220058 0
0.3715312 1.57935 0.762107 1

0.4432255 -0.5095679 -0.7374902 0
0.7225736 -0.283801 0.6303528 0
-0.5305082 -0.8122792 0.2424124 0
0.3145727 1.598127 0.8071004 1

0.4522417 -0.5138084 -0.7290255 0
0.6546506 -0.3639012 0.6625773 0
-0.6057312 -0.7769023 0.1717938 0
0.2364004 1.591721 0.8446489 1

0.4911617 0.06887358 -0.8683416 0
0.1938916 0.9632157 0.1860701 0
0.8492153 -0.2597547 0.4597405 0
0.8421234 1.810995 -0.1235753 1

0.556119 -0.2977803 -0.7759244 0
0.5700676 0.8160402 0.09540226 0
0.6047767 -0.4953843 0.6235702 0
0.9069975 1.931346 -0.2363946 1

0.5413644 -0.3155413 -0.7793323 0
0.6882876 0.6986725 0.195237 0
0.4828925 -0.642099 0.5954193 0
0.9410529 1.892047 -0.2797125 1

0.5190046 -0.3337023 -0.7869417 0
0.8010743 0.5110556 0.3116124 0
0.2981852 -0.792127 0.5325603 0
0.9776447 1.82755 -0.3171625 1

0.5000463 -0.3435151 -0.7949539 0
0.854348 0.3457544 0.3879994 0
0.141575 -0.8731848 0.4663742 0
0.9959908 1.741867 -0.3402053 1

0.9841681 0.1417301 0.1064229 0
-0.131331 0.9863725 -0.09910375 0
-0.1190186 0.08355813 0.9893698 0
-0.004977496 0.799062 0.02524623 1

0.9312028 0.2485529 -0.2666133 0
-0.2215818 0.9667869 0.1273759 0
0.289418 -0.05953608 0.9553496 0
-0.02315809 0.9350857 0.01222167 1

-0.9657902 -0.09249291 -0.2422688 0
0.06464064 -0.9906058 0.1205054 0
-0.2511389 0.1007226 0.9626964 0
-0.186381 0.690217 -0.02204745 1

-0.9355802 0.07414821 -0.3452417 0
-0.3108447 -0.6367898 0.7056022 0
-0.1675272 0.7674639 0.6188165 0
0.2053005 0.7466236 0.02030698 1

0.9841678 0.1417317 0.1064228 0
0.1313326 -0.9863722 0.09910392 0
0.1190187 -0.08355811 -0.9893698 0
-0.005175568 0.6208976 0.2643538 1

-0.1313326 0.9863722 -0.09910393 0
-0.9841678 -0.1417317 -0.1064228 0
-0.1190187 0.08355811 0.9893698 0
0.03704436 0.7211033 -0.2595358 1

0.9322958 0.152638 -0.3279118 0
-0.1198432 0.9857412 0.118118 0
0.3412654 -0.07082288 0.9372951 0
-0.04980182 1.051335 0.02753777 1

-0.9351459 -0.02251335 -0.3535465 0
0.3535753 -0.1214456 -0.9274888 0
-0.02205577 -0.9923427 0.1215295 0
-0.1616347 0.3109846 0.0240855 1

-0.9756802 0.1623978 -0.1472249 0
-0.06301489 -0.8511009 -0.5212067 0
-0.2099461 -0.4992537 0.8406358 0
0.08630022 0.5028422 0.2904318 1

0.9841678 0.1417317 0.1064228 0
0.1313326 -0.9863722 0.09910392 0
0.1190187 -0.08355811 -0.9893698 0
0.008960182 0.5147312 0.2750207 1

-0.1313326 0.9863722 -0.09910393 0
-0.9841678 -0.1417317 -0.1064228 0
-0.1190187 0.08355811 0.9893698 0
0.05714957 0.5701033 -0.2443644 1

0.9205354 0.05733946 -0.3864282 0
-0.02258453 0.9953265 0.09388962 0
0.3900058 -0.07770142 0.9175282 0
-0.07115291 1.226954 0.04858149 1

-0.9512381 -0.00363268 -0.308436 0
-0.01857536 -0.9974412 0.06903531 0
-0.3078975 0.07139836 0.9487367 0
-0.04607208 0.2712914 -0.2790549 1

-0.9903982 -0.0005270839 -0.138243 0
-0.07541784 -0.8360177 0.5434948 0
-0.1158601 0.5487023 0.8279508 0
0.06570443 0.2246683 0.1200805 1

0.9841678 0.1417317 0.1064228 0
0.1313326 -0.9863722 0.09910392 0
0.1190187 -0.08355811 -0.9893698 0
0.0270178 0.3791096 0.288647 1

-0.1313326 0.9863722 -0.09910393 0
-0.9841678 -0.1417317 -0.1064228 0
-0.1190187 0.08355811 0.9893698 0
0.08049671 0.3947548 -0.2267466 1

0.8916937 0.1022069 -0.4409492 0
-0.08040033 0.9944462 0.06791444 0
0.4454415 -0.02510642 0.8949589 0
-0.03327648 1.606995 0.1952011 1

0.5938276 -0.1043406 0.7977982 0
-0.7731645 0.200421 0.6017042 0
-0.2226776 -0.9741378 0.03834307 0
-0.2323644 1.461069 0.1495519 1

-0.3701698 0.106304 -0.9228618 0
0.8726812 0.380328 -0.306232 0
0.3184364 -0.918722 -0.2335555 0
0.08797243 1.481023 0.01507892 1

-0.9511804 -0.002950326 -0.3086208 0
-0.3086181 -0.001350459 0.9511852 0
-0.003223106 0.9999948 0.0003740452 0
-0.05110569 0.0009847879 -0.2603462 1

-0.9903811 0.003473341 -0.1383229 0
-0.138254 0.01546679 0.9902761 0
0.00557901 0.9998745 -0.0148379 0
0.04526618 -0.001892567 0.2673676 1

0.9841678 0.1417317 0.1064228 0
0.1313326 -0.9863722 0.09910392 0
0.1190187 -0.08355811 -0.9893698 0
0.04564419 0.2392161 0.3027025 1

-0.1313326 0.9863722 -0.09910393 0
-0.9841678 -0.1417317 -0.1064228 0
-0.1190187 0.08355811 0.9893698 0
0.1009128 0.2414197 -0.2113405 1

0.6514283 -0.09924226 -0.7521915 0
-0.003669776 0.9909845 -0.1339262 0
0.7587012 0.09000371 0.645191 0
0.02479762 1.74778 0.3452716 1

0.8446119 0.5353541 -0.005158283 0
0.2537601 -0.3918286 0.8843508 0
0.4714197 -0.7482422 -0.4667947 0
-0.3863043 1.500973 0.2693535 1

-0.6461369 -0.7400736 -0.1865436 0
0.7213603 -0.5123416 -0.4659885 0
0.2492916 -0.4356575 0.8649026 0
0.2617266 1.556747 -0.04589307 1

-0.9511804 -0.002950326 -0.3086208 0
-0.3086181 -0.001350459 0.9511852 0
-0.003223106 0.9999948 0.0003740452 0
-0.1024349 0.0007601976 -0.1021451 1

-0.9903811 0.003473341 -0.1383229 0
-0.138254 0.01546679 0.9902761 0
0.00557901 0.9998745 -0.0148379 0
0.02227184 0.0006798506 0.4320697 1

0.6514283 -0.09924226 -0.7521915 0
-0.003669776 0.9909845 -0.1339262 0
0.7587012 0.09000371 0.645191 0
0.08153534 1.909189 0.3731129 1

0.6514283 -0.09924226 -0.7521915 0
-0.003669776 0.9909845 -0.1339262 0
0.7587012 0.09000371 0.645191 0
0.09912358 1.787236 0.4513478 1

0.6514283 -0.09924226 -0.7521915 0
-0.003669776 0.9909845 -0.1339262 0
0.7587012 0.09000371 0.645191 0
0.1450977 1.780231 0.398262 1

0.6514283 -0.09924226 -0.7521915 0
0.6161537 -0.5092961 0.6008093 0
-0.4427139 -0.8548499 -0.2706214 0
0.05235298 1.728069 0.3717362 1

-0.1648968 0.4451809 -0.880127 0
0.8663559 0.4918821 0.08648428 0
0.4714199 -0.7482421 -0.4667948 0
-0.2611974 1.307797 0.7053497 1

0.7340811 -0.4975064 -0.4621824 0
0.6316477 0.7501267 0.1957839 0
0.2492915 -0.4356576 0.8649025 0
0.6173667 1.304157 -0.2756315 1

0.7213603 -0.5123416 -0.4659885 0
-0.2492916 0.4356575 -0.8649026 0
0.6461369 0.7400736 0.1865436 0
0.2423602 1.600677 -0.2317466 1

0.3690758 -0.5785195 -0.7273915 0
0.8319259 0.5545633 -0.01894693 0
0.4143458 -0.5981429 0.6859612 0
0.01261215 1.463255 0.7326831 1

0.5449969 -0.1823124 -0.818377 0
0.1496834 0.981549 -0.1189814 0
0.8249687 -0.05765297 0.5622301 0
0.8169989 1.541234 -0.213754 1

-0.3912131 0.6105562 0.6886025 0
0.2621215 -0.6433216 0.7193257 0
0.8821818 0.4619072 0.09163585 0
0.1178418 1.441814 -0.1664691 1

0.02167767 -0.7412751 -0.6708511 0
0.6133922 -0.5200117 0.5944222 0
-0.7894809 -0.4243806 0.4434199 0
0.4335358 1.701289 -0.103269 1

-0.02081555 -0.7969016 -0.6037506 0
0.9973356 0.02568094 -0.06828213 0
0.06991898 -0.6035631 0.7942437 0
0.1075885 1.42991 0.7103403 1

0.4009777 -0.5613643 -0.7239387 0
0.9032549 0.3740809 0.2102243 0
0.1527993 -0.7381963 0.6570531 0
0.2144948 1.542406 0.6870275 1

0.4050362 -0.559743 -0.722934 0
0.9065313 0.3487197 0.2378982 0
0.1189395 -0.7517197 0.6486687 0
0.2067123 1.592703 0.7284406 1

0.4110764 -0.5575511 -0.7212165 0
0.9090198 0.3102027 0.2783113 0
0.06855043 -0.7700074 0.6343421 0
0.1777252 1.626148 0.776499 1

0.4793193 -0.5346715 -0.6959738 0
0.8769606 0.3229921 0.3558316 0
0.03454107 -0.7808985 0.6237023 0
0.1293693 1.631402 0.8155102 1

0.5146709 0.2787867 -0.810797 0
0.1880927 0.8859102 0.4240098 0
0.8365016 -0.3707305 0.4035144 0
0.8239197 1.611385 -0.1385089 1

0.5333834 -0.2205309 -0.8166201 0
0.4275719 0.9032905 0.03533606 0
0.7298523 -0.3680114 0.576093 0
0.8192037 1.761022 -0.185576 1

0.5304191 -0.22642 -0.8169392 0
0.4702269 0.8804142 0.06129453 0
0.7053666 -0.4166586 0.5734575 0
0.8520898 1.770233 -0.2416011 1

0.5259013 -0.2342398 -0.8176548 0
0.5264434 0.8447034 0.09661052 0
0.6680457 -0.4812565 0.5675446 0
0.8873309 1.751967 -0.2934942 1

0.5226942 -0.2391441 -0.8182915 0
0.5614257 0.8188823 0.1193012 0
0.6415541 -0.521768 0.5622868 0
0.9114373 1.705431 -0.3272699 1

-0.3912131 0.6105562 0.6886025 0
0.2621215 -0.6433216 0.7193257 0
0.8821818 0.4619072 0.09163585 0
0.1467785 1.370795 -0.08705952 1

0.02167767 -0.7412751 -0.6708511 0
0.6133922 -0.5200117 0.5944222 0
-0.7894809 -0.4243806 0.4434199 0
0.501251 1.643883 -0.03764807 1

0.1324882 -0.7846304 -0.605642 0
0.9900952 0.1334039 0.04376034 0
0.04645934 -0.605441 0.7945331 0
0.1827522 1.431845 0.7051942 1

0.4319134 -0.5520045 -0.7132616 0
0.8957489 0.1702217 0.4106809 0
-0.1052851 -0.8162816 0.5679786 0
0.2825682 1.570598 0.7028709 1

0.4386483 -0.5508963 -0.7100008 0
0.8840326 0.1225614 0.4510711 0
-0.1614746 -0.8255253 0.5407718 0
0.2701389 1.617101 0.7450854 1

0.4482964 -0.5499302 -0.7047036 0
0.8605136 0.05210163 0.5067562 0
-0.2419644 -0.8335841 0.4965795 0
0.235981 1.646028 0.7943347 1

0.4562265 -0.5497234 -0.6997584 0
