MeshAnim
1
115
81
30
0.9970173 0.03011477 -0.07106131 0
-0.03772903 0.9933949 -0.1083661 0
0.06732853 0.1107239 0.991568 0
-0.01331389 -0.4089859 0.03820823 1

0.9997094 -0.02149211 0.0109229 0
0.01763679 0.9608706 0.2764356 0
-0.01643668 -0.2761626 0.9609703 0
-0.01847167 -0.2719767 0.02390833 1

-0.8757648 0.4186457 -0.2403579 0
-0.4724058 -0.6407711 0.605182 0
0.09934238 0.6435435 0.7589353 0
-0.2110458 -0.4971058 0.02688732 1

-0.9765267 -0.1817161 0.1156497 0
0.208992 -0.6693836 0.7129152 0
-0.05213415 0.7203506 0.6916481 0
0.1857496 -0.4851201 -0.001393851 1

0.9970172 0.03011641 -0.07106137 0
0.03773066 -0.9933948 0.108366 0
-0.0673284 -0.1107239 -0.991568 0
0.00913675 -0.5825279 0.27965 1

-0.03773069 0.9933948 -0.108366 0
-0.9970172 -0.03011644 0.07106137 0
0.0673284 0.1107239 0.991568 0
-0.03101458 -0.4952921 -0.2467165 1

0.9987696 -0.0328009 0.03719452 0
0.01603334 0.9233143 0.3837103 0
-0.04692828 -0.3826419 0.9227042 0
-0.01635097 -0.1564385 0.05714786 1

-0.9004557 0.4348353 -0.009906329 0
-0.2750454 -0.5869116 -0.7615018 0
-0.3369419 -0.6829738 0.6480871 0
-0.3918962 -0.7424115 0.2585684 1

-0.9763923 -0.1993859 -0.08308693 0
0.1873235 -0.5900684 -0.7853209 0
0.1075549 -0.7823457 0.613488 0
0.2657577 -0.7413794 0.2715306 1

0.9970172 0.03011641 -0.07106137 0
0.03773066 -0.9933948 0.108366 0
-0.0673284 -0.1107239 -0.991568 0
0.01319783 -0.6894503 0.2913138 1

-0.03773069 0.9933948 -0.108366 0
-0.9970172 -0.03011644 0.07106137 0
0.0673284 0.1107239 0.991568 0
-0.02523853 -0.6473672 -0.2301272 1

0.9969919 -0.04715674 0.06151114 0
0.01245863 0.8808015 0.4733216 0
-0.07649943 -0.4711316 0.8787395 0
-0.01349449 0.008057833 0.1255091 1

-0.9976007 8.754432E-07 -0.06923127 0
-0.03834328 -0.8326278 0.5525039 0
-0.05764342 0.5538328 0.8306301 0
-0.481792 -0.9342376 0.009679135 1

-0.9999064 1.057982E-06 -0.01369198 0
-0.007583924 -0.8326272 0.5537822 0
-0.01139971 0.553834 0.832549 0
0.3269826 -0.9342375 0.01485613 1

0.9970172 0.03011641 -0.07106137 0
0.03773066 -0.9933948 0.108366 0
-0.0673284 -0.1107239 -0.991568 0
0.01838562 -0.8260374 0.3062136 1

-0.03773069 0.9933948 -0.108366 0
-0.9970172 -0.03011644 0.07106137 0
0.0673284 0.1107239 0.991568 0
-0.0185311 -0.8239641 -0.2108628 1

0.9969121 -0.07844531 -0.003556214 0
0.06892665 0.8524513 0.5182428 0
-0.03762221 -0.5168878 0.8552261 0
-0.0177833 0.2961791 0.4159078 1

0.009285696 -0.4943564 0.8692098 0
-0.9777977 0.1774924 0.1113932 0
-0.2093461 -0.8509456 -0.4817323 0
-0.184785 0.22761 0.2414855 1

0.1158588 0.49022 -0.8638641 0
0.9634522 0.1560228 0.217754 0
0.2415298 -0.8575204 -0.4542269 0
0.162158 0.2112004 0.262891 1

-0.9976007 1.529232E-06 -0.06923132 0
-0.06909937 0.06168864 0.9957006 0
0.004272159 0.9980955 -0.06154047 0
-0.4921827 -1.15988 0.1594077 1

-0.9999063 1.816079E-06 -0.01369327 0
-0.01369326 0.0006027885 0.999906 0
1.004338E-05 0.9999999 -0.0006027613 0
0.3249274 -1.159879 0.1649311 1

0.9970172 0.03011641 -0.07106137 0
0.03773066 -0.9933948 0.108366 0
-0.0673284 -0.1107239 -0.991568 0
0.02373681 -0.9669268 0.3215828 1

-0.03773069 0.9933948 -0.108366 0
-0.9970172 -0.03011644 0.07106137 0
0.0673284 0.1107239 0.991568 0
-0.01266573 -0.9783909 -0.194017 1

0.983411 -0.06956495 -0.167522 0
0.08472553 0.9927624 0.08511441 0
0.1603886 -0.09789582 0.9821873 0
-0.01364592 0.3392664 0.6252888 1

0.1358713 -0.4826401 0.8652153 0
-0.5902225 -0.7408543 -0.3205812 0
0.795724 -0.4671116 -0.3855259 0
-0.3794681 0.2629493 0.2636643 1

0.8766016 0.02725764 -0.4804443 0
0.2218483 -0.9088584 0.3532132 0
-0.4270282 -0.4162129 -0.8027537 0
0.353985 0.2422651 0.3062467 1

-0.9976007 1.529232E-06 -0.06923132 0
-0.06909937 0.06168864 0.9957006 0
0.004272159 0.9980955 -0.06154047 0
-0.5036752 -1.14962 0.3250127 1

-0.9999063 1.816079E-06 -0.01369327 0
-0.01369326 0.0006027885 0.999906 0
1.004338E-05 0.9999999 -0.0006027613 0
0.3226499 -1.159779 0.3312348 1

0.983411 -0.06956495 -0.167522 0
0.08472553 0.9927624 0.08511441 0
0.1603886 -0.09789582 0.9821873 0
0.01168805 0.4867595 0.7127598 1

0.983411 -0.06956495 -0.167522 0
0.08472553 0.9927624 0.08511441 0
0.1603886 -0.09789582 0.9821873 0
-0.02567076 0.3535963 0.7593906 1

0.983411 -0.06956495 -0.167522 0
0.08472553 0.9927624 0.08511441 0
0.1603886 -0.09789582 0.9821873 0
0.043733 0.3486866 0.7475677 1

0.983411 -0.06956495 -0.167522 0
0.08002816 -0.6624029 0.7448608 0
-0.1627833 -0.7459108 -0.6458471 0
-0.009802469 0.3127116 0.6588778 1

0.3378627 0.87064 -0.3575408 0
0.5026657 0.1542487 0.8506085 0
0.7957238 -0.4671121 -0.3855258 0
-0.6704555 -0.1023012 0.1056137 1

-0.08584258 -0.8650984 0.4942019 0
-0.9001545 0.2799486 0.3336926 0
-0.4270283 -0.4162129 -0.8027537 0
0.4633591 -0.2058139 0.4803854 1

0.2218483 -0.9088584 0.3532132 0
0.4270282 0.4162129 0.8027537 0
-0.8766016 -0.02725764 0.4804443 0
0.4568448 0.2739843 0.465181 1

0.8429011 0.501632 -0.1946366 0
0.3552009 -0.2470404 0.9015563 0
0.4041664 -0.8290576 -0.3864107 0
-0.5115894 -0.05355155 0.3744464 1

0.4415188 -0.4513039 0.7754907 0
-0.7404326 0.3048976 0.5989966 0
-0.506775 -0.8386669 -0.199542 0
0.1788653 -0.1173364 0.585849 1

-0.5894013 0.7269115 -0.3524287 0
-0.2212937 -0.5648544 -0.7949647 0
-0.7769399 -0.3905628 0.4937866 0
0.5707332 0.2749735 0.2862068 1

0.8429574 -0.5206849 0.1353141 0
-0.3930385 -0.7677963 -0.5059738 0
0.3673466 0.3733309 -0.851869 0
0.2190717 0.1960169 0.4888998 1

0.774762 0.0226406 -0.6318477 0
0.4822368 -0.6674668 0.5673944 0
-0.4088912 -0.7442955 -0.5280459 0
-0.4126643 -0.0696491 0.3986598 1

0.9257455 0.352583 -0.1366772 0
0.2485174 -0.8396906 -0.4828653 0
-0.2850167 0.4130439 -0.864963 0
-0.3818184 -0.07916903 0.5522362 1

0.9257373 0.3526111 -0.1366612 0
0.2486278 -0.839794 -0.4826288 0
-0.2849475 0.4128098 -0.8650975 0
-0.428809 -0.1113509 0.5848185 1

0.9257455 0.352583 -0.1366772 0
0.2485174 -0.8396906 -0.4828653 0
-0.2850167 0.4130439 -0.864963 0
-0.4855183 -0.1431468 0.5912631 1

0.9410899 0.2921982 -0.170207 0
0.1849476 -0.8661382 -0.4643268 0
-0.2830982 0.4054938 -0.869155 0
-0.5391114 -0.1614271 0.5651594 1

0.1385973 0.3643537 0.9208893 0
-0.8957639 -0.3504548 0.2734746 0
0.4223717 -0.8628021 0.2778031 0
0.08029081 -0.1037716 0.5588312 1

0.5949319 -0.3565747 0.7203545 0
-0.2716344 -0.9326775 -0.2373347 0
0.7564859 -0.05447501 -0.6517375 0
-0.008503555 -0.02871788 0.664241 1

0.5949319 -0.3565747 0.7203545 0
-0.2716344 -0.9326775 -0.2373347 0
0.7564859 -0.05447501 -0.6517375 0
0.006119833 -0.0463413 0.7257287 1

0.5949319 -0.3565747 0.7203545 0
-0.2716344 -0.9326775 -0.2373347 0
0.7564859 -0.05447501 -0.6517375 0
0.03913711 -0.07845056 0.7720679 1

0.5949319 -0.3565747 0.7203545 0
-0.2716344 -0.9326775 -0.2373347 0
0.7564859 -0.05447501 -0.6517375 0
0.08724674 -0.1152868 0.7867646 1

-0.5894013 0.7269115 -0.3524287 0
-0.2212937 -0.5648544 -0.7949647 0
-0.7769399 -0.3905628 0.4937866 0
0.5463036 0.2126168 0.198447 1

0.8429574 -0.5206849 0.1353141 0
-0.3930385 -0.7677963 -0.5059738 0
0.3673466 0.3733309 -0.851869 0
0.1756824 0.1112565 0.433043 1

0.7937863 -0.57266 0.2048521 0
-0.590632 -0.6454563 0.4842938 0
-0.1451127 -0.5054176 -0.8505853 0
-0.3763207 -0.1199524 0.4414212 1

0.9008462 0.3045475 -0.3093983 0
-0.4272035 0.4949699 -0.7566389 0
-0.0772896 0.8137913 0.5759954 0
-0.363089 -0.1424519 0.5158454 1

0.9008462 0.3045476 -0.3093982 0
-0.4272035 0.4949702 -0.7566389 0
-0.07728977 0.813791 0.5759956 0
-0.4114135 -0.1701081 0.5510507 1

0.9008462 0.3045475 -0.3093983 0
-0.4272035 0.4949699 -0.7566389 0
-0.0772896 0.8137913 0.5759954 0
-0.4695917 -0.1969596 0.560318 1

0.9008461 0.3045476 -0.3093982 0
-0.4272036 0.4949699 -0.7566388 0
-0.07728972 0.813791 0.5759955 0
-0.5300126 -0.2040378 0.5423163 1

0.267507 0.9349194 0.2331643 0
-0.2392782 -0.169948 0.9559621 0
0.9333736 -0.3115177 0.1782437 0
0.0127829 -0.1301831 0.5794412 1

0.5056577 -0.2330908 0.8306499 0
0.8625246 0.1153591 -0.4926903 0
0.01901853 0.9655882 0.2593786 0
-0.02897391 -0.09900439 0.6463555 1

0.5056578 -0.2330904 0.8306499 0
0.8625246 0.1153591 -0.4926903 0
0.01901838 0.9655885 0.2593783 0
-0.01288644 -0.1116006 0.7091223 1

0.5056577 -0.2330908 0.8306499 0
0.8625246 0.1153591 -0.4926903 0
0.01901853 0.9655882 0.2593786 0
0.02172801 -0.1382258 0.7568571 1

0.5056577 -0.2330908 0.8306499 0
0.8625246 0.1153591 -0.4926903 0
0.01901853 0.9655882 0.2593786 0
0.07388237 -0.1611745 0.7750878 1

0.4383821 -0.7469293 0.4999182 0
-0.8948546 -0.4147051 0.1650926 0
0.08400595 -0.5197275 -0.8501921 0
-0.420691 -0.1684413 0.4778029 1

0.8545104 0.3815397 -0.3524768 0
-0.4173254 0.9083099 -0.02852019 0
0.3092765 0.1714683 0.9353862 0
-0.395182 -0.1052681 0.4590042 1

0.8545104 0.3815399 -0.3524766 0
-0.4173254 0.9083099 -0.02851984 0
0.3092764 0.171468 0.9353864 0
-0.441386 -0.1353812 0.4979652 1

0.8545104 0.3815397 -0.3524768 0
-0.4173254 0.9083099 -0.02852019 0
0.3092765 0.1714683 0.9353862 0
-0.4958659 -0.1665176 0.5137826 1

0.8545104 0.3815398 -0.3524768 0
-0.4173255 0.9083097 -0.02852037 0
0.3092763 0.1714684 0.9353861 0
-0.5523682 -0.178136 0.5027213 1

0.08605202 0.9855794 -0.1456998 0
0.1177826 0.1351528 0.9837992 0
0.9893041 -0.1018188 -0.1044538 0
-0.005193249 -0.1429507 0.6512594 1

0.4209223 -0.2861564 0.860778 0
0.5992686 0.8000907 -0.02706184 0
-0.6809565 0.5272281 0.5082606 0
0.03582763 -0.09033751 0.6093396 1

0.4209224 -0.2861561 0.8607781 0
0.5992684 0.8000909 -0.02706204 0
-0.6809566 0.527228 0.5082604 0
0.04762828 -0.103507 0.6745551 1

0.4209223 -0.2861564 0.860778 0
0.5992686 0.8000907 -0.02706184 0
-0.6809565 0.5272281 0.5082606 0
0.07477325 -0.1311312 0.7265567 1

0.4209223 -0.2861564 0.860778 0
0.5992686 0.8000907 -0.02706184 0
-0.6809565 0.5272281 0.5082606 0
0.1190183 -0.1551378 0.7493054 1

0.4383821 -0.7469293 0.4999182 0
-0.8948546 -0.4147051 0.1650926 0
0.08400595 -0.5197275 -0.8501921 0
-0.512077 -0.2107926 0.4946628 1

0.8545104 0.3815397 -0.3524768 0
-0.4173254 0.9083099 -0.02852019 0
0.3092765 0.1714683 0.9353862 0
-0.4378009 -0.01250803 0.4560916 1

0.8545104 0.3815399 -0.3524766 0
-0.4173254 0.9083099 -0.02851984 0
0.3092764 0.171468 0.9353864 0
-0.47361 -0.06524539 0.4957631 1

0.8545104 0.3815397 -0.3524768 0
-0.4173254 0.9083099 -0.02852019 0
0.3092765 0.1714683 0.9353862 0
-0.5215122 -0.1106983 0.5120299 1

0.8545104 0.3815398 -0.3524768 0
-0.4173255 0.9083097 -0.02852037 0
0.3092763 0.1714684 0.9353861 0
-0.5756206 -0.1275272 0.5011321 1

0.08605202 0.9855794 -0.1456998 0
0.1177826 0.1351528 0.9837992 0
0.9893041 -0.1018188 -0.1044538 0
0.00683554 -0.1291479 0.7517315 1

0.4209223 -0.2861564 0.860778 0
0.5992686 0.8000907 -0.02706184 0
-0.6809565 0.5272281 0.5082606 0
0.09702487 -0.008632183 0.606576 1

0.4209224 -0.2861561 0.8607781 0
0.5992684 0.8000909 -0.02706204 0
-0.6809566 0.527228 0.5082604 0
0.09389779 -0.04173195 0.6724656 1

0.4209223 -0.2861564 0.860778 0
0.5992686 0.8000907 -0.02706184 0
-0.6809565 0.5272281 0.5082606 0
0.1116044 -0.08195758 0.7248934 1

0.4209223 -0.2861564 0.860778 0
0.5992686 0.8000907 -0.02706184 0
-0.6809565 0.5272281 0.5082606 0
0.1524035 -0.1105647 0.7477976 1

0.9951778 0.03726516 -0.09073282 0
-0.04564888 0.994698 -0.09215161 0
0.08681772 0.0958491 0.9916025 0
-0.02120426 -0.4093884 0.03823493 1

0.9997668 -0.01398733 -0.01645339 0
0.01769319 0.967379 0.2527148 0
0.01238186 -0.252947 0.967401 0
-0.02744124 -0.2722091 0.0261702 1

-0.8846588 0.4144334 -0.2135974 0
-0.4524751 -0.6526517 0.6077106 0
0.1124508 0.6342641 0.7648947 0
-0.218614 -0.4985238 0.02954877 1

-0.970421 -0.1918786 0.1465131 0
0.2379657 -0.6579568 0.7144687 0
-0.04069198 0.7282004 0.6841553 0
0.1774493 -0.4836923 -0.006561305 1

0.9951777 0.0372668 -0.09073285 0
0.04565052 -0.994698 0.09215146 0
-0.08681759 -0.09584909 -0.9916025 0
0.007146448 -0.5864881 0.2764511 1

-0.04565055 0.994698 -0.09215146 0
-0.9951777 -0.03726683 0.09073285 0
0.08681759 0.09584909 0.9916025 0
-0.04419136 -0.4914029 -0.2475787 1

0.9998271 -0.01380317 0.01246189 0
0.008405877 0.9332077 0.3592392 0
-0.01658817 -0.3590723 0.9331623 0
-0.02531376 -0.1558882 0.05655747 1

-0.908406 0.4179318 0.01146421 0
-0.2719091 -0.5697411 -0.7755388 0
-0.3175908 -0.7076216 0.6311956 0
-0.3918344 -0.7483776 0.2621979 1

-0.9776923 -0.2001815 -0.063604 0
0.1750335 -0.6090877 -0.7735474 0
0.1161095 -0.7674242 0.6305388 0
0.2685494 -0.7355771 0.2669578 1

0.9951777 0.0372668 -0.09073285 0
0.04565052 -0.994698 0.09215146 0
-0.08681759 -0.09584909 -0.9916025 0
0.01205996 -0.6935506 0.2863697 1

-0.04565055 0.994698 -0.09215146 0
-0.9951777 -0.03726683 0.09073285 0
0.08681759 0.09584909 0.9916025 0
-0.03720289 -0.6436774 -0.2334716 1

0.9990481 -0.01695196 0.04019409 0
-0.002867335 0.8938932 0.4482709 0
-0.04352829 -0.4479594 0.8929935 0
-0.02381618 0.01037061 0.120559 1

-0.9968829 -0.0004156604 -0.07889487 0
-0.04349031 -0.8314433 0.5539051 0
-0.06582683 0.5556096 0.8288334 0
-0.4807051 -0.9345918 0.008720741 1

-0.9999941 -0.0002900362 -0.00347016 0
-0.001687996 -0.8312475 0.5559007 0
-0.003045846 0.5559031 0.8312418 0
0.3257574 -0.9346514 0.01413151 1

0.9951777 0.0372668 -0.09073285 0
0.04565052 -0.994698 0.09215146 0
-0.08681759 -0.09584909 -0.9916025 0
0.01833669 -0.830317 0.29904 1

-0.04565055 0.994698 -0.09215146 0
-0.9951777 -0.03726683 0.09073285 0
0.08681759 0.09584909 0.9916025 0
-0.02908754 -0.820506 -0.2170897 1

0.9981145 -0.05542065 -0.02637707 0
0.06124268 0.870796 0.4878156 0
-0.00406602 -0.4885112 0.8725481 0
-0.03015119 0.3063883 0.4028656 1

0.06352156 -0.4720863 0.8792608 0
-0.9707857 0.1750444 0.1641174 0
-0.2313873 -0.8639989 -0.4471757 0
-0.198855 0.228158 0.2342434 1

0.09862112 0.4698851 -0.8772013 0
0.9552151 0.2024384 0.215831 0
0.2789951 -0.8592012 -0.4288767 0
0.1488034 0.2222594 0.2482308 1

-0.9968829 -0.000414975 -0.07889491 0
-0.07882909 0.04641792 0.9958069 0
0.003249031 0.9989223 -0.04630588 0
-0.4924907 -1.159913 0.158829 1

-0.9999941 -0.0002893321 -0.003471442 0
-0.003472105 0.002079236 0.9999921 0
-0.0002821647 0.9999983 -0.002080348 0
0.3252999 -1.159919 0.1647806 1

0.9951777 0.0372668 -0.09073285 0
0.04565052 -0.994698 0.09215146 0
-0.08681759 -0.09584909 -0.9916025 0
0.02481113 -0.9713911 0.3121095 1

-0.04565055 0.994698 -0.09215146 0
-0.9951777 -0.03726683 0.09073285 0
0.08681759 0.09584909 0.9916025 0
-0.021991 -0.9751353 -0.2027644 1

0.9791846 -0.06719756 -0.1915252 0
0.08332139 0.9935119 0.07740742 0
0.185081 -0.09175421 0.9784304 0
-0.02187574 0.3565902 0.6105318 1

0.1557712 -0.3250819 0.9327685 0
-0.6172848 -0.769242 -0.165005 0
0.7711645 -0.5500808 -0.320494 0
-0.3921421 0.2630099 0.2669198 1

0.8698251 -0.0664625 -0.4888635 0
0.1874286 -0.8720791 0.4520496 0
-0.4563719 -0.4848309 -0.7460991 0
0.3389904 0.2625656 0.2912036 1

-0.9968829 -0.000414975 -0.07889491 0
-0.07882909 0.04641792 0.9958069 0
0.003249031 0.9989223 -0.04630588 0
-0.5056013 -1.152193 0.3244517 1

-0.9999941 -0.0002893321 -0.003471442 0
-0.003472105 0.002079236 0.9999921 0
-0.0002821647 0.9999983 -0.002080348 0
0.3247224 -1.159574 0.3310986 1

0.9791846 -0.06719756 -0.1915252 0
0.08332139 0.9935119 0.07740742 0
0.185081 -0.09175421 0.9784304 0
0.005104356 0.5046643 0.6965169 1

0.9791846 -0.06719756 -0.1915252 0
0.08332139 0.9935119 0.07740742 0
0.185081 -0.09175421 0.9784304 0
-0.03061596 0.3716434 0.7448089 1

0.9791846 -0.06719756 -0.1915252 0
0.08332139 0.9935119 0.07740742 0
0.185081 -0.09175421 0.9784304 0
0.03848953 0.3669008 0.7312918 1

0.9791846 -0.06719756 -0.1915252 0
0.1008359 -0.6578729 0.7463478 0
-0.176152 -0.7501249 -0.6374031 0
-0.01710571 0.3302404 0.6441637 1

0.3809797 0.8020704 -0.4599325 0
0.5100588 0.2325819 0.8280978 0
0.7711644 -0.550081 -0.320494 0
-0.6964715 -0.1162361 0.1855703 1

-0.007637843 -0.8363468 0.5481479 0
-0.8897565 0.2558579 0.3779821 0
-0.456372 -0.4848309 -0.7460991 0
0.4313951 -0.1673807 0.51407 1

0.1874286 -0.8720791 0.4520496 0
0.4563719 0.4848309 0.7460991 0
-0.8698251 0.0664625 0.4888635 0
0.4454455 0.307428 0.4445041 1

0.879097 0.3924374 -0.2705208 0
0.3623269 -0.1814435 0.9142197 0
0.3096895 -0.9017047 -0.3016971 0
-0.5352688 -0.04272926 0.4472885 1

0.4865027 -0.3798775 0.7867709 0
-0.7066948 0.3583928 0.6100308 0
-0.5137099 -0.8527883 -0.09409839 0
0.1501876 -0.08651698 0.6335314 1

-0.5624659 0.7079987 -0.4270484 0
-0.2571763 -0.6406832 -0.7234541 0
-0.7858071 -0.2970914 0.5424428 0
0.556635 0.2830774 0.2654865 1

0.8215074 -0.5391912 0.1854692 0
-0.4332961 -0.8017577 -0.41163 0
0.3706487 0.2577939 -0.8922793 0
0.2048917 0.243349 0.479222 1

0.7502469 -0.1221413 -0.6497778 0
0.4368932 -0.6460563 0.6258879 0
-0.4962398 -0.7534541 -0.4313393 0
-0.4375085 -0.06573224 0.4706416 1

0.9494769 0.2431502 -0.1984226 0
0.1503725 -0.907416 -0.3924091 0
-0.2754661 0.3427459 -0.8981338 0
-0.4022117 -0.06151819 0.6234952 1

0.949472 0.2431806 -0.1984097 0
0.1504811 -0.9075033 -0.3921653 0
-0.2754244 0.3424929 -0.8982431 0
-0.4508398 -0.0852102 0.6606354 1

0.9494769 0.2431502 -0.1984226 0
0.1503725 -0.907416 -0.3924091 0
-0.2754661 0.3427459 -0.8981338 0
-0.5100379 -0.110402 0.6720113 1

0.9578193 0.1782726 -0.2253915 0
0.08528979 -0.925332 -0.3694412 0
-0.2744232 0.3346341 -0.9015055 0
-0.5660235 -0.1260595 0.6494675 1

0.1888543 0.4458517 0.8749576 0
-0.8774099 -0.3235216 0.3542403 0
0.4410062 -0.8345961 0.330096 0
0.05018842 -0.07535553 0.6110259 1

0.636158 -0.2906516 0.7147203 0
-0.2806863 -0.9500418 -0.1365154 0
0.7186923 -0.1137669 -0.6859585 0
-0.03282525 0.008986712 0.7140979 1

0.636158 -0.2906516 0.7147203 0
-0.2806863 -0.9500418 -0.1365154 0
0.7186923 -0.1137669 -0.6859585 0
-0.01467877 -0.00302875 0.775997 1

0.636158 -0.2906516 0.7147203 0
-0.2806863 -0.9500418 -0.1365154 0
0.7186923 -0.1137669 -0.6859585 0
0.02103753 -0.03085506 0.8230981 1

0.636158 -0.2906516 0.7147203 0
-0.2806863 -0.9500418 -0.1365154 0
0.7186923 -0.1137669 -0.6859585 0
0.07005465 -0.06625879 0.8383083 1

-0.5624659 0.7079987 -0.4270484 0
-0.2571763 -0.6406832 -0.7234541 0
-0.7858071 -0.2970914 0.5424428 0
0.5282441 0.2123495 0.1856212 1

0.8215074 -0.5391912 0.1854692 0
-0.4332961 -0.8017577 -0.41163 0
0.3706487 0.2577939 -0.8922793 0
0.1570582 0.1548394 0.4337803 1

0.7428104 -0.6221554 0.247296 0
-0.6313545 -0.5280457 0.5679432 0
-0.2227656 -0.5780059 -0.7850385 0
-0.4045822 -0.114422 0.5178115 1

0.9139572 0.1793398 -0.3640323 0
-0.405274 0.4494891 -0.796061 0
0.02086334 0.8750985 0.4834958 0
-0.390879 -0.1299052 0.5939215 1

0.9139574 0.1793401 -0.3640323 0
-0.405274 0.4494893 -0.7960609 0
0.02086323 0.8750985 0.483496 0
-0.4403112 -0.1487046 0.6331969 1

0.9139572 0.1793398 -0.3640323 0
-0.405274 0.4494891 -0.796061 0
0.02086334 0.8750985 0.4834958 0
-0.5004011 -0.168555 0.646863 1

0.9139573 0.1793401 -0.3640323 0
-0.405274 0.4494891 -0.7960607 0
0.02086324 0.8750986 0.4834957 0
-0.5618277 -0.1715823 0.6312923 1

0.2763207 0.951902 0.1324001 0
-0.1841906 -0.0827577 0.9794005 0
0.9432502 -0.2950153 0.1524638 0
-0.01593625 -0.09973717 0.6377226 1

0.5527377 -0.1576355 0.8183109 0
0.8328304 0.0696312 -0.5491319 0
0.02958266 0.9850395 0.1697714 0
-0.05397783 -0.06260848 0.70381 1

0.5527379 -0.1576351 0.8183107 0
0.8328303 0.06963117 -0.5491319 0
0.02958247 0.9850395 0.1697711 0
-0.03431832 -0.06950307 0.766445 1

0.5527377 -0.1576355 0.8183109 0
0.8328304 0.0696312 -0.5491319 0
0.02958266 0.9850395 0.1697714 0
0.003048282 -0.09174323 0.8143489 1

0.5527377 -0.1576355 0.8183109 0
0.8328304 0.0696312 -0.5491319 0
0.02958266 0.9850395 0.1697714 0
0.05624489 -0.1130008 0.8315917 1

0.3833158 -0.7276811 0.568814 0
-0.9236096 -0.3045528 0.2327948 0
0.003833298 -0.6145959 -0.7888331 0
-0.4520116 -0.1540905 0.5604772 1

0.8736068 0.2553773 -0.4142388 0
-0.3301643 0.9363907 -0.1190157 0
0.3574954 0.2407402 0.9023538 0
-0.4213245 -0.09613812 0.5341188 1

0.8736068 0.2553776 -0.4142387 0
-0.3301643 0.9363907 -0.1190154 0
0.3574953 0.2407397 0.9023539 0
-0.4687451 -0.1171688 0.5773457 1

0.8736068 0.2553773 -0.4142388 0
-0.3301643 0.9363907 -0.1190157 0
0.3574954 0.2407402 0.9023538 0
-0.5253265 -0.1409101 0.5979032 1

0.8736068 0.2553775 -0.4142388 0
-0.3301644 0.9363905 -0.1190158 0
0.3574952 0.2407402 0.9023536 0
-0.5830358 -0.1480604 0.5896342 1

0.07354695 0.9683285 -0.2386029 0
0.1725884 0.2232827 0.9593531 0
0.9822447 -0.1117375 -0.1507004 0
-0.02977382 -0.1059545 0.7113016 1

0.4700626 -0.2076878 0.8578503 0
0.593419 0.7938334 -0.1329771 0
-0.6533724 0.5715722 0.4963973 0
0.008592762 -0.0573771 0.6625537 1

0.4700627 -0.2076877 0.8578506 0
0.593419 0.7938337 -0.1329773 0
-0.6533725 0.5715722 0.4963972 0
0.02411299 -0.06461799 0.7279179 1

0.4700626 -0.2076878 0.8578503 0
0.593419 0.7938334 -0.1329771 0
-0.6533724 0.5715722 0.4963973 0
0.05426732 -0.08746088 0.7805773 1

0.4700626 -0.2076878 0.8578503 0
0.593419 0.7938334 -0.1329771 0
-0.6533724 0.5715722 0.4963973 0
0.09982683 -0.109357 0.8028556 1

0.3833158 -0.7276811 0.568814 0
-0.9236096 -0.3045528 0.2327948 0
0.003833298 -0.6145959 -0.7888331 0
-0.5463343 -0.1851926 0.5842512 1

0.8736068 0.2553773 -0.4142388 0
-0.3301643 0.9363907 -0.1190157 0
0.3574954 0.2407402 0.9023538 0
-0.4550422 -0.000510335 0.5219644 1

0.8736068 0.2553776 -0.4142387 0
-0.3301643 0.9363907 -0.1190154 0
0.3574953 0.2407397 0.9023539 0
-0.4942389 -0.04486465 0.5681559 1

0.8736068 0.2553773 -0.4142388 0
-0.3301643 0.9363907 -0.1190157 0
0.3574954 0.2407402 0.9023538 0
-0.5456163 -0.0833652 0.5905892 1

0.8736068 0.2553775 -0.4142388 0
-0.3301644 0.9363905 -0.1190158 0
0.3574952 0.2407402 0.9023536 0
-0.6014316 -0.09588718 0.5830031 1

0.07354695 0.9683285 -0.2386029 0
0.1725884 0.2232827 0.9593531 0
0.9822447 -0.1117375 -0.1507004 0
-0.01214795 -0.08315134 0.8092774 1

0.4700626 -0.2076878 0.8578503 0
0.593419 0.7938334 -0.1329771 0
-0.6533724 0.5715722 0.4963973 0
0.0691927 0.02368915 0.6489742 1

0.4700627 -0.2076877 0.8578506 0
0.593419 0.7938337 -0.1329773 0
-0.6533725 0.5715722 0.4963972 0
0.06993088 -0.003325939 0.7176507 1

0.4700626 -0.2076878 0.8578503 0
0.593419 0.7938334 -0.1329771 0
-0.6533724 0.5715722 0.4963973 0
0.09073889 -0.03867185 0.7724046 1

0.4700626 -0.2076878 0.8578503 0
0.593419 0.7938334 -0.1329771 0
-0.6533724 0.5715722 0.4963973 0
0.1328863 -0.0651325 0.7954476 1

0.992954 0.0443428 -0.1098909 0
-0.05264137 0.9958826 -0.07380264 0
0.1061659 0.07906744 0.9911999 0
-0.02925188 -0.4071691 0.03891487 1

0.9990802 -0.005783401 -0.04248829 0
0.01541172 0.9730825 0.2299412 0
0.04001479 -0.2303845 0.9722767 0
-0.03644031 -0.2698374 0.02937927 1

-0.8936141 0.4082663 -0.1864744 0
-0.4317089 -0.6681485 0.6059746 0
0.1228064 0.62201 0.7733189 0
-0.2263313 -0.4972308 0.03260799 1

-0.9633081 -0.2015514 0.1772419 0
0.2668992 -0.6496468 0.7118454 0
-0.02832878 0.7330321 0.6796039 0
0.1688469 -0.4795825 -0.01112667 1

0.992954 0.04434444 -0.1098909 0
0.052643 -0.9958825 0.07380246 0
-0.1061657 -0.07906743 -0.9911999 0
0.004782712 -0.5882255 0.2733829 1

-0.05264303 0.9958825 -0.07380245 0
-0.992954 -0.04434447 0.1098909 0
0.1061657 0.07906743 0.9911999 0
-0.05753427 -0.4843262 -0.247775 1

0.999921 0.00417529 -0.01185848 0
3.439514E-05 0.9423292 0.3346874 0
0.01257203 -0.3346613 0.9422547 0
-0.03458715 -0.1528306 0.05702817 1

-0.9157386 0.4006134 0.03053106 0
-0.269236 -0.5554725 -0.7867416 0
-0.2982199 -0.7286696 0.616527 0
-0.3916018 -0.7530172 0.2645925 1

-0.9782373 -0.2030691 -0.04260013 0
0.1640655 -0.6313429 -0.7579504 0
0.127021 -0.7484445 0.6509197 0
0.2710236 -0.728286 0.2613882 1

0.992954 0.04434444 -0.1098909 0
0.052643 -0.9958825 0.07380246 0
-0.1061657 -0.07906743 -0.9911999 0
0.01044885 -0.6954156 0.2813265 1

-0.05264303 0.9958825 -0.07380245 0
-0.992954 -0.04434447 0.1098909 0
0.1061657 0.07906743 0.9911999 0
-0.04947535 -0.6367821 -0.2364769 1

0.9997767 0.01061377 0.0182702 0
-0.01733687 0.9063483 0.4221755 0
-0.01207829 -0.422398 0.9063299 0
-0.03458102 0.01505327 0.1166556 1

-0.9960874 -0.0009947978 -0.08836968 0
-0.04848903 -0.829832 0.5559028 0
-0.07388503 0.5580127 0.8265367 0
-0.4795989 -0.9345679 0.007453844 1

-0.9999847 -0.001239471 0.005395629 0
0.004044794 -0.8290346 0.5591829 0
0.00378006 0.5591962 0.8290269 0
0.3246468 -0.9346342 0.01365959 1

0.992954 0.04434444 -0.1098909 0
0.052643 -0.9958825 0.07380246 0
-0.1061657 -0.07906743 -0.9911999 0
0.01768701 -0.8323448 0.2914739 1

-0.05264303 0.9958825 -0.07380245 0
-0.992954 -0.04434447 0.1098909 0
0.1061657 0.07906743 0.9911999 0
-0.04011694 -0.8138212 -0.2233569 1

0.9982162 -0.03425046 -0.04890031 0
0.05290347 0.8870507 0.4586305 0
0.02766875 -0.4603994 0.8872805 0
-0.0428094 0.3190045 0.3903516 1

0.1162404 -0.4473009 0.8867976 0
-0.9608277 0.1755248 0.2144789 0
-0.2515916 -0.8769908 -0.4093761 0
-0.212944 0.231406 0.2278859 1

0.08508995 0.4484046 -0.8897714 0
0.9450253 0.2466583 0.2146786 0
0.3157324 -0.8591233 -0.4027656 0
0.134968 0.2351 0.234244 1

-0.9960874 -0.0009941719 -0.08836968 0
-0.08834945 0.03537267 0.9954614 0
0.002136171 0.9993739 -0.03532213 0
-0.4927391 -1.159452 0.1581036 1

-0.9999848 -0.001238782 0.005394325 0
0.005386941 0.005894023 0.9999682 0
-0.00127054 0.999982 -0.005887252 0
0.3257429 -1.159303 0.1651982 1

0.992954 0.04434444 -0.1098909 0
0.052643 -0.9958825 0.07380246 0
-0.1061657 -0.07906743 -0.9911999 0
0.02515317 -0.973587 0.301941 1

-0.05264303 0.9958825 -0.07380245 0
-0.992954 -0.04434447 0.1098909 0
0.1061657 0.07906743 0.9911999 0
-0.03193339 -0.9686347 -0.2118841 1

0.9743717 -0.06677169 -0.2148054 0
0.08437277 0.993695 0.0738332 0
0.2085211 -0.09006463 0.9738621 0
-0.03077655 0.3759755 0.5960785 1

0.1907549 -0.1575255 0.9689161 0
-0.6344791 -0.7729397 -0.0007511079 0
0.7490318 -0.6146137 -0.2473887 0
-0.4042484 0.2663537 0.2705894 1

0.862317 -0.1623996 -0.4796204 0
0.149937 -0.8228118 0.5481786 0
-0.4836612 -0.5446165 -0.6851751 0
0.3231261 0.2842108 0.2769873 1

-0.9960874 -0.0009941719 -0.08836968 0
-0.08834945 0.03537267 0.9954614 0
0.002136171 0.9993739 -0.03532213 0
-0.5074332 -1.153569 0.3236688 1

-0.9999848 -0.001238782 0.005394325 0
0.005386941 0.005894023 0.9999682 0
-0.00127054 0.999982 -0.005887252 0
0.3266389 -1.158322 0.3315123 1

0.9743717 -0.06677169 -0.2148054 0
0.08437277 0.993695 0.0738332 0
0.2085211 -0.09006463 0.9738621 0
-0.001861816 0.5242057 0.6811606 1

0.9743717 -0.06677169 -0.2148054 0
0.08437277 0.993695 0.0738332 0
0.2085211 -0.09006463 0.9738621 0
-0.03631178 0.391235 0.7305023 1

0.9743717 -0.06677169 -0.2148054 0
0.08437277 0.993695 0.0738332 0
0.2085211 -0.09006463 0.9738621 0
0.03245403 0.3865225 0.7153422 1

0.9743717 -0.06677169 -0.2148054 0
0.1191878 -0.6566133 0.7447503 0
-0.1907723 -0.7512659 -0.631827 0
-0.0251822 0.3496825 0.6296276 1

0.4175574 0.7278331 -0.5439714 0
0.51439 0.304153 0.8018068 0
0.7490318 -0.6146137 -0.2473888 0
-0.7170547 -0.1147155 0.2702191 1

0.07796993 -0.8065261 0.5860346 0
-0.8717755 0.2300193 0.4325491 0
-0.4836613 -0.5446166 -0.6851749 0
0.397047 -0.1214463 0.5472464 1

0.149937 -0.8228118 0.5481786 0
0.4836612 0.5446165 0.6851751 0
-0.862317 0.1623996 0.4796204 0
0.4326322 0.3411781 0.4239889 1

0.9039341 0.28044 -0.3228878 0
0.3670906 -0.1214154 0.9222273 0
0.2194257 -0.9521618 -0.2126984 0
-0.5544832 -0.01858878 0.5236283 1

0.5330099 -0.3138256 0.7857569 0
-0.6714317 0.4082161 0.6184973 0
-0.514859 -0.8572474 0.00687081 0
0.1215224 -0.04874885 0.6839537 1

-0.5320008 0.680424 -0.5039827 0
-0.2917605 -0.7060556 -0.6452608 0
-0.7948905 -0.1962372 0.5741428 0
0.5413006 0.2914265 0.2487198 1

0.7968823 -0.5525429 0.2442843 0
-0.4729554 -0.8221616 -0.3168021 0
0.3758878 0.1369185 -0.9164943 0
0.189615 0.2928256 0.4662046 1

0.7197655 -0.2555091 -0.6454864 0
0.3922164 -0.6175191 0.6817894 0
-0.5728034 -0.743899 -0.3442542 0
-0.4586482 -0.04805863 0.5476859 1

0.962321 0.1332884 -0.2370071 0
0.05803721 -0.9522167 -0.2998587 0
-0.2656499 0.2748052 -0.9240741 0
-0.419325 -0.03179669 0.698739 1

0.962319 0.1333202 -0.2369972 0
0.05814354 -0.952289 -0.2996092 0
-0.2656339 0.2745396 -0.9241576 0
-0.4689545 -0.04704833 0.7388597 1

0.962321 0.1332884 -0.2370071 0
0.05803721 -0.9522167 -0.2998587 0
-0.2656499 0.2748052 -0.9240741 0
-0.5298838 -0.06539667 0.7536727 1

0.9640992 0.06553931 -0.2573272 0
-0.007805713 -0.9616501 -0.2741688 0
-0.2654275 0.2663343 -0.9266145 0
-0.5875976 -0.07800186 0.7337223 1

0.2376586 0.5166029 0.8225813 0
-0.8539843 -0.2923982 0.4303653 0
0.462849 -0.8047517 0.3716799 0
0.02033838 -0.03941035 0.6664752 1

0.6778548 -0.2309878 0.6979667 0
-0.2843078 -0.957861 -0.04088276 0
0.6779985 -0.1707247 -0.7149625 0
-0.05687552 0.05323994 0.7668877 1

0.6778548 -0.2309878 0.6979667 0
-0.2843078 -0.957861 -0.04088276 0
0.6779985 -0.1707247 -0.7149625 0
-0.03510809 0.04637551 0.8284038 1

0.6778548 -0.2309878 0.6979667 0
-0.2843078 -0.957861 -0.04088276 0
0.6779985 -0.1707247 -0.7149625 0
0.003401702 0.02251589 0.8754802 1

0.6778548 -0.2309878 0.6979667 0
-0.2843078 -0.957861 -0.04088276 0
0.6779985 -0.1707247 -0.7149625 0
0.05336408 -0.01154578 0.8906797 1

-0.5320008 0.680424 -0.5039827 0
-0.2917605 -0.7060556 -0.6452608 0
-0.7948905 -0.1962372 0.5741428 0
0.5090917 0.2134818 0.1774865 1

0.7968823 -0.5525429 0.2442843 0
-0.4729554 -0.8221616 -0.3168021 0
0.3758878 0.1369185 -0.9164943 0
0.1374033 0.2020634 0.4312314 1

0.6895322 -0.6600979 0.2980204 0
-0.6621255 -0.4077947 0.6287236 0
-0.2934881 -0.6308523 -0.7182553 0
-0.429089 -0.09459758 0.5990686 1

0.9170785 0.05672699 -0.3946505 0
-0.3827129 0.4027842 -0.8314422 0
0.1117939 0.9135355 0.391095 0
-0.414951 -0.10356 0.6761402 1

0.9170785 0.05672716 -0.3946504 0
-0.3827128 0.4027845 -0.8314421 0
0.1117938 0.9135355 0.3910953 0
-0.4648864 -0.1136764 0.7178972 1

0.9170785 0.05672699 -0.3946505 0
-0.3827129 0.4027842 -0.8314422 0
0.1117939 0.9135355 0.391095 0
-0.5261644 -0.1264209 0.7344555 1

0.9170784 0.05672713 -0.3946505 0
-0.3827129 0.4027843 -0.8314422 0
0.1117938 0.9135356 0.3910949 0
-0.5879816 -0.1253114 0.7202343 1

0.2797024 0.9593779 0.03688972 0
-0.1265305 -0.001253325 0.9919621 0
0.9517124 -0.2821218 0.1210402 0
-0.04402084 -0.06144655 0.698909 1

0.6000682 -0.08978751 0.794894 0
0.799164 0.0232809 -0.6006621 0
0.0354261 0.9956889 0.085725 0
-0.07830102 -0.0189445 0.7638068 1

0.6000683 -0.08978716 0.7948941 0
0.7991639 0.02328093 -0.6006621 0
0.03542597 0.9956889 0.08572486 0
-0.05500112 -0.02064598 0.8255431 1

0.6000682 -0.08978751 0.794894 0
0.799164 0.0232809 -0.6006621 0
0.0354261 0.9956889 0.085725 0
-0.01481966 -0.03887343 0.8728601 1

0.6000682 -0.08978751 0.794894 0
0.799164 0.0232809 -0.6006621 0
0.0354261 0.9956889 0.085725 0
0.0393761 -0.05867243 0.8886682 1

0.3300865 -0.6991642 0.6342025 0
-0.9412555 -0.1930546 0.2770707 0
-0.07128248 -0.6884039 -0.7218166 0
-0.4788301 -0.1252325 0.6463003 1

0.8825211 0.1307388 -0.4517345 0
-0.2471417 0.9461745 -0.2089859 0
0.4000973 0.2960771 0.8673301 0
-0.4437016 -0.07330143 0.6136796 1

0.882521 0.130739 -0.4517344 0
-0.2471417 0.9461747 -0.2089855 0
0.4000971 0.2960768 0.8673303 0
-0.4917375 -0.08541715 0.6595636 1

0.8825211 0.1307388 -0.4517345 0
-0.2471417 0.9461745 -0.2089859 0
0.4000973 0.2960771 0.8673301 0
-0.5497022 -0.1016484 0.6833196 1

0.882521 0.130739 -0.4517345 0
-0.2471418 0.9461745 -0.208986 0
0.400097 0.2960772 0.8673298 0
-0.608009 -0.1042336 0.676725 1

0.0556116 0.9451948 -0.3217361 0
0.2272343 0.3017972 0.9258958 0
0.9722509 -0.1246 -0.1979972 0
-0.05352668 -0.0615406 0.7734319 1

0.5200382 -0.1363301 0.8431928 0
0.5814528 0.779635 -0.2325566 0
-0.6256781 0.6112152 0.4847094 0
-0.01825976 -0.01719546 0.7186792 1

0.5200383 -0.1363297 0.843193 0
0.5814528 0.7796351 -0.2325568 0
-0.625678 0.6112153 0.4847093 0
0.001068221 -0.01901269 0.7834008 1

0.5200382 -0.1363301 0.8431928 0
0.5814528 0.779635 -0.2325566 0
-0.6256781 0.6112152 0.4847094 0
0.03432898 -0.03744161 0.8359193 1

0.5200382 -0.1363301 0.8431928 0
0.5814528 0.779635 -0.2325566 0
-0.6256781 0.6112152 0.4847094 0
0.08119644 -0.05745423 0.8572356 1

0.3300865 -0.6991642 0.6342025 0
-0.9412555 -0.1930546 0.2770707 0
-0.07128248 -0.6884039 -0.7218166 0
-0.5749546 -0.144948 0.6745959 1

0.8825211 0.1307388 -0.4517345 0
-0.2471417 0.9461745 -0.2089859 0
0.4000973 0.2960771 0.8673301 0
-0.4689407 0.02332544 0.5923372 1

0.882521 0.130739 -0.4517344 0
-0.2471417 0.9461747 -0.2089855 0
0.4000971 0.2960768 0.8673303 0
-0.5108207 -0.01235759 0.6434267 1

0.8825211 0.1307388 -0.4517345 0
-0.2471417 0.9461745 -0.2089859 0
0.4000973 0.2960771 0.8673301 0
-0.5648901 -0.04350221 0.6704766 1

0.882521 0.130739 -0.4517345 0
-0.2471418 0.9461745 -0.208986 0
0.400097 0.2960772 0.8673298 0
-0.6217791 -0.05151522 0.6650807 1

0.0556116 0.9451948 -0.3217361 0
0.2272343 0.3017972 0.9258958 0
0.9722509 -0.1246 -0.1979972 0
-0.03031986 -0.03071904 0.8679906 1

0.5200382 -0.1363301 0.8431928 0
0.5814528 0.779635 -0.2325566 0
-0.6256781 0.6112152 0.4847094 0
0.04111823 0.06242096 0.6949304 1

0.5200383 -0.1363297 0.843193 0
0.5814528 0.7796351 -0.2325568 0
-0.625678 0.6112153 0.4847093 0
0.04596216 0.04118299 0.7654451 1

0.5200382 -0.1363301 0.8431928 0
0.5814528 0.779635 -0.2325566 0
-0.6256781 0.6112152 0.4847094 0
0.07006505 0.01047456 0.8216264 1

0.5200382 -0.1363301 0.8431928 0
0.5814528 0.779635 -0.2325566 0
-0.6256781 0.6112152 0.4847094 0
0.1135891 -0.01402068 0.8442797 1

0.9902859 0.0526529 -0.1286919 0
-0.06034365 0.9965712 -0.05660893 0
0.12527 0.06382476 0.9900676 0
-0.0375158 -0.4009089 0.04058753 1

0.997788 0.006540056 -0.06615411 0
0.007313907 0.9783071 0.2070304 0
0.06607304 -0.2070563 0.9760953 0
-0.04575368 -0.263492 0.03342132 1

-0.9026546 0.3992128 -0.1607606 0
-0.410974 -0.6887184 0.5973002 0
0.1277311 0.6052242 0.7857407 0
-0.2341121 -0.4921558 0.03670496 1

-0.9549302 -0.2108955 0.2088817 0
0.2965752 -0.6486971 0.7008818 0
-0.01231188 0.7312423 0.6820068 0
0.1600043 -0.4712002 -0.01451213 1

0.9902858 0.05265454 -0.1286918 0
0.06034528 -0.9965711 0.05660872 0
-0.1252699 -0.06382475 -0.9900676 0
0.002290104 -0.585482 0.271376 1

-0.06034531 0.9965711 -0.05660871 0
-0.9902858 -0.05265457 0.1286918 0
0.1252699 0.06382475 0.9900676 0
-0.07098345 -0.4736331 -0.2467021 1

0.9991131 0.0229551 -0.03529852 0
-0.01097981 0.9513556 0.3078992 0
0.04064931 -0.3072386 0.9507639 0
-0.04487423 -0.1458571 0.05831535 1

-0.9223497 0.3837397 0.04488967 0
-0.2657562 -0.545809 -0.7946485 0
-0.2804369 -0.7448735 0.6054079 0
-0.3914447 -0.7558169 0.2653686 1

-0.9776698 -0.2094873 -0.0166444 0
0.1532826 -0.6566952 -0.7384145 0
0.1437581 -0.7244769 0.6741417 0
0.2735418 -0.7195401 0.2538056 1

0.9902858 0.05265454 -0.1286918 0
0.06034528 -0.9965711 0.05660872 0
-0.1252699 -0.06382475 -0.9900676 0
0.008785259 -0.6927462 0.2774689 1

-0.06034531 0.9965711 -0.05660871 0
-0.9902858 -0.05265457 0.1286918 0
0.1252699 0.06382475 0.9900676 0
-0.06174542 -0.6261944 -0.2380361 1

0.9993467 0.03586493 -0.004462972 0
-0.03124801 0.9194695 0.3919177 0
0.01815967 -0.3915221 0.9199895 0
-0.04683037 0.02363491 0.1131702 1

-0.9952868 -0.00186646 -0.09695894 0
-0.05249754 -0.830278 0.5548719 0
-0.0815385 0.5573466 0.8262665 0
-0.4783044 -0.9342092 0.005645745 1

-0.9999053 -0.001589213 0.0136666 0
0.008960344 -0.8290021 0.5591739 0
0.01044104 0.5592433 0.8289378 0
0.3236407 -0.9341745 0.01246208 1

0.9902858 0.05265454 -0.1286918 0
0.06034528 -0.9965711 0.05660872 0
-0.1252699 -0.06382475 -0.9900676 0
0.01708245 -0.82977 0.2852524 1

-0.06034531 0.9965711 -0.05660871 0
-0.9902858 -0.05265457 0.1286918 0
0.1252699 0.06382475 0.9900676 0
-0.05101777 -0.8033559 -0.2279727 1

0.9973624 -0.01443363 -0.07113293 0
0.04374037 0.9016051 0.4303429 0
0.0579224 -0.4323192 0.8998584 0
-0.05687886 0.3364168 0.3766661 1

0.1686252 -0.4167065 0.8932644 0
-0.9486536 0.1774443 0.2618587 0
-0.2676229 -0.8915542 -0.3653885 0
-0.2281926 0.2391813 0.2210664 1

0.07603487 0.4230437 -0.9029136 0
0.933391 0.2883075 0.2136828 0
0.350714 -0.8590185 -0.3729437 0
0.1195698 0.2516625 0.2195136 1

-0.9952868 -0.00186583 -0.09695897 0
-0.09697407 0.02673419 0.9949279 0
0.0007357262 0.9996409 -0.02678911 0
-0.4925309 -1.159214 0.1560161 1

-0.9999053 -0.001588438 0.01366528 0
0.01364709 0.01097854 0.9998468 0
-0.001738254 0.9999386 -0.01095591 0
0.326069 -1.158834 0.1639982 1

0.9902858 0.05265454 -0.1286918 0
0.06034528 -0.9965711 0.05660872 0
-0.1252699 -0.06382475 -0.9900676 0
0.02564099 -0.9711099 0.293281 1

-0.06034531 0.9965711 -0.05660871 0
-0.9902858 -0.05265457 0.1286918 0
0.1252699 0.06382475 0.9900676 0
-0.04163688 -0.9582765 -0.2191726 1

0.9685614 -0.06814102 -0.2392604 0
0.08880475 0.9930944 0.07666296 0
0.2323843 -0.09550026 0.9679242 0
-0.04144053 0.3999043 0.5802464 1

0.2404096 0.01454807 0.9705625 0
-0.6401139 -0.7492836 0.1697884 0
0.7296966 -0.6620894 -0.1708225 0
-0.4170731 0.2745112 0.2732035 1

0.8529509 -0.2590223 -0.4531915 0
0.1087823 -0.7609301 0.6396497 0
-0.5105306 -0.5948889 -0.6208591 0
0.3054115 0.3090657 0.2620587 1

-0.9952868 -0.00186583 -0.09695897 0
-0.09697407 0.02673419 0.9949279 0
0.0007357262 0.9996409 -0.02678911 0
-0.5086595 -1.154768 0.3214924 1

-0.9999053 -0.001588438 0.01366528 0
0.01364709 0.01097854 0.9998468 0
-0.001738254 0.9999386 -0.01095591 0
0.3283387 -1.157008 0.330292 1

0.9685614 -0.06814102 -0.2392604 0
0.08880475 0.9930944 0.07666296 0
0.2323843 -0.09550026 0.9679242 0
-0.01003176 0.5476304 0.6653218 1

0.9685614 -0.06814102 -0.2392604 0
0.08880475 0.9930944 0.07666296 0
0.2323843 -0.09550026 0.9679242 0
-0.043598 0.4144998 0.7148407 1

0.9685614 -0.06814102 -0.2392604 0
0.08880475 0.9930944 0.07666296 0
0.2323843 -0.09550026 0.9679242 0
0.02475775 0.4096904 0.6979547 1

0.9685614 -0.06814102 -0.2392604 0
0.1358962 -0.6606593 0.7382827 0
-0.2083769 -0.7475868 -0.6306289 0
-0.03508488 0.3734285 0.6135152 1

0.4527862 0.6550784 -0.6048611 0
0.5123743 0.364019 0.7777935 0
0.7296966 -0.6620894 -0.1708225 0
-0.7326575 -0.09489524 0.3569113 1

0.1752416 -0.778877 0.6021969 0
-0.841813 0.1986398 0.5018898 0
-0.5105307 -0.5948889 -0.620859 0
0.3590427 -0.06608284 0.5774143 1

0.1087823 -0.7609301 0.6396497 0
0.5105306 0.5948889 0.6208591 0
-0.8529509 0.2590223 0.4531915 0
0.4176803 0.3770031 0.4021535 1

0.9189008 0.1756189 -0.3532408 0
0.36917 -0.06719873 0.9269292 0
0.1390489 -0.9821621 -0.1265823 0
-0.570723 0.02015185 0.6027311 1

0.5811555 -0.2586732 0.7715874 0
-0.6319999 0.453848 0.6281707 0
-0.5126741 -0.8527076 0.1002746 0
0.09298765 -0.003302932 0.7360367 1

-0.4974747 0.6437278 -0.5814926 0
-0.326931 -0.760025 -0.5616743 0
-0.8035143 -0.0893106 0.5885479 0
0.5236641 0.3021331 0.2343286 1

0.7683321 -0.5598117 0.3102855 0
-0.513594 -0.8285326 -0.2230578 0
0.3819519 0.01202163 -0.9241043 0
0.1725632 0.3459569 0.4483191 1

0.6876423 -0.3704667 -0.6244219 0
0.3508776 -0.5833642 0.73251 0
-0.6356361 -0.7228004 -0.2711577 0
-0.477239 -0.01473272 0.6287191 1

0.9664683 0.03255234 -0.2547145 0
-0.02304014 -0.9769387 -0.2122734 0
-0.2557507 0.2110242 -0.9434303 0
-0.4345964 0.01183534 0.7773919 1

0.9664689 0.03258502 -0.2547076 0
-0.0229366 -0.9769965 -0.212019 0
-0.2557572 0.2107519 -0.9434894 0
-0.4847185 0.004358053 0.8190721 1

0.9664683 0.03255234 -0.2547145 0
-0.02304014 -0.9769387 -0.2122734 0
-0.2557507 0.2110242 -0.9434303 0
-0.5467105 -0.007555962 0.8359093 1

0.9625002 -0.03667267 -0.2687913 0
-0.08905773 -0.9786226 -0.185383 0
-0.2562467 0.2023689 -0.9451903 0
-0.6055287 -0.01716816 0.8175843 1

0.287933 0.5733126 0.7670774 0
-0.8252864 -0.2577792 0.5024465 0
0.4857955 -0.7777293 0.3989241 0
-0.009096257 0.005122542 0.7242551 1

0.7201826 -0.182852 0.6692553 0
-0.2854527 -0.9573063 0.04562207 0
0.6323402 -0.223897 -0.7416309 0
-0.07999339 0.1049994 0.822372 1

0.7201826 -0.182852 0.6692553 0
-0.2854527 -0.9573063 0.04562207 0
0.6323402 -0.223897 -0.7416309 0
-0.05443378 0.1024787 0.88275 1

0.7201826 -0.182852 0.6692553 0
-0.2854527 -0.9573063 0.04562207 0
0.6323402 -0.223897 -0.7416309 0
-0.01304771 0.08191276 0.9289314 1

0.7201826 -0.182852 0.6692553 0
-0.2854527 -0.9573063 0.04562207 0
0.6323402 -0.223897 -0.7416309 0
0.03779389 0.04884815 0.9433992 1

-0.4974747 0.6437278 -0.5814926 0
-0.326931 -0.760025 -0.5616743 0
-0.8035143 -0.0893106 0.5885479 0
0.4875727 0.2182306 0.1723228 1

0.7683321 -0.5598117 0.3102855 0
