MeshAnim
1
36
81
30
0.999571 0.02813787 0.008134672 0
-0.02748775 0.9970787 -0.0712644 0
-0.01011614 0.07101022 0.9974243 0
-0.01247359 -0.3083821 0.02599588 1

0.9992747 0.02592718 0.02789011 0
-0.02710414 0.9987209 0.04268402 0
-0.02674776 -0.04340899 0.9986992 0
-0.01626947 -0.1708907 0.01681414 1

-0.9914752 -0.007125201 -0.1301003 0
-0.08702166 -0.7069429 0.7018967 0
-0.0969746 0.7072347 0.7002963 0
-0.2088652 -0.3950372 -0.00421069 1

-0.9725842 0.05143989 0.2267902 0
0.05201774 -0.9023964 0.4277558 0
0.2266583 0.4278257 0.8749807 0
0.1889465 -0.3838382 -0.0009732246 1

0.9995709 0.02813952 0.008134679 0
0.0274894 -0.9970786 0.07126442 0
0.01011626 -0.07101022 -0.9974243 0
-0.009234786 -0.4914634 0.2613377 1

-0.02748942 0.9970786 -0.07126442 0
-0.9995709 -0.02813955 -0.008134677 0
-0.01011626 0.07101022 0.9974243 0
-0.008017056 -0.3832411 -0.262657 1

0.9977841 0.05013867 0.04373725 0
-0.0537176 0.9949398 0.08490713 0
-0.0392588 -0.08706844 0.9954284 0
-0.01952856 -0.05080104 0.02194661 1

-0.9803387 0.05287294 -0.1901063 0
0.122312 -0.59319 -0.7957171 0
-0.1548411 -0.8033246 0.57506 0
-0.2421795 -0.6656752 0.2644955 1

-0.9481885 0.1025967 0.3006861 0
-0.3028696 -0.5777518 -0.7579399 0
0.09595978 -0.8097388 0.578891 0
0.2088604 -0.7293015 0.162784 1

0.9995709 0.02813952 0.008134679 0
0.0274894 -0.9970786 0.07126442 0
0.01011626 -0.07101022 -0.9974243 0
-0.006276013 -0.5987822 0.2690082 1

-0.02748942 0.9970786 -0.07126442 0
-0.9995709 -0.02813955 -0.008134677 0
-0.01011626 0.07101022 0.9974243 0
-0.003808805 -0.53588 -0.2517474 1

0.9954383 0.07378348 0.06048487 0
-0.08020293 0.9905037 0.1116686 0
-0.0516712 -0.1160102 0.9919031 0
-0.02909881 0.1264558 0.03707354 1

-0.9783996 0.02365009 -0.2053655 0
-0.01586835 -0.9990954 -0.03945694 0
-0.2061128 -0.03534589 0.9778895 0
-0.202203 -0.8595534 0.004423423 1

-0.9628097 3.33339E-05 0.2701801 0
0.1496848 -0.8324386 0.5335172 0
0.2249262 0.5541176 0.801475 0
0.1098705 -0.9181339 -0.08494125 1

0.9995709 0.02813952 0.008134679 0
0.0274894 -0.9970786 0.07126442 0
0.01011626 -0.07101022 -0.9974243 0
-0.00249635 -0.7358758 0.2788067 1

-0.02748942 0.9970786 -0.07126442 0
-0.9995709 -0.02813955 -0.008134677 0
-0.01011626 0.07101022 0.9974243 0
0.001078022 -0.7131318 -0.2390787 1

0.9932655 0.1001171 0.05831288 0
-0.09950563 0.994948 -0.01330415 0
-0.05935027 0.007412098 0.9982097 0
-0.06666093 0.5000226 0.1995558 1

-0.0001328327 -0.1337727 0.991012 0
-0.9997429 0.02247991 0.002900465 0
-0.02266585 -0.9907571 -0.1337414 0
-0.2226394 0.3560791 0.06552078 1

0.2418386 0.1649169 -0.9561991 0
0.9520307 0.1500832 0.2666694 0
0.1874877 -0.9748218 -0.1207101 0
0.1237629 0.3817556 0.08656896 1

-0.9762505 1.555309E-06 -0.2166445 0
-0.2136684 -0.1651889 0.9628388 0
-0.03578578 0.9862621 0.1612662 0
-0.206503 -1.130308 -0.00626931 1

-0.96281 3.414787E-05 0.2701789 0
0.2701785 0.001858042 0.9628087 0
-0.0004691146 0.9999985 -0.001798179 0
0.150435 -1.143725 0.05964195 1

0.9995709 0.02813952 0.008134679 0
0.0274894 -0.9970786 0.07126442 0
0.01011626 -0.07101022 -0.9974243 0
0.001402365 -0.8772876 0.2889138 1

-0.02748942 0.9970786 -0.07126442 0
-0.9995709 -0.02813955 -0.008134677 0
-0.01011626 0.07101022 0.9974243 0
0.00535135 -0.8681313 -0.2280004 1

0.9950498 0.09826323 0.01483958 0
-0.08892764 0.9470893 -0.3084052 0
-0.04435929 0.3055589 0.9511393 0
-0.09043819 0.6459737 0.3539802 1

0.379283 -0.0106191 0.9252198 0
-0.3881045 -0.9095466 0.1486597 0
0.8399518 -0.4154661 -0.3490969 0
-0.421692 0.3605552 0.06609827 1

0.5542814 0.2668626 -0.7883885 0
0.4570103 -0.8892297 0.02030748 0
-0.6956391 -0.3715577 -0.6148423 0
0.3133159 0.4116378 0.1396639 1

-0.9762505 1.555309E-06 -0.2166445 0
-0.2136684 -0.1651889 0.9628388 0
-0.03578578 0.9862621 0.1612662 0
-0.2420402 -1.157782 0.15387 1

-0.96281 3.414787E-05 0.2701789 0
0.2701785 0.001858042 0.9628087 0
-0.0004691146 0.9999985 -0.001798179 0
0.195371 -1.143416 0.2197757 1

0.9950498 0.09826323 0.01483958 0
-0.08892764 0.9470893 -0.3084052 0
-0.04435929 0.3055589 0.9511393 0
-0.1076632 0.8168173 0.3777102 1

0.9950498 0.09826323 0.01483958 0
-0.08892764 0.9470893 -0.3084052 0
-0.04435929 0.3055589 0.9511393 0
-0.1334352 0.7050531 0.467972 1

0.9950498 0.09826323 0.01483958 0
-0.08892764 0.9470893 -0.3084052 0
-0.04435929 0.3055589 0.9511393 0
-0.06320997 0.7119877 0.4690193 1

0.9950498 0.09826323 0.01483958 0
0.0163399 -0.3090674 0.9508996 0
0.0980249 -0.94595 -0.309143 0
-0.08998311 0.6350855 0.3955663 1

0.5244855 0.4564377 0.7187346 0
-0.1392689 -0.7867988 0.6012917 0
0.8399517 -0.4154662 -0.3490971 0
-0.6130325 -0.08786309 0.1393894 1

0.7087413 -0.2151463 -0.6718616 0
0.1173543 -0.9031372 0.4130026 0
-0.6956391 -0.3715577 -0.6148423 0
0.538628 -0.02676392 0.1496758 1

0.4570103 -0.8892297 0.02030748 0
0.6956391 0.3715577 0.6148423 0
-0.5542814 -0.2668626 0.7883885 0
0.4728502 0.4396081 0.2426823 1

0.6752565 0.2885505 0.6787981 0
0.0092788 -0.9235513 0.3833623 0
0.7375243 -0.2525696 -0.6263117 0
-0.6570481 -0.3365289 0.3294259 1

0.974266 -0.01223296 -0.2250695 0
0.03708196 -0.9762222 0.2135772 0
-0.2223306 -0.216427 -0.9506464 0
0.5757178 -0.3122005 0.280205 1

-0.7615476 0.6408171 0.09694736 0
-0.4937127 -0.4766925 -0.7273323 0
-0.4198728 -0.6017622 0.6794035 0
0.492282 0.4885908 0.03719167 1

0.8644704 -0.3599589 -0.3508855 0
-0.4920515 -0.7487369 -0.4441602 0
-0.1028415 0.5566171 -0.8243792 0
0.2819704 0.3141128 0.3475316 1

0.7132891 0.4040757 0.5726618 0
0.323052 -0.9146512 0.2430035 0
0.6219774 0.01166772 -0.7829481 0
-0.5763821 -0.3835499 0.3731704 1

0.6793429 0.2524999 0.6890116 0
0.2088073 -0.9666373 0.1483634 0
0.7034858 0.04308089 -0.7094018 0
-0.6095782 -0.5163682 0.4498847 1

0.6793357 0.2525324 0.6890069 0
0.2086339 -0.9666409 0.1485843 0
0.7035444 0.04281151 -0.7093604 0
-0.6549307 -0.5521037 0.4187158 1

0.6793429 0.2524999 0.6890116 0
0.2088073 -0.9666373 0.1483634 0
0.7034858 0.04308089 -0.7094018 0
-0.6981845 -0.5651181 0.3715123 1

0.6921866 0.1835052 0.6979997 0
0.154022 -0.9824147 0.105539 0
0.7050919 0.03445462 -0.7082783 0
-0.7291611 -0.5450925 0.321241 1

0.977214 -0.1687543 -0.1287436 0
-0.1777913 -0.9821012 -0.06218829 0
-0.1159447 0.0836608 -0.9897261 0
0.499422 -0.3803442 0.2673097 1

0.9734526 0.03492637 -0.2262082 0
-0.004470129 -0.9851999 -0.1713508 0
-0.2288449 0.1678132 -0.9588893 0
0.5221611 -0.5201751 0.3348296 1

0.9734526 0.03492637 -0.2262082 0
-0.004470129 -0.9851999 -0.1713508 0
-0.2288449 0.1678132 -0.9588892 0
0.5845109 -0.5400137 0.3299185 1

0.9734526 0.03492637 -0.2262082 0
-0.004470129 -0.9851999 -0.1713508 0
-0.2288449 0.1678132 -0.9588893 0
0.647391 -0.5346885 0.3130009 1

0.9734526 0.03492637 -0.2262082 0
-0.004470129 -0.9851999 -0.1713508 0
-0.2288449 0.1678132 -0.9588893 0
0.6931792 -0.4989208 0.2903834 1

-0.7615476 0.6408171 0.09694736 0
-0.4937127 -0.4766925 -0.7273323 0
-0.4198728 -0.6017622 0.6794035 0
0.4377789 0.4359665 -0.04310188 1

0.8644704 -0.3599589 -0.3508855 0
-0.4920515 -0.7487369 -0.4441602 0
-0.1028415 0.5566171 -0.8243792 0
0.2276506 0.2314564 0.2984987 1

0.7310641 0.004200665 0.6822955 0
0.03337395 -0.999004 -0.02960892 0
0.6814917 0.04441692 -0.7304766 0
-0.5520355 -0.4524821 0.3914841 1

0.6943604 0.2087725 0.6886782 0
0.4284256 -0.8888434 -0.162508 0
0.5781998 0.4078865 -0.706621 0
-0.5938414 -0.5892184 0.4610662 1

0.6943602 0.2087725 0.6886784 0
0.4284257 -0.8888434 -0.1625079 0
0.5782 0.4078866 -0.7066209 0
-0.6403335 -0.6197357 0.4291116 1

0.6943604 0.2087725 0.6886782 0
0.4284256 -0.8888434 -0.162508 0
0.5781998 0.4078865 -0.706621 0
-0.684803 -0.6270663 0.3810203 1

0.6943603 0.2087723 0.6886784 0
0.4284255 -0.8888434 -0.162508 0
0.5782 0.4078864 -0.7066209 0
-0.7215839 -0.5934236 0.326433 1

0.9728696 0.1752304 -0.1510596 0
0.1545735 -0.9781342 -0.1391436 0
-0.1721389 0.1120189 -0.9786827 0
0.486023 -0.4543587 0.2626229 1

0.9743296 0.07192473 -0.2133282 0
-0.03968396 -0.8778819 -0.4772303 0
-0.2216017 0.4734454 -0.8524919 0
0.5218242 -0.5944198 0.3219165 1

0.9743295 0.07192505 -0.2133282 0
-0.0396837 -0.8778818 -0.4772304 0
-0.2216018 0.4734453 -0.852492 0
0.584198 -0.6089481 0.3179291 1

0.9743296 0.07192473 -0.2133282 0
-0.03968396 -0.8778819 -0.4772303 0
-0.2216017 0.4734454 -0.8524919 0
0.6471043 -0.59783 0.3020191 1

0.9743296 0.07192473 -0.2133282 0
-0.03968396 -0.8778819 -0.4772303 0
-0.2216017 0.4734454 -0.8524919 0
0.6929593 -0.5473927 0.281953 1

0.6960435 -0.1562827 0.7007846 0
-0.1104935 -0.9877123 -0.1105245 0
0.7094466 -0.0005023759 -0.7047589 0
-0.5495282 -0.5275307 0.3892599 1

0.7053785 0.189086 0.6831451 0
0.5157278 -0.798073 -0.3116159 0
0.4862774 0.5721241 -0.6604602 0
-0.5616567 -0.6559912 0.4488581 1

0.7053785 0.1890859 0.6831453 0
0.515728 -0.7980728 -0.3116161 0
0.4862774 0.5721244 -0.6604602 0
-0.6102752 -0.6820967 0.4177102 1

0.7053785 0.189086 0.6831451 0
0.5157278 -0.798073 -0.3116159 0
0.4862774 0.5721241 -0.6604602 0
-0.6584537 -0.6817325 0.3710257 1

0.7053787 0.1890858 0.6831451 0
0.5157275 -0.7980729 -0.3116162 0
0.4862774 0.5721243 -0.6604605 0
-0.6991644 -0.6399368 0.317929 1

0.9505202 0.2611859 -0.1682062 0
0.2451758 -0.9631998 -0.1101602 0
-0.1907886 0.06346943 -0.9795772 0
0.4976355 -0.5278425 0.2521695 1

0.9752724 0.08835537 -0.2025759 0
-0.05592966 -0.7880991 -0.6130021 0
-0.2138119 0.6091741 -0.7636697 0
0.5188429 -0.660375 0.2860623 1

0.9752724 0.08835568 -0.2025758 0
-0.05592949 -0.788099 -0.6130023 0
-0.2138121 0.6091742 -0.7636696 0
0.5814139 -0.6705401 0.2844467 1

0.9752724 0.08835537 -0.2025759 0
-0.05592966 -0.7880991 -0.6130021 0
-0.2138119 0.6091741 -0.7636697 0
0.6446639 -0.6518197 0.2726694 1

0.9752724 0.08835537 -0.2025759 0
-0.05592966 -0.7880991 -0.6130021 0
-0.2138119 0.6091741 -0.7636697 0
0.6908826 -0.5933321 0.2569795 1

0.6960435 -0.1562827 0.7007846 0
-0.1104935 -0.9877123 -0.1105245 0
0.7094466 -0.0005023759 -0.7047589 0
-0.5608123 -0.6283995 0.3779726 1

0.7053785 0.189086 0.6831451 0
0.5157278 -0.798073 -0.3116159 0
0.4862774 0.5721241 -0.6604602 0
-0.5089889 -0.7374936 0.4170346 1

0.7053785 0.1890859 0.6831453 0
0.515728 -0.7980728 -0.3116161 0
0.4862774 0.5721244 -0.6604602 0
-0.570453 -0.7437205 0.3936485 1

0.7053785 0.189086 0.6831451 0
0.5157278 -0.798073 -0.3116159 0
0.4862774 0.5721241 -0.6604602 0
-0.6267599 -0.7307773 0.3518756 1

0.7053787 0.1890858 0.6831451 0
0.5157275 -0.7980729 -0.3116162 0
0.4862774 0.5721243 -0.6604605 0
-0.6704293 -0.6844033 0.3005666 1

0.9505202 0.2611859 -0.1682062 0
0.2451758 -0.9631998 -0.1101602 0
-0.1907886 0.06346943 -0.9795772 0
0.5226746 -0.6262108 0.2409192 1

0.9752724 0.08835537 -0.2025759 0
-0.05592966 -0.7880991 -0.6130021 0
-0.2138119 0.6091741 -0.7636697 0
0.5131313 -0.7408557 0.2234625 1

0.9752724 0.08835568 -0.2025758 0
-0.05592949 -0.788099 -0.6130023 0
-0.2138121 0.6091742 -0.7636696 0
0.5770955 -0.7313896 0.2371168 1

0.9752724 0.08835537 -0.2025759 0
-0.05592966 -0.7880991 -0.6130021 0
-0.2138119 0.6091741 -0.7636697 0
0.6412265 -0.7002563 0.2349943 1

0.9752724 0.08835537 -0.2025759 0
-0.05592966 -0.7880991 -0.6130021 0
-0.2138119 0.6091741 -0.7636697 0
0.6877668 -0.6372374 0.2228292 1

0.9995587 0.01492533 0.02568122 0
-0.01270775 0.996347 -0.0844458 0
-0.02684778 0.08408219 0.9960971 0
-0.009505199 -0.2880298 0.02762944 1

0.9970777 0.03189183 0.06941852 0
-0.03432567 0.9988269 0.0341544 0
-0.06824784 -0.03643743 0.9970028 0
-0.01127445 -0.1506308 0.01662981 1

-0.9899414 -0.0385421 -0.1361282 0
-0.07281521 -0.6861623 0.7237953 0
-0.1213026 0.726427 0.6764538 0
-0.2064859 -0.3724464 -0.004983852 1

-0.973976 0.042983 0.2225384 0
0.0269214 -0.9529629 0.3018894 0
0.225047 0.3000241 0.9270056 0
0.1913209 -0.3665057 0.005236823 1

0.9995587 0.01492698 0.0256812 0
0.01270939 -0.996347 0.08444585 0
0.02684791 -0.08408219 -0.9960971 0
-0.01292308 -0.4680671 0.2653055 1

-0.01270941 0.996347 -0.08444585 0
-0.9995587 -0.01492701 -0.0256812 0
-0.02684791 0.08408219 0.9960971 0
-0.0009427369 -0.3666828 -0.2599199 1

0.9924549 0.0636977 0.1047653 0
-0.07215422 0.9942589 0.07901275 0
-0.09913092 -0.08597586 0.9913532 0
-0.01540189 -0.03052855 0.02073665 1

-0.977654 0.005879464 -0.2101388 0
0.1408512 -0.7237374 -0.6755481 0
-0.1560572 -0.6900505 0.7067365 0
-0.2343617 -0.635129 0.2721058 1

-0.9539543 0.07471123 0.2904988 0
-0.2789111 -0.5772789 -0.7674357 0
0.1103627 -0.813122 0.5715353 0
0.2016272 -0.7313273 0.1208088 1

0.9995587 0.01492698 0.0256812 0
0.01270939 -0.996347 0.08444585 0
0.02684791 -0.08408219 -0.9960971 0
-0.01155513 -0.5753072 0.2743947 1

-0.01270941 0.996347 -0.08444585 0
-0.9995587 -0.01492701 -0.0256812 0
-0.02684791 0.08408219 0.9960971 0
0.001002898 -0.5192098 -0.2469924 1

0.9854588 0.09418844 0.1414197 0
-0.1098313 0.9881513 0.1072115 0
-0.129646 -0.1211848 0.9841272 0
-0.02825677 0.146607 0.03481344 1

-0.9783828 0.001176909 -0.2067999 0
-0.03565444 -0.9859697 0.1630721 0
-0.2037065 0.1669202 0.9646976 0
-0.1883258 -0.8716753 0.05130962 1

-0.9629513 0.001879895 0.2696693 0
0.1489426 -0.8299161 0.5376386 0
0.2248136 0.557885 0.7988886 0
0.1104678 -0.9200051 -0.1300201 1

0.9995587 0.01492698 0.0256812 0
0.01270939 -0.996347 0.08444585 0
0.02684791 -0.08408219 -0.9960971 0
-0.009807646 -0.7123003 0.2860056 1

-0.01270941 0.996347 -0.08444585 0
-0.9995587 -0.01492701 -0.0256812 0
-0.02684791 0.08408219 0.9960971 0
0.003262266 -0.6963315 -0.2319803 1

0.9843699 0.1195417 0.1293282 0
-0.1186656 0.9928285 -0.01448677 0
-0.1301325 -0.001086476 0.9914959 0
-0.08674785 0.5186341 0.1946208 1

-0.07608797 -0.1378161 0.9875311 0
-0.9970681 0.00245228 -0.07648046 0
0.008118452 -0.990455 -0.1375986 0
-0.2282566 0.3720412 0.04799134 1

0.3167977 0.174273 -0.9323456 0
0.9234703 0.1676264 0.3451146 0
0.21643 -0.9703249 -0.1078323 0
0.1146729 0.4048183 0.09720402 1

-0.9782369 -0.001395051 -0.207487 0
-0.2058486 -0.1190723 0.9713127 0
-0.02606098 0.9928848 0.1161937 0
-0.1979878 -1.138873 0.09550221 1

-0.9629516 0.001880677 0.269668 0
0.2696737 0.009283796 0.962907 0
-0.0006926414 0.9999552 -0.009447092 0
0.1508313 -1.144912 0.01568 1

0.9995587 0.01492698 0.0256812 0
0.01270939 -0.996347 0.08444585 0
0.02684791 -0.08408219 -0.9960971 0
-0.008005123 -0.8536083 0.2979822 1

-0.01270941 0.996347 -0.08444585 0
-0.9995587 -0.01492701 -0.0256812 0
-0.02684791 0.08408219 0.9960971 0
0.00523799 -0.8512172 -0.2188529 1

0.9964015 0.07485749 0.03975222 0
-0.05955261 0.9520475 -0.3000983 0
-0.06031061 0.2966511 0.9530797 0
-0.1244007 0.6629453 0.3478215 1

0.3003549 -0.007299867 0.9537997 0
-0.3924419 -0.9123566 0.1165987 0
0.869354 -0.4093318 -0.2768956 0
-0.4267767 0.3725294 0.03276378 1

0.6318446 0.3109607 -0.709983 0
0.485106 -0.8730629 0.04932985 0
-0.6045202 -0.3755858 -0.7024891 0
0.2985393 0.4381933 0.1659177 1

-0.9782369 -0.001395051 -0.207487 0
-0.2058486 -0.1190723 0.9713127 0
-0.02606098 0.9928848 0.1161937 0
-0.2322244 -1.158677 0.257051 1

-0.9629516 0.001880677 0.269668 0
0.2696737 0.009283796 0.962907 0
-0.0006926414 0.9999552 -0.009447092 0
0.1956833 -1.143368 0.1758301 1

0.9964015 0.07485749 0.03975222 0
-0.05955261 0.9520475 -0.3000983 0
-0.06031061 0.2966511 0.9530797 0
-0.1382477 0.8338895 0.3729942 1

0.9964015 0.07485749 0.03975222 0
-0.05955261 0.9520475 -0.3000983 0
-0.06031061 0.2966511 0.9530797 0
-0.1687701 0.7218292 0.4613879 1

0.9964015 0.07485749 0.03975222 0
-0.05955261 0.9520475 -0.3000983 0
-0.06031061 0.2966511 0.9530797 0
-0.09844944 0.7271121 0.4641933 1

0.9964015 0.07485749 0.03975222 0
-0.01382486 -0.3191888 0.9475901 0
0.0836227 -0.94473 -0.3170054 0
-0.1252041 0.6516198 0.3892854 1

0.4464258 0.4101616 0.795281 0
-0.2119619 -0.814994 0.5393118 0
0.869354 -0.4093318 -0.2768956 0
-0.6202555 -0.07727396 0.09024841 1

0.7905255 -0.174246 -0.5871183 0
0.09810744 -0.9102602 0.4022454 0
-0.6045202 -0.3755858 -0.7024891 0
0.5377029 0.007761955 0.190238 1

0.485106 -0.8730629 0.04932985 0
0.6045202 0.3755858 0.7024891 0
-0.6318446 -0.3109607 0.709983 0
0.4437894 0.4683652 0.2877307 1

0.6180431 0.2450506 0.7469761 0
-0.01510312 -0.9463003 0.3229364 0
0.7859994 -0.2108703 -0.5811534 0
-0.6872457 -0.3348509 0.2606963 1

0.9976353 -0.02240377 -0.06497731 0
-0.009143942 -0.980243 0.1975871 0
-0.06812035 -0.1965256 -0.9781297 0
0.5687099 -0.2799258 0.3173675 1

-0.7915404 0.6106318 0.02434652 0
-0.3869923 -0.470015 -0.793299 0
-0.4729701 -0.6373499 0.6083457 0
0.4851672 0.5245342 0.0873904 1

0.9125835 -0.3184049 -0.2565339 0
-0.4079865 -0.7507504 -0.5195391 0
-0.02716918 0.5787852 -0.8150274 0
0.2469124 0.3330473 0.3658717 1

0.6635733 0.3672123 0.6517865 0
0.3086635 -0.9280173 0.2085933 0
0.6814672 0.06276581 -0.7291524 0
-0.609973 -0.3844956 0.3075569 1

0.6215392 0.2084222 0.7551488 0
0.2025314 -0.9739377 0.102111 0
0.7567499 0.08947542 -0.6475523 0
-0.6482632 -0.5220151 0.3727494 1

0.6215321 0.2084549 0.7551456 0
0.2023414 -0.9739555 0.1023168 0
0.7568066 0.08920396 -0.6475236 0
-0.690804 -0.5557234 0.3358788 1

0.6215392 0.2084222 0.7551488 0
0.2025314 -0.9739377 0.102111 0
0.7567499 0.08947542 -0.6475523 0
-0.7301348 -0.5657228 0.2846777 1

0.6340671 0.1390071 0.7606813 0
0.1513784 -0.98699 0.05418092 0
0.7583163 0.0807965 -0.6468605 0
-0.7571914 -0.5425394 0.233509 1

0.9831707 -0.180612 0.02747378 0
-0.1766414 -0.9781855 -0.1093203 0
0.0466189 0.1026275 -0.993627 0
0.4947278 -0.3467214 0.2909872 1

0.9975576 0.0247751 -0.06530774 0
0.01200596 -0.9818845 -0.1890999 0
-0.06880977 0.187854 -0.9797839 0
0.504643 -0.4880265 0.3585393 1

0.9975576 0.0247751 -0.06530774 0
0.01200595 -0.9818845 -0.1891 0
-0.06880977 0.187854 -0.9797839 0
0.5667343 -0.508677 0.3633737 1

0.9975576 0.0247751 -0.06530774 0
0.01200596 -0.9818845 -0.1890999 0
-0.06880977 0.187854 -0.9797839 0
0.6315796 -0.5039682 0.3569403 1

0.9975576 0.0247751 -0.06530774 0
0.01200596 -0.9818845 -0.1890999 0
-0.06880977 0.187854 -0.9797839 0
0.6808301 -0.4684771 0.3427194 1

-0.7915404 0.6106318 0.02434652 0
-0.3869923 -0.470015 -0.793299 0
-0.4729701 -0.6373499 0.6083457 0
0.4424454 0.4726472 -0.0001854692 1

0.9125835 -0.3184049 -0.2565339 0
-0.4079865 -0.7507504 -0.5195391 0
-0.02716918 0.5787852 -0.8150274 0
0.2018729 0.2501687 0.3085175 1

0.6751751 -0.03886925 0.7366326 0
0.04182397 -0.9949874 -0.09083633 0
0.7364709 0.09213938 -0.6701651 0
-0.5867108 -0.4544352 0.3232774 1

0.6368085 0.1648244 0.7531985 0
0.4453992 -0.8760389 -0.184867 0
0.6293606 0.4531988 -0.6312816 0
-0.6329997 -0.5954154 0.3804449 1

0.6368084 0.1648245 0.7531987 0
0.4453993 -0.876039 -0.1848669 0
0.6293607 0.4531989 -0.6312815 0
-0.6766468 -0.6238672 0.3430376 1

0.6368085 0.1648244 0.7531985 0
0.4453992 -0.8760389 -0.184867 0
0.6293606 0.4531988 -0.6312816 0
-0.7171552 -0.628139 0.2912217 1

0.6368085 0.1648242 0.7531987 0
0.4453991 -0.8760391 -0.184867 0
0.6293607 0.4531986 -0.6312816 0
-0.7497441 -0.5910954 0.2361744 1

0.9864371 0.1637371 0.01149546 0
0.1638172 -0.9776872 -0.1314993 0
-0.01029246 0.131599 -0.9912499 0
0.4814156 -0.4204409 0.2827485 1

0.996764 0.06152596 -0.05173266 0
0.02795897 -0.8687345 -0.4944882 0
-0.07536596 0.4914418 -0.8676437 0
0.5055476 -0.5620213 0.3442887 1

0.9967639 0.06152625 -0.05173261 0
0.02795936 -0.8687347 -0.4944884 0
-0.07536608 0.4914418 -0.8676435 0
0.5675743 -0.5773794 0.3501423 1

0.996764 0.06152596 -0.05173266 0
0.02795897 -0.8687345 -0.4944882 0
-0.07536596 0.4914418 -0.8676437 0
0.6323491 -0.5668972 0.3448209 1

0.996764 0.06152596 -0.05173266 0
0.02795897 -0.8687345 -0.4944882 0
-0.07536596 0.4914418 -0.8676437 0
0.6814207 -0.516786 0.3334157 1

0.6398116 -0.2002507 0.7419845 0
-0.09531131 -0.9786789 -0.1819444 0
0.762599 0.04569059 -0.645256 0
-0.5835688 -0.529182 0.3164535 1

0.64835 0.1455479 0.7473008 0
0.5435755 -0.775757 -0.3205102 0
0.5330742 0.6140171 -0.5820781 0
-0.5995398 -0.6612263 0.3665572 1

0.6483498 0.1455478 0.747301 0
0.5435758 -0.7757569 -0.3205103 0
0.5330743 0.6140174 -0.5820779 0
-0.6453979 -0.6853299 0.3300674 1

0.64835 0.1455479 0.7473008 0
0.5435755 -0.775757 -0.3205102 0
0.5330742 0.6140171 -0.5820781 0
-0.689762 -0.6820178 0.2798518 1

0.6483502 0.1455477 0.7473007 0
0.5435753 -0.775757 -0.3205105 0
0.5330742 0.6140172 -0.5820782 0
-0.7264364 -0.6369387 0.2265004 1

0.968142 0.250294 -0.007347269 0
0.2487043 -0.9645758 -0.0879779 0
-0.02910746 0.0833478 -0.9960955 0
0.4937226 -0.4938911 0.2728693 1

0.9961438 0.07775067 -0.04064931 0
0.03491624 -0.7763652 -0.6293155 0
-0.08048848 0.6254696 -0.7760862 0
0.5076482 -0.6272894 0.3071378 1

0.9961439 0.07775101 -0.04064925 0
0.0349166 -0.7763652 -0.6293154 0
-0.0804886 0.6254696 -0.7760863 0
0.569536 -0.63833 0.3154491 1

0.9961438 0.07775067 -0.04064931 0
0.03491624 -0.7763652 -0.6293155 0
-0.08048848 0.6254696 -0.7760862 0
0.6340685 -0.6203244 0.3144098 1

0.9961438 0.07775067 -0.04064931 0
0.03491624 -0.7763652 -0.6293155 0
-0.08048848 0.6254696 -0.7760862 0
0.682884 -0.5622469 0.3075391 1

0.6398116 -0.2002507 0.7419845 0
-0.09531131 -0.9786789 -0.1819444 0
0.762599 0.04569059 -0.645256 0
-0.5933024 -0.6291283 0.2978727 1

0.64835 0.1455479 0.7473008 0
0.5435755 -0.775757 -0.3205102 0
0.5330742 0.6140171 -0.5820781 0
-0.5440278 -0.7404497 0.3338253 1

0.6483498 0.1455478 0.747301 0
0.5435758 -0.7757569 -0.3205103 0
0.5330743 0.6140174 -0.5820779 0
-0.6034253 -0.7452306 0.305319 1

0.64835 0.1455479 0.7473008 0
0.5435755 -0.775757 -0.3205102 0
0.5330742 0.6140171 -0.5820781 0
-0.6563572 -0.7296911 0.2601553 1

0.6483502 0.1455477 0.7473007 0
0.5435753 -0.775757 -0.3205105 0
0.5330742 0.6140172 -0.5820782 0
-0.6961496 -0.6801617 0.2086423 1

0.968142 0.250294 -0.007347269 0
0.2487043 -0.9645758 -0.0879779 0
-0.02910746 0.0833478 -0.9960955 0
0.5191219 -0.5924002 0.2638845 1

0.9961438 0.07775067 -0.04064931 0
0.03491624 -0.7763652 -0.6293155 0
-0.08048848 0.6254696 -0.7760862 0
0.5112138 -0.7065718 0.2428721 1

0.9961439 0.07775101 -0.04064925 0
0.0349166 -0.7763652 -0.6293154 0
-0.0804886 0.6254696 -0.7760863 0
0.5722319 -0.6982732 0.2668596 1

0.9961438 0.07775067 -0.04064931 0
0.03491624 -0.7763652 -0.6293155 0
-0.08048848 0.6254696 -0.7760862 0
0.6362145 -0.6680397 0.2757321 1

0.9961438 0.07775067 -0.04064931 0
0.03491624 -0.7763652 -0.6293155 0
-0.08048848 0.6254696 -0.7760862 0
0.6848291 -0.6054981 0.27248 1

0.9990695 0.003018606 0.04302255 0
0.00096917 0.9957243 -0.09236944 0
-0.04311743 0.09232518 0.9947949 0
-0.007454119 -0.268209 0.02723398 1

0.9931193 0.03734911 0.110991 0
-0.0404819 0.9988391 0.02610663 0
-0.1098871 -0.03042014 0.9934784 0
-0.007348503 -0.1308905 0.01514124 1

-0.9875708 -0.06983446 -0.1408096 0
-0.05800454 -0.6707056 0.7394522 0
-0.146081 0.7384288 0.6583185 0
-0.204858 -0.3504897 -0.008160649 1

-0.9759879 0.03535249 0.2149371 0
0.003025397 -0.9844466 0.1756578 0
0.2178041 0.1720902 0.9607009 0
0.1927542 -0.3492877 0.008961571 1

0.9990695 0.003020252 0.04302252 0
-0.0009675305 -0.9957243 0.0923695 0
0.04311755 -0.09232518 -0.9947949 0
-0.01720629 -0.4462946 0.2662014 1

0.0009675027 0.9957243 -0.09236951 0
-0.9990695 -0.00302028 -0.04302252 0
-0.04311755 0.09232518 0.9947949 0
0.005138566 -0.3492457 -0.2595041 1

0.983521 0.07516252 0.1644286 0
-0.0874961 0.993766 0.06908958 0
-0.1582106 -0.08233796 0.9839664 0
-0.01221618 -0.01078677 0.01828039 1

-0.9742165 -0.04356594 -0.221369 0
0.157626 -0.833428 -0.5296715 0
-0.1614195 -0.5509082 0.8188065 0
-0.2270637 -0.6072551 0.2749229 1

-0.959056 0.04907365 0.2789329 0
-0.2532891 -0.5892594 -0.7672144 0
0.1267138 -0.8064522 0.5775626 0
0.1939124 -0.7261622 0.07620843 1

0.9990695 0.003020252 0.04302252 0
-0.0009675305 -0.9957243 0.0923695 0
0.04311755 -0.09232518 -0.9947949 0
-0.01731043 -0.5534676 0.2761434 1

0.0009675027 0.9957243 -0.09236951 0
-0.9990695 -0.00302028 -0.04302252 0
-0.04311755 0.09232518 0.9947949 0
0.004990454 -0.5016773 -0.2453635 1

0.9693812 0.1110341 0.2190235 0
-0.1342077 0.9864955 0.09388857 0
-0.2056408 -0.1204085 0.9711918 0
-0.02780435 0.1662611 0.03058929 1

-0.9771735 -0.02243489 -0.2112553 0
-0.05699245 -0.9302728 0.3624148 0
-0.2046559 0.3661821 0.9077594 0
-0.1755452 -0.8796527 0.1018051 1

-0.9637136 0.0004301157 0.2669383 0
0.1482213 -0.8308113 0.5364542 0
0.2220061 0.5565541 0.8006005 0
0.1111273 -0.9187558 -0.1745481 1

0.9990695 0.003020252 0.04302252 0
-0.0009675305 -0.9957243 0.0923695 0
0.04311755 -0.09232518 -0.9947949 0
-0.01744346 -0.6903751 0.2888438 1

0.0009675027 0.9957243 -0.09236951 0
-0.9990695 -0.00302028 -0.04302252 0
-0.04311755 0.09232518 0.9947949 0
0.00481846 -0.6786883 -0.2289429 1

0.9710307 0.1350746 0.197114 0
-0.1323466 0.9908354 -0.02700999 0
-0.1989559 0.000140147 0.9800084 0
-0.1049328 0.5377333 0.1836358 1

-0.1511835 -0.1360759 0.979095 0
-0.9878866 -0.01424692 -0.1545211 0
0.03497563 -0.9905959 -0.1322736 0
-0.2318867 0.3883655 0.02683544 1

0.3871628 0.1768171 -0.9048982 0
0.8902783 0.1835759 0.4167786 0
0.2398112 -0.9669724 -0.08634274 0
0.1054479 0.4270048 0.1030534 1

-0.9783484 -0.001749585 -0.2069576 0
-0.2041475 -0.1562803 0.9663853 0
-0.03403419 0.9877113 0.1525395 0
-0.1909898 -1.131757 0.2000196 1

-0.9637139 0.0004308838 0.266937 0
0.2669157 0.0142854 0.9636141 0
-0.003398116 0.9998978 -0.01388211 0
0.1512953 -1.143906 -0.02916895 1

0.9990695 0.003020252 0.04302252 0
-0.0009675305 -0.9957243 0.0923695 0
0.04311755 -0.09232518 -0.9947949 0
-0.01758068 -0.8315948 0.3019442 1

0.0009675027 0.9957243 -0.09236951 0
-0.9990695 -0.00302028 -0.04302252 0
-0.04311755 0.09232518 0.9947949 0
0.004668058 -0.8334773 -0.2145838 1

0.9970183 0.04738441 0.06090197 0
-0.02661111 0.9519713 -0.3050282 0
-0.07243056 0.3024979 0.950394 0
-0.1553572 0.6819468 0.3332146 1

0.2213605 -0.007316384 0.9751646 0
-0.400517 -0.9124244 0.08407098 0
0.8891488 -0.4091799 -0.204905 0
-0.4285787 0.3855289 -0.003930295 1

0.6948402 0.3519057 -0.6271839 0
0.5113285 -0.8549948 0.08675942 0
-0.5057076 -0.3809809 -0.7740242 0
0.2827057 0.4635553 0.1860356 1

-0.9783484 -0.001749585 -0.2069576 0
-0.2041475 -0.1562803 0.9663853 0
-0.03403419 0.9877113 0.1525395 0
-0.2249435 -1.157749 0.3607488 1

-0.9637139 0.0004308838 0.266937 0
0.2669157 0.0142854 0.9636141 0
-0.003398116 0.9998978 -0.01388211 0
0.1956885 -1.14153 0.1310987 1

0.9970183 0.04738441 0.06090197 0
-0.02661111 0.9519713 -0.3050282 0
-0.07243056 0.3024979 0.950394 0
-0.1649802 0.8533206 0.3574153 1

0.9970183 0.04738441 0.06090197 0
-0.02661111 0.9519713 -0.3050282 0
-0.07243056 0.3024979 0.950394 0
-0.2004932 0.7425488 0.4455687 1

0.9970183 0.04738441 0.06090197 0
-0.02661111 0.9519713 -0.3050282 0
-0.07243056 0.3024979 0.950394 0
-0.1301291 0.7458926 0.4498666 1

0.9970183 0.04738441 0.06090197 0
-0.04298408 -0.3144124 0.9483129 0
0.06408358 -0.9481029 -0.3114382 0
-0.1573629 0.6708345 0.3746955 1

0.3682967 0.374092 0.8511244 0
-0.2716097 -0.8322421 0.4833231 0
0.8891488 -0.4091798 -0.204905 0
-0.6260387 -0.06430805 0.03751777 1

0.8594009 -0.144023 -0.4905992 0
0.07543166 -0.9132969 0.4002487 0
-0.5057074 -0.3809808 -0.7740242 0
0.5347974 0.042032 0.2288091 1

0.5113285 -0.8549948 0.08675942 0
0.5057076 0.3809809 0.7740242 0
-0.6948402 -0.3519057 0.6271839 0
0.4119429 0.4962302 0.3241532 1

0.5501316 0.2171025 0.8063633 0
-0.03035469 -0.9597774 0.2791163 0
0.8345262 -0.1780275 -0.5214137 0
-0.7118804 -0.3273361 0.1902705 1

0.996434 -0.03642763 0.0761059 0
-0.05001436 -0.9814543 0.1850577 0
0.06795321 -0.1882042 -0.9797764 0
0.5586377 -0.2466155 0.3553077 1

-0.813261 0.5794204 -0.05365473 0
-0.2756842 -0.4648558 -0.8413726 0
-0.5124499 -0.6694636 0.537786 0
0.4733599 0.5587965 0.1309777 1

0.9478219 -0.2772403 -0.1573892 0
-0.3160732 -0.7527781 -0.5774276 0
0.04160705 0.5970452 -0.801128 0
0.2131365 0.3516831 0.3766855 1

0.6019601 0.3437559 0.7207468 0
0.3016072 -0.9336147 0.1933828 0
0.7393762 0.1009738 -0.6656781 0
-0.6381977 -0.3783311 0.2412799 1

0.5533856 0.1801798 0.8132035 0
0.2053576 -0.9756975 0.07643733 0
0.8072129 0.1246982 -0.576938 0
-0.6801058 -0.5189341 0.2969784 1

0.5533784 0.1802126 0.8132011 0
0.2051512 -0.9757261 0.07662546 0
0.8072705 0.1244264 -0.5769166 0
-0.7189822 -0.5513457 0.2552233 1

0.5533856 0.1801798 0.8132035 0
0.2053576 -0.9756975 0.07643733 0
0.8072129 0.1246982 -0.576938 0
-0.7537534 -0.5594103 0.2005025 1

0.5662681 0.1107 0.8167533 0
0.1585704 -0.9870597 0.02384335 0
0.8088238 0.1160113 -0.5764942 0
-0.7767105 -0.5342195 0.1482896 1

0.9669594 -0.1950948 0.1640962 0
-0.1724904 -0.9746689 -0.1423644 0
0.187714 0.1093556 -0.9761174 0
0.488233 -0.3121291 0.3181315 1

0.9970335 0.01074845 0.07621342 0
0.02545972 -0.9805158 -0.1947839 0
0.07263484 0.1961464 -0.9778809 0
0.4866304 -0.4540638 0.3850691 1

0.9970335 0.01074845 0.07621342 0
0.02545977 -0.9805157 -0.1947838 0
0.07263484 0.1961464 -0.9778809 0
0.5471374 -0.475651 0.3984134 1

0.9970335 0.01074845 0.07621342 0
0.02545972 -0.9805158 -0.1947839 0
0.07263484 0.1961464 -0.9778809 0
0.6122987 -0.4718379 0.4012307 1

0.9970335 0.01074845 0.07621342 0
0.02545972 -0.9805158 -0.1947839 0
0.07263484 0.1961464 -0.9778809 0
0.6635323 -0.4369619 0.3944308 1

-0.813261 0.5794204 -0.05365473 0
-0.2756842 -0.4648558 -0.8413726 0
-0.5124499 -0.6694636 0.537786 0
0.4429258 0.507479 0.03809479 1

0.9478219 -0.2772403 -0.1573892 0
-0.3160732 -0.7527781 -0.5774276 0
0.04160705 0.5970452 -0.801128 0
0.1782437 0.2685806 0.3129406 1

0.6114581 -0.06556956 0.7885554 0
0.06167019 -0.9895803 -0.1301051 0
0.78887 0.1281843 -0.6010432 0
-0.6154672 -0.4486924 0.2558542 1

0.569306 0.1368466 0.8106564 0
0.4701975 -0.8630571 -0.1845169 0
0.6743923 0.4862153 -0.5556886 0
-0.664629 -0.592467 0.3027391 1

0.5693058 0.1368466 0.8106567 0
0.4701976 -0.8630571 -0.1845169 0
0.6743923 0.4862154 -0.5556883 0
-0.7046285 -0.6196135 0.2605845 1

0.569306 0.1368466 0.8106564 0
0.4701975 -0.8630571 -0.1845169 0
0.6743923 0.4862153 -0.5556886 0
-0.7405928 -0.6219392 0.205401 1

0.569306 0.1368464 0.8106565 0
0.4701975 -0.8630572 -0.184517 0
0.6743925 0.4862153 -0.5556884 0
-0.7689093 -0.5827789 0.1494626 1

0.9770434 0.1492801 0.1519908 0
0.1676675 -0.9789574 -0.1163197 0
0.1314283 0.1391333 -0.9815135 0
0.4752334 -0.3855833 0.3074024 1

0.994823 0.04740456 0.08988762 0
0.08585087 -0.8653325 -0.4937909 0
0.05437465 0.4989514 -0.8649226 0
0.4885491 -0.5279554 0.3703902 1

0.994823 0.04740492 0.08988759 0
0.08585116 -0.8653324 -0.4937908 0
0.05437453 0.4989514 -0.8649225 0
0.5489188 -0.5442576 0.3847844 1

0.994823 0.04740456 0.08988762 0
0.08585087 -0.8653325 -0.4937909 0
0.05437465 0.4989514 -0.8649226 0
0.6139304 -0.5346791 0.388747 1

0.994823 0.04740456 0.08988762 0
0.08585087 -0.8653325 -0.4937909 0
0.05437465 0.4989514 -0.8649226 0
0.664785 -0.4852033 0.3848475 1

0.5777808 -0.2273328 0.7838936 0
-0.06753441 -0.9704503 -0.2316577 0
0.8133931 0.0809076 -0.5760604 0
-0.6108343 -0.5230331 0.2460802 1

0.5815402 0.117952 0.8049213 0
0.5781472 -0.756008 -0.3069159 0
0.5723258 0.643847 -0.5078427 0
-0.6293064 -0.6573026 0.2888775 1

0.5815402 0.1179519 0.8049214 0
0.5781475 -0.7560079 -0.306916 0
0.5723257 0.6438473 -0.5078425 0
-0.6716396 -0.6801655 0.2476388 1

0.5815402 0.117952 0.8049213 0
0.5781472 -0.756008 -0.3069159 0
0.5723258 0.643847 -0.5078427 0
-0.7116745 -0.6750195 0.1940527 1

0.5815403 0.1179517 0.8049213 0
0.5781471 -0.756008 -0.3069162 0
0.5723258 0.6438472 -0.5078427 0
-0.7443036 -0.6279429 0.1398068 1

0.9627472 0.2362322 0.1315755 0
0.2457321 -0.9674076 -0.06114394 0
0.1128429 0.09119845 -0.9894188 0
0.4878297 -0.4591292 0.2986637 1

0.9928617 0.06355337 0.1009255 0
0.1129943 -0.7720701 -0.6254122 0
0.03817448 0.632352 -0.7737402 0
0.4949991 -0.592968 0.3332917 1

0.9928619 0.06355369 0.1009256 0
0.1129946 -0.7720699 -0.6254122 0
0.03817433 0.632352 -0.7737401 0
0.554942 -0.6049694 0.3501399 1

0.9928617 0.06355337 0.1009255 0
0.1129943 -0.7720701 -0.6254122 0
0.03817448 0.632352 -0.7737402 0
0.6192103 -0.5878972 0.3583788 1

0.9928617 0.06355337 0.1009255 0
0.1129943 -0.7720701 -0.6254122 0
0.03817448 0.632352 -0.7737402 0
0.6692775 -0.5304861 0.3590074 1

0.5777808 -0.2273328 0.7838936 0
-0.06753441 -0.9704503 -0.2316577 0
0.8133931 0.0809076 -0.5760604 0
-0.6177311 -0.622139 0.2224224 1

0.5815402 0.117952 0.8049213 0
0.5781472 -0.756008 -0.3069159 0
0.5723258 0.643847 -0.5078427 0
-0.5702636 -0.7345092 0.2575342 1

0.5815402 0.1179519 0.8049214 0
0.5781475 -0.7560079 -0.306916 0
0.5723257 0.6438473 -0.5078425 0
-0.6269975 -0.7385411 0.2239401 1

0.5815402 0.117952 0.8049213 0
0.5781472 -0.756008 -0.3069159 0
0.5723258 0.643847 -0.5078427 0
-0.6761449 -0.7214791 0.1751916 1

0.5815403 0.1179517 0.8049213 0
0.5781471 -0.756008 -0.3069162 0
0.5723258 0.6438472 -0.5078427 0
-0.712091 -0.6700656 0.1227062 1

0.9627472 0.2362322 0.1315755 0
0.2457321 -0.9674076 -0.06114394 0
0.1128429 0.09119845 -0.9894188 0
0.5129256 -0.5579275 0.2924193 1

0.9928617 0.06355337 0.1009255 0
0.1129943 -0.7720701 -0.6254122 0
0.03817448 0.632352 -0.7737402 0
0.506538 -0.6718117 0.2694246 1

0.9928619 0.06355369 0.1009256 0
0.1129946 -0.7720699 -0.6254122 0
0.03817433 0.632352 -0.7737401 0
0.5636665 -0.6645809 0.3018519 1

0.9928617 0.06355337 0.1009255 0
0.1129943 -0.7720701 -0.6254122 0
0.03817448 0.632352 -0.7737402 0
0.626155 -0.6353487 0.319941 1

0.9928617 0.06355337 0.1009255 0
0.1129943 -0.7720701 -0.6254122 0
0.03817448 0.632352 -0.7737402 0
0.6755725 -0.5734984 0.3241657 1

0.9982414 -0.007668491 0.05878171 0
0.01271525 0.9962167 -0.0859691 0
-0.05790007 0.08656534 0.9945622 0
-0.006960741 -0.250617 0.02535776 1

0.9877245 0.04122086 0.1506689 0
-0.04603358 0.9985306 0.02859386 0
-0.1492689 -0.03517869 0.9881706 0
-0.005245461 -0.1132343 0.01414715 1

-0.9836742 -0.09761314 -0.1511846 0
-0.0486659 -0.6645144 0.7456891 0
-0.1732534 0.7408726 0.6489153 0
-0.204619 -0.3306124 -0.01366949 1

-0.9780526 0.03094512 0.2060481 0
-0.01892875 -0.9980168 0.06003661 0
0.2074974 0.05481871 0.9766983 0
0.1926636 -0.3336637 0.009724595 1

0.9982414 -0.007666846 0.05878169 0
-0.01271361 -0.9962167 0.08596919 0
0.05790019 -0.08656534 -0.9945622 0
-0.02233251 -0.4300777 0.2629973 1

0.01271358 0.9962167 -0.08596919 0
-0.9982414 0.007666818 -0.05878169 0
-0.05790019 0.08656534 0.9945622 0
0.009330706 -0.3299911 -0.2616589 1

0.9717491 0.08321157 0.2208611 0
-0.1000701 0.992772 0.06625374 0
-0.2137517 -0.0864836 0.9730522 0
-0.01078069 0.006832361 0.01758537 1

-0.9710369 -0.0886161 -0.2218888 0
0.1651521 -0.9200457 -0.3553034 0
-0.1726623 -0.3816581 0.9080335 0
-0.2232497 -0.5850076 0.2718017 1

-0.9604785 0.02574565 0.2771615 0
-0.2359551 -0.6035423 -0.761618 0
0.1476703 -0.7969154 0.5857641 0
0.1854171 -0.7157332 0.03270834 1

0.9982414 -0.007666846 0.05878169 0
-0.01271361 -0.9962167 0.08596919 0
0.05790019 -0.08656534 -0.9945622 0
-0.02370092 -0.5373037 0.2722505 1

0.01271358 0.9962167 -0.08596919 0
-0.9982414 0.007666818 -0.05878169 0
-0.05790019 0.08656534 0.9945622 0
0.007384432 -0.4824981 -0.2484982 1

0.9486672 0.1228829 0.2914283 0
-0.1533546 0.9845906 0.08404487 0
-0.2766099 -0.1244224 0.9528934 0
-0.02860902 0.1837031 0.02938904 1

-0.9750597 -0.05024211 -0.2161808 0
-0.07994902 -0.829137 0.5532992 0
-0.2070424 0.5567832 0.8044412 0
-0.1692713 -0.8857153 0.1556743 1

-0.9630118 -0.01423457 0.2690834 0
0.1530909 -0.8506855 0.5028892 0
0.221747 0.5254824 0.8213992 0
0.1082975 -0.912995 -0.216219 1

0.9982414 -0.007666846 0.05878169 0
-0.01271361 -0.9962167 0.08596919 0
0.05790019 -0.08656534 -0.9945622 0
-0.02544898 -0.6742789 0.2840708 1

0.01271358 0.9962167 -0.08596919 0
-0.9982414 0.007666818 -0.05878169 0
-0.05790019 0.08656534 0.9945622 0
0.005124324 -0.6595967 -0.2332153 1

0.9544347 0.1454932 0.2605499 0
-0.1405271 0.9893591 -0.03769352 0
-0.2632616 -0.0006383056 0.9647242 0
-0.1217272 0.5539494 0.1763933 1

-0.2222218 -0.1393736 0.964983 0
-0.9732921 -0.02678145 -0.2280033 0
0.05762126 -0.9898775 -0.1296998 0
-0.2346218 0.4032304 0.01040231 1

0.4506851 0.1827524 -0.873776 0
0.8546953 0.1941625 0.481453 0
0.2576412 -0.9637959 -0.06869151 0
0.09550451 0.4459932 0.1118164 1

-0.9750598 -0.0502415 -0.2161808 0
-0.2166968 0.004994677 0.9762261 0
-0.04796731 0.9987247 -0.01575733 0
-0.1909372 -1.110411 0.3056185 1

-0.9630122 -0.01423377 0.269082 0
0.2692277 -0.009516991 0.9630295 0
-0.01114668 0.9998535 0.01299709 0
0.1497851 -1.143531 -0.07993602 1

0.9982414 -0.007666846 0.05878169 0
-0.01271361 -0.9962167 0.08596919 0
0.05790019 -0.08656534 -0.9945622 0
-0.0272521 -0.8155684 0.2962635 1

0.01271358 0.9962167 -0.08596919 0
-0.9982414 0.007666818 -0.05878169 0
-0.05790019 0.08656534 0.9945622 0
0.003147951 -0.8144621 -0.2198511 1

0.9966162 0.01732207 0.08035064 0
0.008470776 0.9506932 -0.3100171 0
-0.08175897 0.3096487 0.9473295 0
-0.183415 0.6978261 0.3220232 1

0.1417066 -0.02011502 0.9897043 0
-0.4080176 -0.9121025 0.0398823 0
0.9019096 -0.4094684 -0.1374581 0
-0.428408 0.3978983 -0.03499401 1

0.7419345 0.392 -0.5439387 0
0.5326145 -0.8373693 0.1230217 0
-0.4072531 -0.3809837 -0.8300579 0
0.2656776 0.4846516 0.2076755 1

-0.9750598 -0.0502415 -0.2161808 0
-0.2166968 0.004994677 0.9762261 0
-0.04796731 0.9987247 -0.01575733 0
-0.226978 -1.109581 0.4679843 1

-0.9630122 -0.01423377 0.269082 0
0.2692277 -0.009516991 0.9630295 0
-0.01114668 0.9998535 0.01299709 0
0.1945629 -1.145114 0.08023445 1

0.9966162 0.01732207 0.08035064 0
0.008470776 0.9506932 -0.3100171 0
-0.08175897 0.3096487 0.9473295 0
-0.1882692 0.8695407 0.3452141 1

0.9966162 0.01732207 0.08035064 0
0.008470776 0.9506932 -0.3100171 0
-0.08175897 0.3096487 0.9473295 0
-0.2288706 0.7603755 0.4331747 1

0.9966162 0.01732207 0.08035064 0
0.008470776 0.9506932 -0.3100171 0
-0.08175897 0.3096487 0.9473295 0
-0.1585348 0.7615976 0.4388453 1

0.9966162 0.01732207 0.08035064 0
-0.07114146 -0.3078747 0.9487633 0
0.04117246 -0.9512693 -0.3056005 0
-0.1865715 0.6870024 0.3635089 1

0.2944858 0.3501409 0.8892016 0
-0.3159702 -0.8424589 0.436378 0
0.9019096 -0.4094684 -0.1374581 0
-0.6295659 -0.05177999 -0.01533153 1

0.9119433 -0.1198276 -0.3924296 0
0.05004544 -0.9167841 0.3962354 0
-0.4072531 -0.3809835 -0.8300579 0
0.5282634 0.07181764 0.2683268 1

0.5326145 -0.8373693 0.1230217 0
0.4072531 0.3809837 0.8300579 0
-0.7419345 -0.392 0.5439387 0
0.3784872 0.5187988 0.3591823 1

0.4688058 0.2079288 0.8584793 0
-0.04181291 -0.9655853 0.2567039 0
0.8823111 -0.1562397 -0.4439778 0
-0.7294275 -0.318037 0.1225844 1

0.9819305 -0.04666057 0.1833988 0
-0.07869554 -0.9820378 0.1714906 0
0.1721027 -0.1828246 -0.9679647 0
0.5440805 -0.217932 0.393557 1

-0.825335 0.5501443 -0.1271359 0
-0.1683718 -0.454706 -0.8745817 0
-0.5389556 -0.7004169 0.4679135 0
0.4571459 0.5881314 0.1747668 1

0.9691647 -0.2383088 -0.06268106 0
-0.224666 -0.7500747 -0.6220233 0
0.1012181 0.6169254 -0.7804856 0
0.1811089 0.3658192 0.3877578 1

0.5265013 0.3369794 0.7805393 0
0.2962862 -0.933264 0.2030591 0
0.7968758 0.1243521 -0.5912068 0
-0.6600834 -0.3690755 0.1793119 1

0.4719642 0.170921 0.8648906 0
0.2120662 -0.9742325 0.07680632 0
0.8557322 0.1471642 -0.4960494 0
-0.7048883 -0.5113297 0.2281385 1

0.4719569 0.1709537 0.8648884 0
0.2118435 -0.9742677 0.07697371 0
0.8557916 0.1468927 -0.4960276 0
-0.7391857 -0.5433987 0.1823054 1

0.4719642 0.170921 0.8648906 0
0.2120662 -0.9742325 0.07680632 0
0.8557322 0.1471642 -0.4960494 0
-0.7685507 -0.5508083 0.1244155 1

0.4855098 0.1015609 0.8683122 0
0.1705901 -0.9851424 0.01984148 0
0.857426 0.1384922 -0.4956214 0
-0.786894 -0.5248665 0.07076547 1

0.9416481 -0.20557 0.2665337 0
-0.1648721 -0.9720362 -0.1672205 0
0.2934558 0.1135189 -0.9492085 0
0.4775314 -0.2825221 0.3484989 1

0.9829431 0.0005058395 0.1839096 0
0.03753431 -0.9795002 -0.1979156 0
0.1800393 0.2014428 -0.9628118 0
0.4673905 -0.424844 0.413847 1

0.9829431 0.0005059 0.1839096 0
0.03753429 -0.9795001 -0.1979156 0
0.1800393 0.2014428 -0.9628118 0
0.5258948 -0.4471048 0.4335156 1

0.9829431 0.0005058395 0.1839096 0
0.03753431 -0.9795002 -0.1979156 0
0.1800393 0.2014428 -0.9628118 0
0.5903981 -0.4439481 0.4434066 1

0.9829431 0.0005058395 0.1839096 0
0.03753431 -0.9795002 -0.1979156 0
0.1800393 0.2014428 -0.9628118 0
0.6423813 -0.4095347 0.4424508 1

-0.825335 0.5501443 -0.1271359 0
-0.1683718 -0.454706 -0.8745817 0
-0.5389556 -0.7004169 0.4679135 0
