MeshAnim
1
16
47
30
0.5574809 -0.03160647 -0.8295879 0
-0.07288312 0.9935535 -0.08683068 0
0.8269844 0.1088694 0.5515835 0
0.002915759 -0.1855406 0.0004148129 1

-0.1019598 -0.3628992 0.9262334 0
0.4515472 -0.8465236 -0.2819625 0
0.8864025 0.3894893 0.2501776 0
0.06264105 -0.2267489 -0.08089742 1

0.562211 -0.04404135 -0.8258203 0
0.02503878 0.9990296 -0.03623251 0
0.8266147 -0.0003072011 0.5627682 0
-0.001056536 -0.1170865 -0.004862593 1

-0.7823991 0.3372619 0.5235517 0
0.07756495 -0.7813554 0.6192477 0
0.6179285 0.525108 0.5851719 0
-0.04990756 -0.2201349 0.08925315 1

-0.8850547 0.209899 0.4154766 0
-0.3047827 -0.935941 -0.176415 0
0.3518322 -0.2827671 0.8923326 0
-0.03981339 -0.3218191 0.1698409 1

0.5764876 -0.05064803 -0.8155347 0
0.09834948 0.995122 0.007720423 0
0.8111656 -0.08465811 0.5786567 0
0.0009524266 -0.03693038 -0.007769673 1

-0.1395299 -0.2843133 0.9485238 0
-0.5275284 -0.7893031 -0.3141887 0
0.8380008 -0.5442119 -0.03985193 0
0.1214134 -0.3369304 -0.117597 1

0.5893618 -0.05510373 -0.8059878 0
0.216736 0.9718819 0.09203811 0
0.7782534 -0.2289303 0.5847331 0
0.009970689 0.05431843 -0.00706174 1

-0.9540318 -0.07991358 0.2888555 0
0.2622472 -0.6891589 0.67549 0
0.1450865 0.7201904 0.6784364 0
-0.07322079 -0.4244081 0.150504 1

-0.01347235 0.04534269 0.9988807 0
0.7155305 -0.6973592 0.04130635 0
0.6984516 0.715286 -0.02304897 0
0.06382813 -0.4230911 -0.1518939 1

0.6624713 -0.0761091 -0.7452109 0
0.2345994 0.9658588 0.109908 0
0.7114035 -0.2476369 0.6577089 0
0.03232874 0.1545758 0.002432721 1

-0.9333069 0.002546871 0.3590709 0
0.3590385 0.02180845 0.933068 0
-0.005454389 0.9997591 -0.02126847 0
-0.04585646 -0.4963188 0.2209884 1

0.9147213 -0.3665304 0.1701196 0
-0.3308129 -0.4374928 0.8361598 0
-0.232052 -0.8211306 -0.5214369 0
0.00332244 0.1424927 0.03654265 1

-0.1288608 0.0005454514 0.9916625 0
0.9915933 -0.01176079 0.1288583 0
0.01173299 0.9999307 0.0009746477 0
0.1375253 -0.4949167 -0.1476395 1

-0.4828701 0.3618655 -0.7974273 0
0.6682025 -0.4363075 -0.6026123 0
-0.565988 -0.8238261 -0.03111976 0
0.05483098 0.1377231 -0.03445487 1

0.9774058 -0.110488 -0.1801956 0
0.1401653 0.9769044 0.1612808 0
0.1582142 -0.1828939 0.9703186 0
0.03334768 0.234291 -0.004802855 1

0.1124464 0.2575803 -0.9596918 0
0.3858768 -0.901336 -0.196705 0
-0.9156722 -0.348204 -0.2007463 0
0.1167376 0.09730077 -0.09028483 1

0.929504 0.05617454 0.364509 0
-0.07924407 -0.9348301 0.3461401 0
0.3601983 -0.3506236 -0.8644769 0
-0.02732477 0.1019624 0.1140063 1

-0.02948086 -0.9945051 -0.1004527 0
0.123367 -0.1033479 0.9869652 0
-0.9919235 0.016704 0.1257358 0
0.1495162 0.02073628 -0.1069941 1

-0.4221398 0.1647479 0.891435 0
0.9047666 0.01524739 0.425635 0
0.05653061 0.986218 -0.1554949 0
-0.0340707 0.02238178 0.1434727 1

-0.1838359 -0.9338923 0.3066753 0
-0.03154251 0.3174368 0.9477549 0
-0.982451 0.1645581 -0.08781368 0
0.172319 0.001633644 0.07543421 1

-0.4726948 -0.3545156 0.8067706 0
0.8351744 0.1118582 0.53849 0
-0.2811468 0.9283352 0.2432076 0
0.1331731 0.02520025 0.2221502 1

-0.1104635 -0.9883906 0.1043173 0
-0.06938413 0.1123727 0.9912407 0
-0.9914558 0.1022579 -0.08099183 0
0.1699501 0.02748424 0.1529866 1

-0.3816178 -0.9224796 0.05830738 0
-0.2574049 0.1666475 0.9518254 0
-0.8877562 0.3482247 -0.3010463 0
0.1655096 -0.001343012 0.1559308 1

-0.1740662 -0.9627418 0.2069529 0
-0.1338566 0.2313432 0.9636197 0
-0.9755942 0.1400315 -0.1691384 0
0.1747168 0.05652446 0.1501305 1

0.1400967 -0.5222483 0.8412074 0
-0.4627146 0.7165754 0.5219346 0
-0.8753677 -0.4623601 -0.1412622 0
0.1659281 0.03525102 0.09068488 1

-0.5594835 -0.1907324 0.8065977 0
0.7044829 0.4032761 0.584014 0
-0.4366718 0.8949801 -0.09125844 0
0.2038918 0.03082973 0.2701235 1

-0.5079204 -0.3385749 0.7920759 0
0.7120994 0.3523614 0.607253 0
-0.4846974 0.8724726 0.06212747 0
0.2184262 0.04601252 0.2444599 1

-0.8751425 -0.3098272 0.3716625 0
0.257085 0.3529922 0.8996133 0
-0.4099185 0.8828383 -0.2292665 0
0.1374957 0.02857494 0.2600016 1

-0.5449351 -0.2163965 0.8100733 0
0.7045921 0.4055414 0.5823111 0
-0.4545282 0.8880926 -0.06852238 0
0.1855755 0.02663708 0.2862063 1

-5.389726 0.9027653 -0.4817455 0
1.008524 5.123333 -1.68242 0
0.1730423 -1.741458 -5.199384 0
0.0782227 0.03159106 0.2732939 1

0.4236218 -0.8779174 0.223173 0
-0.2859162 0.1041882 0.9525739 0
-0.8595331 -0.4673398 -0.2068744 0
0.1531501 0.05324852 0.1109602 1

-0.2114529 -0.9773544 0.008145317 0
-0.7385022 0.1543063 -0.6563573 0
0.6402368 -0.1448041 -0.7544066 0
0.1566581 0.004470468 0.1887575 1

-0.1692763 -0.9675568 0.1875625 0
-0.3295077 0.234918 0.9144607 0
-0.9288546 0.09299316 -0.3585835 0
0.1699803 0.06470013 0.1842198 1

0.01769976 -0.9996808 0.01804678 0
-0.9558954 -0.02221164 -0.2928673 0
0.2931744 -0.01206734 -0.9559829 0
0.1672463 0.03189588 0.1916548 1

-0.5745295 -0.0375466 0.8176223 0
0.692026 0.5111342 0.5097471 0
-0.4370539 0.8586805 -0.2676785 0
0.1497322 0.04080975 0.2852359 1

-0.4588494 -0.2335343 0.8572743 0
-0.1404209 0.9717751 0.1895668 0
-0.8773477 -0.03339678 -0.4786913 0
0.2407209 0.05704981 0.2633963 1

-0.5056077 -0.1753606 0.8447543 0
0.4383118 0.7911497 0.4265739 0
-0.7431312 0.5859444 -0.3231487 0
0.2112462 0.04141235 0.3074219 1

-0.5147656 -0.1237428 0.8483541 0
0.2256616 0.9350792 0.2733199 0
-0.8270996 0.3321364 -0.4534227 0
0.2310326 0.04638094 0.2927669 1

0.4146844 -0.9097534 -0.01964957 0
-0.02022064 -0.03080107 0.9993211 0
-0.9097412 -0.4140055 -0.03116873 0
0.1405499 0.06296647 0.141359 1

-0.1841111 -0.9716675 0.1482077 0
0.4584812 -0.2182743 -0.8614825 0
0.8694245 -0.09065801 0.485678 0
0.1318168 0.009602904 0.1666905 1

-0.1355377 -0.9803876 0.1430742 0
-0.7957042 0.1937525 0.5738599 0
-0.5903263 -0.03606527 -0.806359 0
0.1589229 0.07259279 0.2149091 1

0.08732665 -0.9903587 0.1075333 0
-0.0287973 -0.1104103 -0.993469 0
0.9957638 0.08365976 -0.03816122 0
0.1298743 0.03104138 0.1802046 1

-0.8586787 -0.3875054 0.3354268 0
0.3416117 0.05514752 0.9382218 0
-0.3820639 0.9202163 0.08502252 0
0.1691321 0.0578444 0.3082054 1

-0.561576 -0.04631326 0.8261281 0
-0.4869158 0.8257481 -0.2846982 0
-0.6689884 -0.5621345 -0.4862708 0
0.2364462 0.08705771 0.2691376 1

-0.4879348 -0.1127126 0.8655723 0
0.0645705 0.9842503 0.1645657 0
-0.8704886 0.1361876 -0.4729721 0
0.2279576 0.07156408 0.3236636 1

-0.5188189 -0.0414331 0.8538799 0
-0.368761 0.9119672 -0.1798082 0
-0.7712604 -0.4081655 -0.4884246 0
0.2393697 0.08098966 0.3029104 1

0.5520716 -0.1003315 -0.8277383 0
0.2587062 0.9643513 0.05565713 0
0.7926463 -0.2448677 0.5583473 0
0.003375006 -0.2413948 -0.002436109 1

-0.2390591 -0.4427729 0.8641777 0
0.7564656 -0.6429049 -0.1201384 0
0.608778 0.6250005 0.4886346 0
0.04986799 -0.2885197 -0.08900724 1

0.5595434 -0.09822028 -0.8229606 0
0.3895116 0.9076263 0.1565098 0
0.7315682 -0.4081267 0.5461142 0
0.02215983 -0.1753932 0.002092527 1

-0.7460244 0.3940644 0.5368065 0
0.3100075 -0.5079176 0.8036886 0
0.5893583 0.7659853 0.2567558 0
-0.06162791 -0.2684076 0.08077592 1

-0.8362401 0.3051712 0.4556023 0
-0.4739269 -0.8201606 -0.3205151 0
0.2758549 -0.4839499 0.8304799 0
-0.02128408 -0.3345072 0.1853665 1

0.5662192 -0.109619 -0.8169331 0
0.4537902 0.8688468 0.1979386 0
0.6880919 -0.4827929 0.5417018 0
0.05341191 -0.1025707 0.01464994 1

-0.2867798 -0.3459473 0.8933522 0
-0.7748232 -0.4646472 -0.428663 0
0.5633882 -0.8151219 -0.1347966 0
0.1483278 -0.3721986 -0.1046442 1

0.572498 -0.1184433 -0.8113058 0
0.551057 0.7882798 0.2737718 0
0.6071095 -0.6038097 0.5165577 0
0.09502269 -0.02290085 0.03280012 1

-0.9538769 -0.07992061 0.2893649 0
0.2626235 -0.6891043 0.6753994 0
0.145424 0.7202418 0.6783095 0
-0.07323147 -0.4244054 0.1502347 1

-0.01342663 0.04045106 0.9990914 0
0.7159014 -0.6971749 0.03784791 0
0.6980722 0.7157592 -0.01959831 0
0.0637477 -0.4229198 -0.1514372 1

0.637868 -0.1563161 -0.7541152 0
0.5051078 0.8240826 0.2564259 0
0.5813696 -0.5444752 0.6046124 0
0.1518687 0.05841655 0.06104188 1

-0.9332347 0.002497874 0.3592592 0
0.3592269 0.02155284 0.9330013 0
-0.005412631 0.9997649 -0.02101113 0
-0.04582789 -0.4963104 0.2207096 1

0.7529658 -0.6575341 0.02630177 0
-0.4771633 -0.5180203 0.7099088 0
-0.4531645 -0.5470871 -0.7038026 0
0.1186013 0.05179793 0.09266988 1

-0.1286189 -0.0009661615 0.9916937 0
0.9915893 -0.01465665 0.1285909 0
0.01441063 0.9998923 0.002843216 0
0.1374831 -0.4947264 -0.147539 1

-0.2380319 0.6155207 -0.7513157 0
0.5053355 -0.5821182 -0.6370046 0
-0.8294441 -0.5312937 -0.1724819 0
0.1686839 0.04159153 0.021227 1

0.9375527 -0.2760582 -0.2116292 0
0.3212915 0.9204087 0.2227545 0
0.1332922 -0.2768388 0.9516267 0
0.1766561 0.134352 0.06626808 1

0.1751113 0.3206031 -0.9308866 0
0.03682125 -0.946967 -0.3192149 0
-0.9838601 0.02162173 -0.1776297 0
0.2155015 -0.01233965 -0.03778927 1

0.7854733 -0.2981682 0.5423356 0
-0.4634492 -0.8641471 0.1961255 0
0.4101791 -0.405396 -0.8169501 0
0.07439584 0.003807425 0.1584374 1

-0.4360529 -0.8986877 0.04710004 0
0.06959277 0.01850687 0.9974039 0
-0.8972263 0.4381988 0.05447218 0
0.2186293 -0.09278035 -0.06490514 1

-0.4765049 0.2327656 0.8477992 0
0.8691553 -0.02043065 0.4941173 0
0.1323345 0.9723185 -0.1925744 0
0.03494314 -0.06975606 0.1751332 1

-0.2222982 -0.927347 0.3010169 0
-0.02586174 0.3142421 0.9489906 0
-0.974636 0.2031743 -0.09383845 0
0.2314927 -0.08935958 0.1194526 1

-0.4957661 -0.3332639 0.8019673 0
0.8327846 0.07951032 0.5478581 0
-0.2463458 0.9394751 0.2381184 0
0.1956044 -0.07353261 0.2664697 1

-0.1496731 -0.983775 0.09891838 0
-0.07198161 0.1106219 0.9912527 0
-0.986112 0.1412436 -0.0873709 0
0.2295835 -0.06377867 0.1971069 1

-0.4177164 -0.9071257 0.05134254 0
-0.2574575 0.1723692 0.9507916 0
-0.8713374 0.3839428 -0.3055478 0
0.2240011 -0.09242326 0.1998853 1

-0.2129537 -0.9561157 0.2012305 0
-0.1315664 0.2321396 0.9637436 0
-0.968164 0.1787577 -0.1752276 0
0.2354996 -0.03493437 0.1944199 1

0.1136435 -0.5310258 0.8397005 0
-0.4381022 0.7317843 0.5220715 0
-0.891713 -0.4272047 -0.1494812 0
0.2263099 -0.05558598 0.134816 1

-0.5758898 -0.1661255 0.8004709 0
0.7134073 0.3760557 0.5912975 0
-0.3992513 0.9115837 -0.09805168 0
0.2659391 -0.07063326 0.3152436 1

-0.5301518 -0.315956 0.7868363 0
0.7187034 0.3249329 0.6147231 0
-0.4498942 0.8913983 0.0548149 0
0.2813648 -0.05610949 0.2897192 1

-0.8910885 -0.2734956 0.3621626 0
0.260769 0.3445638 0.901818 0
-0.3714312 0.8980404 -0.2357178 0
0.1996261 -0.07024217 0.3043615 1

-0.562426 -0.1923452 0.8041646 0
0.7136269 0.3783107 0.5895915 0
-0.4176291 0.9054748 -0.07550922 0
0.247286 -0.07404715 0.3311223 1

-5.346852 1.114614 -0.5147974 0
1.219528 5.087425 -1.651379 0
0.1418774 -1.723933 -5.206162 0
0.1372346 -0.05662459 0.3167945 1

0.387458 -0.8947625 0.2219836 0
-0.2883881 0.1110679 0.95105 0
-0.8756192 -0.4325092 -0.215005 0
0.2141001 -0.037193 0.1550864 1

-0.24947 -0.9683804 0.002102677 0
-0.7272434 0.1859147 -0.6607219 0
0.6394392 -0.1663598 -0.7506281 0
0.2151504 -0.0864135 0.2326769 1

-0.2082179 -0.9610285 0.1818513 0
-0.3265753 0.2435668 0.913249 0
-0.9219514 0.1307667 -0.3645632 0
0.2308438 -0.02673048 0.2285136 1

-0.02143863 -0.9996792 0.01348498 0
-0.9539316 0.01641673 -0.299576 0
0.2992584 -0.01928648 -0.9539772 0
0.2267795 -0.05943543 0.2357757 1

-0.5848879 -0.01243238 0.8110193 0
0.7061485 0.4841461 0.5166792 0
-0.3990752 0.874899 -0.2743922 0
0.2120552 -0.05844766 0.329711 1

-0.4776447 -0.2128142 0.8523885 0
-0.1033824 0.9770927 0.1860174 0
-0.8724495 0.0007281499 -0.4887044 0
0.3038673 -0.0459311 0.3088895 1

-0.5218792 -0.1528387 0.8392156 0
0.4648692 0.7739298 0.4300348 0
-0.7152196 0.6145515 -0.3328478 0
0.273286 -0.06026393 0.3526033 1

-0.5289943 -0.1008859 0.8426076 0
0.2599463 0.9259166 0.2740563 0
-0.8078327 0.3640069 -0.4635797 0
0.2934226 -0.05613041 0.3381675 1

0.3790092 -0.925154 -0.02104156 0
-0.02849925 -0.03439636 0.9990019 0
-0.9249544 -0.378031 -0.03940293 0
0.2016731 -0.02712473 0.1854425 1

-0.222922 -0.9643831 0.1423761 0
0.4557205 -0.2322048 -0.8593021 0
0.8617572 -0.1266737 0.4912529 0
0.1906854 -0.0802179 0.2104627 1

-0.1746905 -0.9749702 0.137538 0
-0.7915936 0.2221364 0.569241 0
-0.5855455 -0.009433132 -0.8105849 0
0.2198852 -0.01854765 0.2591623 1

0.0478618 -0.9934779 0.1034938 0
-0.02603027 -0.1048182 -0.9941508 0
0.998515 0.04488777 -0.03087708 0
0.1894848 -0.05877972 0.2240633 1

-0.8773488 -0.351861 0.3262722 0
0.3328012 0.04365724 0.9419861 0
-0.345692 0.9350339 0.07879689 0
0.2318607 -0.04215068 0.352869 1

-0.5723955 -0.02169177 0.819691 0
-0.4500234 0.8439561 -0.2919205 0
-0.6854508 -0.5359739 -0.4928384 0
0.3007375 -0.01576176 0.3145219 1

-0.5019403 -0.09090115 0.8601123 0
0.1022174 0.9812576 0.1633559 0
-0.858841 0.1699132 -0.4832412 0
0.2910097 -0.03076887 0.3689769 1

-0.5297968 -0.01846662 0.8479239 0
-0.3297041 0.9256116 -0.1858462 0
-0.7814161 -0.3780244 -0.4964745 0
0.3030283 -0.02186018 0.3483381 1

0.5577201 -0.1061211 -0.8232173 0
0.3534705 0.9277327 0.1198779 0
0.751004 -0.3578413 0.5549259 0
0.005822874 -0.2700095 -0.001681518 1

-0.2220381 -0.5184725 0.8257636 0
0.8259581 -0.5500842 -0.1232912 0
0.5181626 0.6546708 0.5503762 0
0.04926669 -0.3163313 -0.09024695 1

0.5661941 -0.1008668 -0.8180771 0
0.5007357 0.830449 0.2441688 0
0.6547428 -0.5478873 0.520703 0
0.03107142 -0.2066678 0.007258677 1

-0.7385252 0.4463808 0.5052966 0
0.3749817 -0.3509055 0.8580525 0
0.5603295 0.8231704 0.09176797 0
-0.06344442 -0.2952067 0.07860831 1

-0.8129904 0.3452766 0.468861 0
-0.5344375 -0.762108 -0.3654697 0
0.2311346 -0.5477002 0.8041152 0
-0.01464496 -0.3408729 0.1902737 1

0.5680044 -0.1111621 -0.8154838 0
0.5584002 0.779945 0.2826218 0
0.6046157 -0.6158968 0.5050852 0
0.07124746 -0.1400375 0.02684933 1

-0.3152861 -0.3163638 0.8947116 0
-0.8521646 -0.3205154 -0.413625 0
0.4176247 -0.8928517 -0.16854 0
0.1567714 -0.387929 -0.1062942 1

0.5698317 -0.1188289 -0.8131245 0
0.6429617 0.6806778 0.3511096 0
0.5117539 -0.7228813 0.4642743 0
0.1224506 -0.06851962 0.05276463 1

-0.9539311 -0.07991469 0.289187 0
0.2624841 -0.689152 0.6754047 0
0.1453192 0.7201967 0.67838 0
-0.07322493 -0.424408 0.1502144 1

-0.01339197 0.04035741 0.9990956 0
0.7159101 -0.697171 0.03775761 0
0.6980642 0.7157683 -0.01955566 0
0.06374875 -0.4229166 -0.1514457 1

0.6356322 -0.154238 -0.7564272 0
0.5580507 0.7688522 0.3121632 0
0.5334334 -0.6205457 0.5747798 0
0.1887772 0.001697779 0.0889844 1

-0.9332996 0.002325349 0.3590912 0
0.3590576 0.02118921 0.933075 0
-0.00543917 0.9997728 -0.02061072 0
-0.04583588 -0.4963179 0.2206899 1

0.69471 -0.7169175 -0.0583719 0
-0.5344224 -0.568773 0.6252119 0
-0.4814257 -0.4031456 -0.7782691 0
0.1542453 -0.003318012 0.1195335 1

-0.128518 0.0001780987 0.9917072 0
0.9915851 -0.01567376 0.1285051 0
0.0155668 0.9998775 0.001837924 0
0.1374851 -0.4947228 -0.1475568 1

-0.1207645 0.6782382 -0.724851 0
0.4366892 -0.619449 -0.6523692 0
-0.8914698 -0.3953175 -0.2213719 0
0.2041253 -0.01351756 0.04794797 1

0.9389523 -0.2482857 -0.2381651 0
0.2982258 0.9325324 0.203579 0
0.1715511 -0.262178 0.949649 0
0.2187511 0.07521999 0.09918029 1

0.1393378 0.2870627 -0.9477237 0
-0.075543 -0.9511893 -0.2992191 0
-0.9873592 0.1132865 -0.1108512 0
0.244583 -0.07090735 -0.01249177 1

0.7192214 -0.322003 0.6156582 0
-0.5079281 -0.8482929 0.1496932 0
0.4740568 -0.4203726 -0.7736648 0
0.1047353 -0.05601031 0.1774545 1

-0.5084098 -0.8566954 0.08713625 0
0.1167825 0.03165962 0.9926528 0
-0.8531597 0.5148503 0.083951 0
0.2381659 -0.1517067 -0.03790911 1

-0.5309963 0.2764876 0.8009981 0
0.8292549 -0.02488115 0.5583167 0
0.1742973 0.9606955 -0.2160667 0
0.0614962 -0.1282242 0.1901977 1

-0.2550787 -0.9236781 0.2859259 0
-0.04717192 0.3072433 0.9504611 0
-0.9657691 0.2289546 -0.121943 0
0.2597518 -0.1458548 0.1455705 1

-0.5249371 -0.3329287 0.7833262 0
0.8194973 0.05091615 0.5708171 0
-0.2299255 0.9415765 0.2461064 0
0.2147819 -0.1328235 0.2934011 1

-0.1777018 -0.9803487 0.08566704 0
-0.09975472 0.104549 0.9895043 0
-0.9790154 0.1672907 -0.116373 0
0.2560953 -0.1208518 0.2233503 1

-0.4421035 -0.8964435 0.0305547 0
-0.2822555 0.1713737 0.9439084 0
-0.8513967 0.4086809 -0.3287911 0
0.2497009 -0.1493644 0.2257053 1

-0.2433898 -0.9518833 0.1862256 0
-0.1553417 0.2277764 0.9612426 0
-0.9574082 0.2050279 -0.2033057 0
0.2628254 -0.09214908 0.2210987 1

0.07404324 -0.5404413 0.8381175 0
-0.4352306 0.7386503 0.5147523 0
-0.8972692 -0.4028884 -0.1805247 0
0.2549594 -0.1120822 0.1610623 1

-0.6009421 -0.1638741 0.7823134 0
0.706179 0.3496171 0.6156943 0
-0.3744063 0.9224499 -0.09437503 0
0.2838354 -0.1323748 0.3440536 1

-0.5584786 -0.3145603 0.7675635 0
0.7096133 0.2980363 0.6384543 0
-0.4295942 0.9012361 0.05676937 0
0.3002843 -0.1178547 0.3191742 1

-0.9067926 -0.2569496 0.3342226 0
0.2447648 0.3246005 0.9136329 0
-0.3432463 0.9102812 -0.2314529 0
0.2178661 -0.1301973 0.3314325 1

-0.5882177 -0.1904677 0.7859532 0
0.7064986 0.351891 0.6140301 0
-0.3935227 0.916458 -0.07242331 0
0.2646874 -0.1355669 0.3593796 1

-5.298208 1.256045 -0.6689794 0
1.399361 5.067298 -1.56859 0
0.2587852 -1.685537 -5.214231 0
0.1603019 -0.1122737 0.3402036 1

0.3574623 -0.9061847 0.2259426 0
-0.3147327 0.1108896 0.9426808 0
-0.8792976 -0.4080843 -0.2455671 0
0.2426017 -0.09354264 0.1811083 1

-0.2740319 -0.9616185 -0.01402921 0
-0.701486 0.2098388 -0.6810916 0
0.6578938 -0.1767995 -0.7320643 0
0.2399966 -0.1433897 0.258261 1

-0.2381836 -0.9567618 0.1669589 0
-0.348341 0.2446248 0.9048852 0
-0.9066021 0.1573702 -0.3915452 0
0.2573282 -0.08409953 0.2551038 1

-0.04733418 -0.9988709 0.004076019 0
-0.9434824 0.04336853 -0.3285735 0
0.3280254 -0.01939819 -0.9444697 0
0.2522085 -0.1167456 0.2619513 1

-0.606514 -0.0101807 0.7950081 0
0.7035262 0.4589524 0.5425994 0
-0.3703948 0.8884027 -0.2711985 0
0.2298929 -0.1190898 0.3572814 1

-0.5052752 -0.2137235 0.8360739 0
-0.08475406 0.9764526 0.1983878 0
-0.8587865 0.02937994 -0.5114909 0
0.3225043 -0.1085173 0.3390875 1

-0.5476835 -0.1524929 0.822672 0
0.4717036 0.7558179 0.4541314 0
-0.6910419 0.6367775 -0.3420174 0
0.2904276 -0.1227463 0.3817509 1

-0.5536331 -0.1004376 0.8266821 0
0.2747499 0.9150857 0.2951796 0
-0.7861322 0.3905521 -0.4790263 0
0.311037 -0.1188926 0.3679177 1

0.3557603 -0.9344139 -0.01748383 0
-0.06024542 -0.04159836 0.9973166 0
-0.9326336 -0.3537523 -0.07109326 0
0.2295028 -0.08339947 0.2111554 1

-0.2517409 -0.9594225 0.1270228 0
0.4760041 -0.2370231 -0.8469006 0
0.8426429 -0.1527363 0.5163577 0
0.2163962 -0.1363893 0.2353611 1

-0.2036687 -0.9712098 0.1235758 0
-0.8028944 0.2379187 0.5465851 0
-0.5602499 0.01210412 -0.8282354 0
0.2456394 -0.07588115 0.2854719 1

0.01928557 -0.9951729 0.09622132 0
0.002059221 -0.09619933 -0.99536 0
0.9998119 0.01939433 0.0001941323 0
0.2153227 -0.1150362 0.2491053 1

-0.893989 -0.3350846 0.2974938 0
0.308426 0.02145476 0.9510065 0
-0.3250501 0.9419439 0.0841686 0
0.2494584 -0.1036296 0.3812045 1

-0.594485 -0.01987161 0.8038616 0
-0.4215863 0.8589816 -0.2905441 0
-0.6847284 -0.5116209 -0.519029 0
0.3199526 -0.07836747 0.3451036 1

-0.5268247 -0.09138065 0.8450478 0
0.1214192 0.9759171 0.1812282 0
-0.841257 0.1980806 -0.5030416 0
0.3084122 -0.09394133 0.3990431 1

-0.5525917 -0.01811171 0.8332556 0
-0.3022166 0.936076 -0.1800748 0
-0.7767291 -0.3513313 -0.5227414 0
0.3211899 -0.08502334 0.3788696 1

0.5700538 -0.09002221 -0.8166608 0
0.3419181 0.9298111 0.1361741 0
0.7470815 -0.3568576 0.5608225 0
0.007533411 -0.2764012 -0.0007875911 1

-0.2066737 -0.5378022 0.8173465 0
0.8222362 -0.5482445 -0.152827 0
0.530296 0.6404664 0.5555079 0
0.05267742 -0.3211595 -0.08930667 1

0.5754473 -0.0855009 -0.8133573 0
0.4995627 0.8241687 0.2668014 0
0.6475319 -0.5598531 0.5169787 0
0.03198268 -0.2129153 0.009280547 1

-0.7456707 0.4640564 0.4781496 0
0.3748028 -0.3011916 0.8768162 0
0.5509067 0.8330278 0.05066003 0
-0.06255697 -0.3033192 0.07821919 1

-0.8155061 0.3581488 0.4546201 0
-0.5423423 -0.7471226 -0.3842821 0
0.2020269 -0.559944 0.8035223 0
-0.01378079 -0.3425158 0.1923265 1

0.5742872 -0.09359016 -0.8132867 0
0.5569169 0.7728066 0.3043246 0
0.6000316 -0.6277028 0.4959349 0
0.07206461 -0.146789 0.0306871 1

-0.2967559 -0.3159573 0.90117 0
-0.8789663 -0.278523 -0.3870965 0
0.3733025 -0.9069711 -0.1950625 0
0.1596977 -0.3925177 -0.1091983 1

0.573195 -0.09901963 -0.8134142 0
0.6414288 0.6719522 0.3702016 0
0.5099183 -0.733945 0.4486737 0
0.1231317 -0.07592559 0.05859247 1

-0.9539623 -0.07991371 0.2890848 0
0.2624096 -0.689159 0.6754268 0
0.1452496 0.7201902 0.6784017 0
-0.07322723 -0.4244083 0.1502051 1

-0.01341537 0.04049543 0.99909 0
0.7158991 -0.6971766 0.03787079 0
0.6980754 0.7157553 -0.01963782 0
0.06374936 -0.4229214 -0.1514539 1

0.6409192 -0.1287654 -0.7567313 0
0.5392889 0.7770776 0.3245272 0
0.546251 -0.6160924 0.5674856 0
0.1893002 -0.006608307 0.09678175 1

-0.93327 0.002111621 0.3591697 0
0.3591329 0.02095929 0.9330512 0
-0.005557675 0.9997782 -0.02031904 0
-0.04584596 -0.496319 0.2206829 1

0.7078573 -0.7013331 -0.0840826 0
-0.5274659 -0.6040022 0.5974622 0
-0.4698061 -0.3785671 -0.7974769 0
0.1546432 -0.01236576 0.1270571 1

-0.1285323 0.0004820153 0.9917055 0
0.9915808 -0.01580688 0.1285237 0
0.01573756 0.9998754 0.001553901 0
0.1374846 -0.4947282 -0.1475533 1

-0.113384 0.6865704 -0.7181678 0
0.441314 -0.6128085 -0.6555211 0
-0.8901608 -0.3912629 -0.2335104 0
0.2048192 -0.02082139 0.05545127 1

0.9459312 -0.2036377 -0.2524794 0
0.2560402 0.9466368 0.1957608 0
0.1991419 -0.249821 0.9475928 0
0.2175352 0.0674367 0.1080961 1

0.0962995 0.291541 -0.9516986 0
-0.06490299 -0.9522684 -0.2982829 0
-0.9932344 0.09049277 -0.07278097 0
0.2457054 -0.07759601 -0.005280492 1

0.7339528 -0.2912729 0.6135744 0
-0.4632212 -0.8753437 0.1385627 0
0.496729 -0.3859191 -0.7773847 0
0.1057776 -0.06832182 0.1824073 1

-0.4988185 -0.8656807 0.04215503 0
0.1378625 -0.03123149 0.9899589 0
-0.8556719 0.4996215 0.1349239 0
0.2401922 -0.158487 -0.03061835 1

-0.5467107 0.2487184 0.7995291 0
0.8177377 -0.04671209 0.5736927 0
0.1800355 0.9674489 -0.1778482 0
0.06634434 -0.1428384 0.194203 1

-0.263489 -0.9234273 0.2790262 0
-0.04283139 0.3001611 0.9529265 0
-0.9637113 0.2391346 -0.1186407 0
0.2656743 -0.1642598 0.1523633 1

-0.5342378 -0.3379833 0.7748272 0
0.8153987 0.03572891 0.5777966 0
-0.2229693 0.9404738 0.2565033 0
0.2175011 -0.1514731 0.3002486 1

-0.1869524 -0.9792511 0.07820724 0
-0.09729466 0.09767665 0.990451 0
-0.9775392 0.177558 -0.1135368 0
0.2623717 -0.1398383 0.2303436 1

-0.4506196 -0.8923889 0.02416697 0
-0.2792143 0.1666015 0.9456657 0
-0.8479278 0.4193877 -0.3242417 0
0.2557082 -0.1683061 0.2324834 1

-0.2522171 -0.9509543 0.1790886 0
-0.1517409 0.2216494 0.9632479 0
-0.9556993 0.2157725 -0.2002024 0
0.269373 -0.1111843 0.228308 1

0.07009798 -0.5477297 0.8337139 0
-0.4273826 0.7386878 0.5212339 0
-0.9013495 -0.3928522 -0.1823096 0
0.2612283 -0.1305664 0.1681284 1

-0.6086336 -0.1682123 0.775416 0
0.7045529 0.3348935 0.6256612 0
-0.3649256 0.9271197 -0.08531268 0
0.2861529 -0.1523366 0.3514392 1

-0.5674785 -0.3190939 0.7590436 0
0.7073198 0.2829931 0.6477759 0
-0.4215053 0.9044855 0.06510906 0
0.3029342 -0.1376543 0.3268791 1

-0.9117932 -0.252578 0.3237862 0
0.2405801 0.3104381 0.9196464 0
-0.332798 0.9164239 -0.22229 0
0.2203089 -0.1493673 0.3383338 1

-0.5961899 -0.1949709 0.7788094 0
0.704907 0.3371856 0.6240292 0
-0.3842708 0.921028 -0.06359021 0
0.2668548 -0.1555434 0.3665728 1

-5.286921 1.311892 -0.6508632 0
1.4455 5.065923 -1.530738 0
0.234973 -1.646684 -5.227756 0
0.1668368 -0.1312681 0.3474087 1

0.3491029 -0.9113181 0.218236 0
-0.3122708 0.1064423 0.9440113 0
-0.883524 -0.3977055 -0.2474187 0
0.2490781 -0.1120684 0.1883391 1

-0.2832454 -0.9588135 -0.02118924 0
-0.7004455 0.221911 -0.6783304 0
0.6550944 -0.1772921 -0.7344517 0
0.2461093 -0.1624963 0.2651002 1

-0.2470864 -0.9557301 0.1597759 0
-0.3446529 0.2407871 0.9073237 0
-0.9056287 0.1691201 -0.3888903 0
0.2640031 -0.1033515 0.2623839 1

-0.05688816 -0.9983736 -0.003728673 0
-0.9435059 0.05498222 -0.3267626 0
0.3264361 -0.0150709 -0.9450993 0
0.2585812 -0.1360002 0.2689816 1

-0.6128549 -0.01464942 0.7900597 0
0.7035103 0.4451828 0.5539725 0
-0.3598363 0.8953198 -0.2625263 0
0.2322351 -0.1387094 0.3644175 1

-0.5138698 -0.2196614 0.8292689 0
-0.07710226 0.9745761 0.2103737 0
-0.8543966 0.0441661 -0.5177414 0
0.3250832 -0.1287869 0.3470843 1

-0.555591 -0.1578612 0.8163325 0
0.4752072 0.7453628 0.4675604 0
-0.6822735 0.6476991 -0.3390998 0
0.292537 -0.1432585 0.3893083 1

-0.5610804 -0.1058077 0.820971 0
0.2810292 0.9085392 0.3091589 0
-0.7785959 0.4041799 -0.4800285 0
0.3132907 -0.1394234 0.3756873 1

0.3467727 -0.9376052 -0.02540255 0
-0.05917481 -0.04889886 0.9970495 0
-0.9360809 -0.3442461 -0.07243937 0
0.2361211 -0.1020382 0.2184854 1

-0.260727 -0.9579454 0.1198412 0
0.472468 -0.2348648 -0.8494784 0
0.8419002 -0.1648609 0.5138341 0
0.2225434 -0.1550899 0.2422927 1

-0.2127748 -0.9701641 0.116227 0
-0.7997758 0.2412586 0.5496849 0
-0.5613251 0.02400368 -0.8272473 0
0.2524381 -0.09526193 0.292834 1

0.009899352 -0.9960412 0.08833986 0
-0.0003247559 -0.08834743 -0.9960899 0
0.9999511 0.009831931 -0.001198143 0
0.2216946 -0.1338368 0.2562065 1

-0.8994375 -0.3303513 0.2861476 0
0.3010797 0.006242115 0.9535787 0
-0.316802 0.9438374 0.09384778 0
0.2517557 -0.1237465 0.3886909 1

-0.6009883 -0.0245679 0.7988803 0
-0.4111487 0.8666405 -0.2826504 0
-0.6853978 -0.4983281 -0.5309418 0
0.3227686 -0.09869432 0.353471 1

-0.5343339 -0.09724446 0.839661 0
0.1291862 0.9722953 0.1948153 0
-0.8353432 0.212569 -0.5069677 0
0.3106552 -0.1148519 0.4071124 1

-0.5593143 -0.02358723 0.8286202 0
-0.2919347 0.9411614 -0.1702635 0
-0.7758493 -0.3371336 -0.533291 0
0.3236758 -0.1057966 0.3871564 1

0.5792962 -0.07897084 -0.8112827 0
0.3095732 0.9420363 0.1293522 0
0.7540427 -0.3260846 0.5701654 0
0.009146973 -0.2759631 0.0004842409 1

-0.1894237 -0.538268 0.8212104 0
0.8017491 -0.5676156 -0.1871129 0
0.5668485 0.6229609 0.5390757 0
0.05647131 -0.3200593 -0.08722463 1

0.5824532 -0.07572459 -0.8093295 0
0.4721813 0.8419642 0.2610385 0
0.6616594 -0.5341929 0.5261605 0
0.03138093 -0.2115979 0.01009504 1

-0.7545621 0.4637377 0.4643097 0
0.3619103 -0.2961394 0.8839246 0
0.5474094 0.8350143 0.05562416 0
-0.06063912 -0.3044287 0.0792175 1

-0.8191079 0.3503763 0.4542013 0
-0.5384561 -0.7426516 -0.3981631 0
0.1978065 -0.570706 0.7969741 0
-0.01354075 -0.3429677 0.1942499 1

0.578868 -0.0819453 -0.8112934 0
0.5310537 0.7928964 0.2988264 0
0.6187842 -0.6038213 0.5024998 0
0.06926595 -0.1440437 0.03103922 1

-0.2790594 -0.3048062 0.9106148 0
-0.8921418 -0.2685312 -0.3632827 0
0.3552592 -0.9137749 -0.1969943 0
0.1608251 -0.3939388 -0.1115788 1

0.575294 -0.0854631 -0.8134697 0
0.6190875 0.6954721 0.3647588 0
0.5345721 -0.7134525 0.4530101 0
0.1179615 -0.0713383 0.05844041 1

-0.9522835 -0.08235898 0.2938935 0
0.2677592 -0.6876042 0.6749119 0
0.1464974 0.7213998 0.6768464 0
-0.07256121 -0.4243702 0.150607 1

-0.01022282 0.04299889 0.999023 0
0.7168853 -0.696193 0.03730047 0
0.6971164 0.7165661 -0.02370819 0
0.06343845 -0.4232518 -0.1512349 1

0.643658 -0.1113496 -0.7571695 0
0.5143458 0.795545 0.3202443 0
0.5667033 -0.5955747 0.5693311 0
0.1818253 0.000405252 0.0960682 1

-0.9313964 -0.0003600791 0.3640065 0
0.3639028 0.02299336 0.9311534 0
-0.008704972 0.9997357 -0.02128492 0
-0.04462175 -0.4961186 0.2210311 1

0.7316776 -0.6767055 -0.08196089 0
-0.5042995 -0.6182801 0.6028363 0
-0.4586174 -0.3997487 -0.7936441 0
0.1474122 -0.006294966 0.1264277 1

-0.1253056 0.00294777 0.9921141 0
0.9920109 -0.01435534 0.1253352 0
0.01461153 0.9998929 -0.001125451 0
0.1372752 -0.4949573 -0.1473931 1

-0.1404105 0.6819762 -0.7177699 0
0.471507 -0.5914091 -0.6541533 0
-0.8706125 -0.4302834 -0.2385165 0
0.1977644 -0.01356685 0.05481552 1

0.9466056 -0.1833713 -0.2651661 0
0.2390788 0.9510559 0.1957906 0
0.2162853 -0.2487321 0.944115 0
0.2076675 0.07537413 0.1070113 1

0.06593162 0.303483 -0.9505532 0
-0.02419586 -0.9518595 -0.3055784 0
-0.9975308 0.04314674 -0.05541453 0
0.2414479 -0.06835884 -0.00578952 1

0.7704379 -0.2580969 0.5829336 0
-0.4081089 -0.9021423 0.1399515 0
0.4897678 -0.3457242 -0.8003762 0
0.1006928 -0.06357378 0.1822757 1

-0.4980126 -0.8667656 -0.02647357 0
0.1406109 -0.1108393 0.9838412 0
-0.855694 0.4862428 0.1770762 0
0.2393926 -0.1492151 -0.03174705 1

-0.535683 0.2107277 0.8177025 0
0.8221892 -0.09056931 0.5619626 0
0.1924798 0.97334 -0.1247416 0
0.06595113 -0.1403717 0.1941896 1

-0.2589322 -0.9304637 0.2592134 0
-0.04140052 0.2788104 0.9594535 0
-0.965008 0.2377017 -0.1107146 0
0.2653827 -0.1697024 0.1501038 1

-0.5209609 -0.3582802 0.7747486 0
0.822745 0.03098773 0.5675653 0
-0.2273551 0.9330997 0.2786298 0
0.2179308 -0.1571133 0.298067 1

-0.1827283 -0.9815097 0.05700151 0
-0.09493065 0.07532063 0.9926305 0
-0.9785696 0.1759706 -0.1069386 0
0.2621977 -0.1470272 0.2286144 1

-0.4468982 -0.8945673 0.00560993 0
-0.2772548 0.1444647 0.9498737 0
-0.8505363 0.4229414 -0.312584 0
0.2556567 -0.1755628 0.2301412 1

-0.2478266 -0.9557242 0.1586604 0
-0.149959 0.1996382 0.968327 0
-0.9571283 0.2161845 -0.192795 0
0.2690761 -0.1183064 0.2271952 1

0.07466158 -0.5657574 0.8211847 0
-0.4289437 0.7251875 0.5386192 0
-0.9002406 -0.3924561 -0.1885345 0
0.2608429 -0.136385 0.1666232 1

-0.5967571 -0.1892041 0.7797969 0
0.710057 0.3281488 0.6230068 0
-0.3737648 0.9254836 -0.06147949 0
0.2872673 -0.1584268 0.3483161 1

-0.5545669 -0.3393607 0.759796 0
0.7135535 0.275835 0.644016 0
-0.4281319 0.899305 0.08918312 0
0.3035949 -0.1431035 0.3238417 1

-0.9052296 -0.2669687 0.3305864 0
0.2502877 0.2937147 0.9225441 0
-0.3433885 0.9178557 -0.1990602 0
0.2212313 -0.1557591 0.3361468 1

-0.5840459 -0.2159179 0.7824769 0
0.71037 0.3304767 0.6214173 0
-0.3927655 0.9187841 -0.03963213 0
0.2682014 -0.1621072 0.3636349 1

-5.294034 1.304032 -0.6073806 0
1.420502 5.104524 -1.422045 0
0.227123 -1.529554 -5.263561 0
0.1669554 -0.1414474 0.3460979 1

0.353433 -0.9144697 0.197054 0
-0.3100695 0.08422008 0.9469764 0
-0.8825772 -0.3957931 -0.253783 0
0.2486736 -0.1183896 0.1872714 1

-0.279381 -0.9592762 -0.04165791 0
-0.7032358 0.2339659 -0.6713568 0
0.653763 -0.158269 -0.7399631 0
0.2461251 -0.1705164 0.2629043 1

-0.2427303 -0.9600502 0.1392331 0
-0.3431027 0.2192087 0.913361 0
-0.9073934 0.1739291 -0.3826044 0
0.2637694 -0.1112522 0.2614506 1

-0.05281604 -0.9982738 -0.02568855 0
-0.9446304 0.05828763 -0.3229181 0
0.3238581 0.00721094 -0.9460784 0
0.2584994 -0.1440613 0.2673381 1

-0.6020637 -0.0360132 0.7976356 0
0.7071326 0.4398619 0.5536109 0
-0.3707868 0.8973429 -0.2393588 0
0.2334167 -0.145532 0.3622832 1

-0.5008535 -0.2409199 0.8313265 0
-0.08240932 0.9693904 0.2312815 0
-0.8616 0.04732901 -0.5053766 0
0.3259379 -0.1344587 0.3439295 1

-0.5432587 -0.1792312 0.820211 0
0.475193 0.7397591 0.4763905 0
-0.6921426 0.6485617 -0.3167112 0
0.2940827 -0.1500668 0.3862754 1

-0.5491201 -0.1273321 0.8259867 0
0.2775531 0.9044459 0.3239461 0
-0.7883093 0.4071406 -0.4613082 0
0.3146192 -0.1457765 0.3724622 1

0.3505307 -0.935366 -0.04709992 0
-0.05619371 -0.07120565 0.9958777 0
-0.934864 -0.3464392 -0.07752132 0
0.2357599 -0.1090831 0.2176674 1

-0.2564732 -0.9614372 0.09929593 0
0.4710533 -0.2140382 -0.8557437 0
0.8439969 -0.1727016 0.5077833 0
0.2224656 -0.1627048 0.2403302 1

-0.2084817 -0.9733738 0.0952826 0
-0.7992194 0.2257095 0.5570494 0
-0.5637234 0.03998287 -0.8249955 0
0.2522563 -0.1038869 0.2921034 1

0.01421766 -0.9977033 0.06622851 0
-0.002741516 -0.0662739 -0.9977978 0
0.9998953 0.01400488 -0.003677458 0
0.2215688 -0.1417686 0.2547137 1

-0.8927305 -0.3438503 0.2912034 0
0.3137747 -0.01057619 0.9494387 0
-0.3233848 0.9389648 0.1173332 0
0.2531353 -0.1308985 0.3865973 1

-0.5899975 -0.04600656 0.8060934 0
-0.4221229 0.868638 -0.2593848 0
-0.6882696 -0.4933066 -0.5319145 0
0.323458 -0.1045234 0.3509609 1

-0.5221978 -0.1189207 0.8444923 0
0.1236636 0.9692053 0.2129511 0
-0.8438107 0.2156357 -0.4914108 0
0.3122002 -0.1218733 0.4044158 1

-0.547938 -0.04527216 0.8352931 0
-0.3020393 0.9418804 -0.1470836 0
-0.7800872 -0.3328837 -0.5297661 0
0.324876 -0.1123019 0.3844789 1

0.5828332 -0.07343201 -0.8092671 0
0.2607321 0.9601495 0.100656 0
0.7696261 -0.2696676 0.5787531 0
0.01027122 -0.2682068 0.001270537 1

-0.1620597 -0.5301536 0.8322703 0
0.7946862 -0.5701177 -0.208422 0
0.5849876 0.6276168 0.5136988 0
0.05982481 -0.3124271 -0.08513496 1

0.5848641 -0.07217554 -0.8079138 0
0.4244263 0.8760286 0.2289897 0
0.6912281 -0.4768277 0.5429909 0
0.02916642 -0.2025252 0.008918965 1

-0.7608651 0.4510136 0.4665524 0
0.3366012 -0.340376 0.8779771 0
0.5547829 0.8250641 0.1071685 0
-0.05798421 -0.2978426 0.08090863 1

-0.8244444 0.3353882 0.4558578 0
-0.5268871 -0.748902 -0.4019152 0
0.2065952 -0.5715423 0.7941396 0
-0.01417952 -0.3421385 0.195167 1

0.5792927 -0.07727838 -0.8114482 0
0.48609 0.8318661 0.2677967 0
0.6543214 -0.5495696 0.5194582 0
0.06321985 -0.1322379 0.02729173 1

-0.2837528 -0.2410513 0.9281049 0
-0.878281 -0.3231211 -0.3524423 0
0.384847 -0.9151433 -0.1200244 0
0.1632593 -0.3866323 -0.1122627 1

0.5735886 -0.07963911 -0.8152629 0
0.5801528 0.7421198 0.3356798 0
0.5782895 -0.6655193 0.4718742 0
0.1077924 -0.05595905 0.05184763 1

-0.9507166 -0.08414665 0.2984248 0
0.2727673 -0.6846244 0.6759344 0
0.1474313 0.7240225 0.6738364 0
-0.07193191 -0.424226 0.1511129 1

-0.09662652 0.005466796 0.9953058 0
0.7159193 -0.6943237 0.07331651 0
0.6914649 0.7196428 0.06317633 0
0.06738573 -0.4219043 -0.1507354 1

0.6428626 -0.09971716 -0.7594631 0
0.4753515 0.829407 0.29347 0
0.6006401 -0.5496728 0.5805954 0
0.1676398 0.02059656 0.0864757 1

-0.9296963 -0.001895234 0.3683221 0
0.3681393 0.02714461 0.9293743 0
-0.01175929 0.9996297 -0.02453848 0
-0.04346985 -0.4956636 0.2216436 1

0.7636214 -0.6427971 -0.06078085 0
-0.4654698 -0.6133014 0.638122 0
-0.4474599 -0.4589919 -0.7675326 0
0.1338874 0.01295251 0.1173495 1

-0.1196304 0.02317382 0.9925482 0
0.9923279 -0.02864748 0.1202726 0
0.0312212 0.9993214 -0.01956881 0
0.141123 -0.4934173 -0.1431841 1

-0.1968162 0.6651921 -0.7202659 0
0.519079 -0.5525317 -0.6521242 0
-0.8317575 -0.5022234 -0.2365401 0
0.1840753 0.006175816 0.04557368 1

0.9464658 -0.1545358 -0.2834097 0
0.2091301 0.9623438 0.1736635 0
0.2459003 -0.2236361 0.9431436 0
0.1896946 0.09706247 0.09510444 1

0.02958891 0.2934574 -0.9555141 0
0.03396584 -0.9556758 -0.2924554 0
-0.9989851 -0.02380136 -0.0382449 0
0.2321662 -0.04501432 -0.01484338 1

0.797792 -0.2035101 0.5675488 0
-0.3541035 -0.9200189 0.1678581 0
0.4879947 -0.3348868 -0.8060472 0
0.09076525 -0.04386503 0.1764665 1

-0.4598237 -0.8876919 -0.02377522 0
0.1475062 -0.1027547 0.983709 0
-0.8756737 0.4488258 0.1781891 0
0.2350514 -0.1261948 -0.03968619 1

-0.5228115 0.207445 0.8268221 0
0.8344504 -0.0737187 0.5461305 0
0.1742444 0.9754651 -0.1345615 0
0.06062099 -0.1221848 0.190756 1

-0.2521863 -0.9398872 0.2302487 0
-0.04098597 0.2481004 0.967867 0
-0.9668105 0.2346458 -0.1010898 0
0.2623161 -0.1451877 0.1421403 1

-0.5138689 -0.3810396 0.7686012 0
0.8247591 0.0270731 0.5648363 0
-0.2360332 0.9241623 0.3003539 0
0.2148671 -0.1358116 0.2917069 1

-0.1761224 -0.9840153 0.02636318 0
-0.0930962 0.04331264 0.9947147 0
-0.9799562 0.1727371 -0.09923634 0
0.259166 -0.1250241 0.2213345 1

-0.4409792 -0.8972551 -0.02169234 0
-0.2759717 0.1125561 0.9545527 0
-0.8540358 0.4269243 -0.2972521 0
0.2528166 -0.1536366 0.2219732 1

-0.2411505 -0.9618863 0.1289247 0
-0.1489992 0.1679662 0.9744673 0
-0.9589818 0.2157836 -0.1838256 0
0.2658516 -0.09622759 0.2208084 1

0.08031416 -0.5908898 0.8027446 0
-0.4324486 0.7049493 0.5621699 0
-0.8980747 -0.392296 -0.198912 0
0.2575956 -0.1124394 0.1597134 1

-0.591427 -0.2129368 0.7777354 0
0.7091694 0.321702 0.6273651 0
-0.383788 0.9225866 -0.0392551 0
0.2844252 -0.1375078 0.3416375 1

-0.5477359 -0.3621503 0.7542101 0
0.7133076 0.268972 0.6471835 0
-0.437239 0.8924693 0.110999 0
0.3004861 -0.1214681 0.3174475 1

-0.9009527 -0.2839309 0.3281284 0
0.2510579 0.2756805 0.9278849 0
-0.3539136 0.9183593 -0.1770919 0
0.2183137 -0.1352735 0.329794 1

-0.5784229 -0.2395668 0.7797661 0
0.709451 0.3240682 0.6258269 0
-0.4026245 0.9151982 -0.01748757 0
0.2654639 -0.1417328 0.3569459 1

-5.303922 1.287267 -0.5545788 0
1.383494 5.156221 -1.263144 0
0.2248492 -1.361079 -5.309718 0
0.1641648 -0.1237904 0.339139 1

0.3599126 -0.9178606 0.1673173 0
-0.3083954 0.0522158 0.9498241 0
-0.8805428 -0.3934536 -0.264271 0
0.2453565 -0.09518629 0.1809457 1

-0.2731504 -0.9593226 -0.07133804 0
-0.7063354 0.2503544 -0.6621281 0
0.6530541 -0.1304721 -0.7459877 0
0.243329 -0.1496906 0.2548997 1

-0.2360714 -0.9655626 0.1093594 0
-0.3423961 0.1879753 0.9205597 0
-0.9094149 0.1798734 -0.3749807 0
0.2605788 -0.09029382 0.2552808 1

-0.04629671 -0.997295 -0.05709249 0
-0.945749 0.0621599 -0.3188971 0
0.3215832 0.03923118 -0.9460682 0
0.2555389 -0.1233068 0.2601404 1

-0.5982783 -0.06024814 0.7990205 0
0.7047711 0.4349005 0.5604999 0
-0.3812631 0.8984608 -0.2177302 0
0.2305004 -0.1255035 0.3561041 1

-0.4947651 -0.2647651 0.8277121 0
-0.09168041 0.9630463 0.2532531 0
-0.8641775 0.04941568 -0.5007554 0
0.3228211 -0.1130365 0.3376346 1

-0.5378671 -0.2032993 0.8181495 0
0.4693487 0.7339569 0.4909372 0
-0.7002936 0.6480562 -0.2993529 0
0.2913118 -0.1299258 0.379747 1

-0.5442527 -0.1516077 0.8251088 0
0.2693367 0.8998916 0.3430064 0
-0.7945109 0.4089141 -0.4489348 0
0.3117433 -0.1251092 0.3659517 1

0.3565755 -0.9310575 -0.07736802 0
-0.05338678 -0.1029819 0.9932495 0
-0.9327402 -0.3500381 -0.08642727 0
0.232453 -0.08693019 0.2116479 1

-0.2498984 -0.9657798 0.06942787 0
0.4704448 -0.1837743 -0.8630813 0
0.8463057 -0.1830206 0.5002711 0
0.2195656 -0.1413279 0.2326342 1

-0.2018387 -0.9772637 0.06493708 0
-0.7993804 0.2026832 0.5656065 0
-0.5659086 0.06225195 -0.8221147 0
0.2490894 -0.08397666 0.2861755 1

0.02094734 -0.9991799 0.03465338 0
-0.004645526 -0.03475807 -0.999385 0
0.99977 0.02077351 -0.005369574 0
0.2185645 -0.1208627 0.2476735 1

-0.8878075 -0.3597754 0.2869845 0
0.3178726 -0.02844087 0.9477069 0
-0.3327993 0.9326054 0.1396127 0
0.2501656 -0.1112075 0.380661 1

-0.5860714 -0.07029867 0.8072043 0
-0.4323768 0.8696646 -0.2381893 0
-0.6852525 -0.4886122 -0.5400808 0
0.3200545 -0.08329397 0.3453443 1

-0.517343 -0.1433253 0.8436909 0
0.1143039 0.9654691 0.2341026 0
-0.8481104 0.2175485 -0.483096 0
0.3092065 -0.1019531 0.3984419 1

-0.5438993 -0.06976822 0.8362454 0
-0.3126018 0.9416562 -0.1247556 0
-0.7787518 -0.3292661 -0.5339757 0
0.3216961 -0.09180385 0.3786739 1

0.5808645 -0.07270496 -0.8107468 0
0.2030523 0.9774591 0.05782299 0
0.7882677 -0.1982114 0.5825343 0
0.01164536 -0.2536213 0.001829816 1

-0.1421303 -0.4905192 0.8597616 0
0.7657703 -0.6048591 -0.2184976 0
0.6272117 0.6273248 0.4615939 0
0.06320447 -0.2984253 -0.08308875 1

0.5831996 -0.07399807 -0.8089514 0
0.364281 0.9139203 0.1790221 0
0.7260699 -0.3990913 0.5599542 0
0.02659789 -0.1866598 0.00653777 1

-0.7572711 0.434836 0.487297 0
0.294823 -0.438176 0.8491651 0
0.5827693 0.7867144 0.2036183 0
-0.05417484 -0.2838823 0.08326251 1

-0.8287609 0.3300222 0.4519301 0
-0.5169174 -0.7608336 -0.3923375 0
0.2143635 -0.5587646 0.8011434 0
-0.01580711 -0.3409058 0.1937713 1

0.5761318 -0.07883556 -0.813546 0
0.4291115 0.8763083 0.218968 0
0.6956547 -0.4752564 0.5386985 0
0.05582563 -0.1133322 0.02090144 1

-0.282519 -0.213962 0.9350954 0
-0.848453 -0.3990771 -0.347656 0
0.4475604 -0.8916039 -0.06878984 0
0.1628753 -0.3771524 -0.1115279 1

0.5687376 -0.08091441 -0.8185295 0
0.5300019 0.7970607 0.2894684 0
0.6289955 -0.5984537 0.4962033 0
0.09517346 -0.03297818 0.04097994 1

-0.9522197 -0.07928813 0.2949424 0
0.2662342 -0.6887027 0.6743946 0
0.1496561 0.7206955 0.6769056 0
-0.0724667 -0.4243011 0.150767 1

-0.124078 -0.003475532 0.9922664 0
0.7069771 -0.7019948 0.08594513 0
0.696267 0.7121733 0.0895592 0
0.07025783 -0.4207158 -0.1494782 1

0.6391668 -0.09263609 -0.7634687 0
0.4232921 0.8711993 0.2486674 0
0.6420978 -0.4821102 0.5960539 0
0.1498474 0.049245 0.07084092 1

-0.9309486 0.002763167 0.3651396 0
0.3651102 0.02182867 0.9307086 0
-0.005398855 0.999758 -0.02133028 0
-0.04468632 -0.4961642 0.2211371 1

0.7991948 -0.6003146 -0.03016436 0
-0.4166948 -0.5895137 0.6919822 0
-0.4331895 -0.540459 -0.7212843 0
