MeshAnim
1
63
47
30
-0.5767028 -0.03158235 0.8163433 0
0.07084499 0.9935548 0.08848643 0
-0.8138764 0.1088642 -0.5707484 0
-0.002913639 -0.2915492 -0.0004679987 1

0.1234972 -0.3631022 -0.9235287 0
-0.4581762 -0.8463814 0.2715017 0
-0.8802403 0.3896091 -0.2708904 0
-0.06452195 -0.332755 0.0794282 1

-0.5821344 -0.04283348 0.8119636 0
-0.02566801 0.9990818 0.03430193 0
-0.8126873 -0.0008731543 -0.5826994 0
0.0009349845 -0.223095 0.004899175 1

0.7944213 0.337249 -0.505132 0
-0.06307572 -0.7813677 -0.6208756 0
-0.6040832 0.5250982 -0.5994626 0
0.05196961 -0.3261459 -0.08804771 1

0.8945348 0.2099845 -0.3946066 0
0.3007528 -0.9358253 0.1837911 0
-0.3306893 -0.2830867 -0.9002814 0
0.04376104 -0.4278317 -0.1688474 1

-0.5974181 -0.04936481 0.8004091 0
-0.09781998 0.9951361 -0.01163745 0
-0.7959415 -0.08524843 -0.5993412 0
-0.001124464 -0.1429347 0.007651356 1

0.1614925 -0.2844218 -0.9449998 0
0.5200177 -0.7893184 0.3264321 0
-0.83875 -0.5441329 0.02043548 0
-0.1241571 -0.442918 0.1147662 1

-0.6112564 -0.05376773 0.7896042 0
-0.2138011 0.9718136 -0.09933471 0
-0.7620071 -0.2295373 -0.6055228 0
-0.01009417 -0.05168456 0.006584248 1

0.9605352 -0.0799136 -0.2664327 0
-0.2463551 -0.689159 -0.6814467 0
-0.1291573 0.7201904 -0.6816483 0
0.07672672 -0.530408 -0.1487019 1

0.03668717 0.04503946 -0.9983114 0
-0.7144047 -0.6973485 -0.05771515 0
-0.6987705 0.7153158 0.006592721 0
-0.06739169 -0.5290804 0.1503997 1

-0.6825545 -0.075133 0.7269624 0
-0.2313492 0.9657608 -0.1174036 0
-0.6932508 -0.2483165 -0.6765663 0
-0.03214947 0.0485658 -0.003662922 1

0.9414606 0.002465887 -0.3371143 0
-0.3370852 0.02189534 -0.9412197 0
0.005060356 0.9997576 0.02144498 0
0.05102066 -0.6023187 -0.2198079 1

-0.9079758 -0.3699814 -0.1967071 0
0.3545997 -0.4283406 -0.8311338 0
0.2232464 -0.8244016 0.5201182 0
-0.002223004 0.03642493 -0.03694745 1

0.1517281 0.0005413853 -0.9884222 0
-0.98835 -0.01201523 -0.1517235 0
-0.0119583 0.9999278 -0.001288006 0
-0.1409729 -0.6009049 0.1444552 1

0.4582725 0.3596548 0.8127944 0
-0.6795221 -0.4476869 0.5812283 0
0.5729189 -0.8186725 0.03923079 0
-0.05566031 0.03177291 0.03261792 1

-0.9819937 -0.1101018 0.153513 0
-0.1355064 0.9767219 -0.1662898 0
-0.1316306 -0.1840975 -0.9740542 0
-0.03335156 0.1282897 0.00344804 1

-0.1179368 0.2502194 0.9609795 0
-0.3731661 -0.9079707 0.1906202 0
0.9202381 -0.3361237 0.2004564 0
-0.1186157 -0.009703696 0.08646668 1

-0.9238585 0.05399908 -0.3789053 0
0.08834921 -0.933171 -0.3484053 0
-0.3723971 -0.3553534 0.8573474 0
0.03062788 -0.003257453 -0.1139455 1

0.03309136 -0.9955564 0.08816393 0
-0.1162077 -0.0914465 -0.9890064 0
0.9926735 0.02248225 -0.1187173 0
-0.1503145 -0.08683181 0.102659 1

0.4365226 0.1647683 -0.8844771 0
-0.8973475 0.008788858 -0.4412373 0
-0.06492837 0.9862932 0.1516911 0
0.03814891 -0.08269691 -0.1436047 1

0.1907214 -0.9341781 -0.301557 0
0.0543004 0.3167653 -0.9469484 0
0.9801413 0.1642287 0.11114 0
-0.171794 -0.1037346 -0.08014651 1

0.4913809 -0.3550771 -0.7952769 0
-0.8222751 0.1118326 -0.5579937 0
0.2870687 0.9281238 -0.2370188 0
-0.1277235 -0.08107233 -0.2251663 1

0.1125141 -0.9885067 -0.1009718 0
0.09308478 0.111656 -0.9893777 0
0.9892805 0.10192 0.1045777 0
-0.1675628 -0.07793891 -0.1576378 1

0.3825191 -0.9226716 -0.04854378 0
0.2801337 0.1658832 -0.9455202 0
0.880457 0.3480808 0.3219245 0
-0.1630652 -0.10677 -0.1604554 1

0.178561 -0.9629543 -0.2020769 0
0.1569286 0.2306206 -0.9603062 0
0.971334 0.1397616 0.1922945 0
-0.1723844 -0.04889482 -0.1549164 1

-0.1201825 -0.5227775 -0.843955 0
0.4753445 0.7160281 -0.5112257 0
0.8715526 -0.4626097 0.1624452 0
-0.1650267 -0.07013041 -0.09526324 1

0.5781932 -0.1913204 -0.7931517 0
-0.6904595 0.4031875 -0.6005875 0
0.4346936 0.8948946 0.1010213 0
-0.1972955 -0.07544619 -0.2747885 1

0.5262569 -0.3391396 -0.779768 0
-0.6975446 0.3522632 -0.623973 0
0.4862976 0.8722929 -0.05118412 0
-0.2124231 -0.06024569 -0.2494806 1

0.8835235 -0.3102856 -0.3508694 0
-0.2357962 0.3526039 -0.9055776 0
0.4047056 0.8828325 0.2383696 0
-0.1311558 -0.07771587 -0.2631103 1

0.5637221 -0.2169818 -0.7969545 0
-0.690608 0.4054539 -0.5988888 0
0.4530763 0.8879899 0.07871395 0
-0.1786081 -0.07965279 -0.2904349 1

3.725234 -1.438808 -0.2290583 0
1.43533 3.51649 1.254643 0
-0.2499276 -1.250653 3.791228 0
-0.1395601 -0.03201836 -0.2454486 1

-0.4185334 -0.8779042 -0.2326254 0
0.3086287 0.1034126 -0.9455447 0
0.8541535 -0.4675367 0.2276645 0
-0.1517607 -0.0521521 -0.1152399 1

0.2111825 -0.9774439 -0.002422854 0
0.7226797 0.1544693 0.6737012 0
-0.6581309 -0.144025 0.7390001 0
-0.1534298 -0.1009828 -0.1930654 1

0.1733081 -0.9677538 -0.1828031 0
0.3513507 0.2341519 -0.9064909 0
0.9200637 0.09287433 0.3806014 0
-0.1668317 -0.04074472 -0.1888884 1

-0.01767657 -0.9996858 -0.0177791 0
0.9486187 -0.02238692 0.3156285 0
-0.3159276 -0.01128644 0.9487165 0
-0.1639345 -0.07355517 -0.1962335 1

0.5935425 -0.03814505 -0.8038984 0
-0.6797143 0.5110798 -0.5261045 0
0.4309246 0.8586864 0.27742 0
-0.1427929 -0.06549042 -0.288631 1

0.4787622 -0.2341181 -0.8461533 0
0.1451366 0.9716338 -0.1867171 0
0.865865 -0.03341464 0.4991607 0
-0.2342639 -0.04921144 -0.2689405 1

0.5252328 -0.175952 -0.8325692 0
-0.4279323 0.7910615 -0.4371446 0
0.73553 0.5858859 0.340196 0
-0.2037693 -0.06488067 -0.3122545 1

0.5344883 -0.1243387 -0.8359801 0
-0.2188922 0.9350057 -0.2790171 0
0.8163387 0.3321208 0.4725329 0
-0.2238926 -0.0598985 -0.2980703 1

-0.4154117 -0.9095747 0.0103633 0
0.04406905 -0.03150344 -0.9985318 0
0.9085656 -0.414345 0.05317077 0
-0.1384341 -0.04246026 -0.1453357 1

0.187196 -0.9718435 -0.1431022 0
-0.4790152 -0.2174928 0.8504363 0
-0.8576143 -0.0906501 -0.5062414 0
-0.1291205 -0.09584492 -0.1704149 1

0.1385115 -0.9805403 -0.1391245 0
0.8092624 0.1930384 -0.5548251 0
0.5708846 -0.03573866 0.8202522 0
-0.1550412 -0.03287774 -0.2193103 1

-0.08514265 -0.9903988 -0.1089098 0
0.00501579 -0.1097314 0.9939488 0
-0.9963561 0.08408119 0.01431066 0
-0.1268469 -0.07441658 -0.1838934 1

0.8661895 -0.3879401 -0.3149902 0
-0.3194883 0.0547647 -0.9460067 0
0.3842443 0.920056 -0.07650565 0
-0.1616433 -0.04846185 -0.3120581 1

0.580789 -0.04691203 -0.8127017 0
0.4803628 0.8257479 0.2956214 0
0.6572182 -0.5620849 0.50212 0
-0.2298461 -0.01920778 -0.2745953 1

0.508073 -0.1133097 -0.8538283 0
-0.06038073 0.9841845 -0.1665387 0
0.8591951 0.1361687 0.4931957 0
-0.2200855 -0.03473228 -0.3288992 1

0.5386963 -0.04203305 -0.8414511 0
0.3647286 0.9119485 0.1879444 0
0.7594599 -0.4081462 0.5065938 0
-0.2319785 -0.02529258 -0.3084243 1

-0.5767412 -0.03159162 0.8163159 0
0.0713871 0.9934805 0.08888415 0
-0.8138019 0.1095376 -0.5707259 0
-0.002895252 -0.2915929 -0.0004552742 1

0.123386 -0.3631394 -0.923529 0
-0.4584109 -0.8462522 0.2715086 0
-0.8801337 0.3898554 -0.2708826 0
-0.0645282 -0.3327968 0.07942292 1

-0.5821629 -0.04286762 0.8119413 0
-0.02535648 0.9990807 0.03456728 0
-0.8126767 -0.0004641816 -0.5827147 0
0.0009907412 -0.223143 0.004939276 1

0.7945356 0.3371929 -0.5049896 0
-0.06324995 -0.7811627 -0.6211155 0
-0.6039146 0.5254388 -0.599334 0
0.0519713 -0.3261848 -0.08804736 1

0.8945115 0.210059 -0.3946197 0
0.3009345 -0.9357136 0.1840615 0
-0.3305871 -0.2833998 -0.9002205 0
0.04374006 -0.427844 -0.1688782 1

-0.5974114 -0.0492114 0.8004235 0
-0.09721323 0.9951986 -0.01137046 0
-0.7960208 -0.0846046 -0.5993271 0
-0.001043711 -0.1429827 0.007712749 1

0.1615382 -0.2844405 -0.9449863 0
0.5203441 -0.7890902 0.3264646 0
-0.8385391 -0.5444546 0.02053881 0
-0.1241939 -0.442943 0.1147618 1

-0.6109535 -0.05384231 0.7898334 0
-0.2127448 0.9721515 -0.09829196 0
-0.7625453 -0.2280848 -0.6053939 0
-0.009957782 -0.05172694 0.006670123 1

0.960535 -0.07991366 -0.2664332 0
-0.2463556 -0.6891587 -0.6814464 0
-0.1291578 0.7201904 -0.6816481 0
0.07672565 -0.530408 -0.1487032 1

0.03668779 0.04503972 -0.9983113 0
-0.7144043 -0.6973491 -0.05771568 0
-0.6987709 0.7153153 0.006592333 0
-0.06739287 -0.5290805 0.1503989 1

-0.6822296 -0.07540914 0.7272387 0
-0.2307039 0.9660544 -0.116253 0
-0.6937855 -0.2470881 -0.6764682 0
-0.03190411 0.04855829 -0.003469479 1

0.9414605 0.002465855 -0.3371149 0
-0.3370859 0.02189542 -0.9412194 0
0.005060364 0.9997573 0.02144484 0
0.05101953 -0.6023186 -0.2198091 1

-0.9087872 -0.3683211 -0.1960746 0
0.3524994 -0.4262515 -0.8330991 0
0.223271 -0.826226 0.5172048 0
-0.002006746 0.03641587 -0.03677959 1

0.1517288 0.000541687 -0.9884222 0
-0.98835 -0.0120159 -0.1517242 0
-0.01195883 0.9999279 -0.001287846 0
-0.1409741 -0.6009051 0.1444543 1

0.4575386 0.357337 0.8142289 0
-0.6824908 -0.4458324 0.5791717 0
0.5699691 -0.8206972 0.03989372 0
-0.05541726 0.03175682 0.03280587 1

-0.9818898 -0.1110972 0.1534597 0
-0.1362909 0.9768586 -0.1648404 0
-0.131595 -0.1827703 -0.974309 0
-0.03304415 0.1282755 0.003727094 1

-0.1197871 0.2513127 0.960465 0
-0.3756908 -0.9069632 0.1904582 0
0.9189711 -0.3380234 0.2030583 0
-0.1186477 -0.009548008 0.08646412 1

-0.9243177 0.05384758 -0.3778062 0
0.08867893 -0.9325898 -0.3498754 0
-0.371178 -0.3568994 0.8572339 0
0.03064956 -0.003072977 -0.1139597 1

0.03091693 -0.9955536 0.08897901 0
-0.1138619 -0.09195013 -0.9892324 0
0.9930155 0.02045255 -0.1161985 0
-0.150561 -0.08659047 0.1026427 1

0.4356032 0.1643507 -0.885008 0
-0.8977984 0.008473339 -0.4403252 0
-0.06486904 0.9863657 0.1512447 0
0.03819865 -0.08246291 -0.143744 1

0.1905993 -0.9342167 -0.3015153 0
0.05437303 0.3167211 -0.9469591 0
0.9801611 0.1640954 0.1111628 0
-0.1716069 -0.1035863 -0.08020467 1

0.4913663 -0.3551753 -0.7952421 0
-0.8222382 0.1119165 -0.5580314 0
0.2871994 0.9280763 -0.2370468 0
-0.1277572 -0.08089662 -0.2251371 1

0.1123784 -0.9885264 -0.1009304 0
0.09312993 0.1116046 -0.9893794 0
0.9892915 0.1017852 0.1046032 0
-0.1673698 -0.07779425 -0.1576968 1

0.3823912 -0.922727 -0.04849686 0
0.2801848 0.1658072 -0.9455181 0
0.880496 0.3479697 0.3219374 0
-0.1628762 -0.106626 -0.1605132 1

0.1784319 -0.9629874 -0.2020344 0
0.1569892 0.2305614 -0.9603103 0
0.9713478 0.1396327 0.1923182 0
-0.1721875 -0.04874939 -0.1549766 1

-0.1202309 -0.5227933 -0.8439384 0
0.47546 0.7159417 -0.5112392 0
0.871483 -0.4627258 0.162489 0
-0.1648345 -0.06998366 -0.09532245 1

0.5781998 -0.1914299 -0.7931204 0
-0.6903829 0.4032526 -0.6006324 0
0.4348065 0.8948421 0.1010005 0
-0.1973264 -0.0752635 -0.2747622 1

0.5262438 -0.3392417 -0.7797326 0
-0.6974736 0.352328 -0.6240158 0
0.4864134 0.8722273 -0.05120191 0
-0.2124531 -0.06005996 -0.2494557 1

0.8834971 -0.3104162 -0.3508208 0
-0.235714 0.3525963 -0.9056021 0
0.4048114 0.8827897 0.2383482 0
-0.1311875 -0.07754135 -0.2630814 1

0.5637255 -0.2170894 -0.7969227 0
-0.690531 0.4055189 -0.5989337 0
0.4531892 0.8879341 0.07869427 0
-0.1786389 -0.0794732 -0.2904077 1

3.725039 -1.43934 -0.2288923 0
1.435787 3.516337 1.25455 0
-0.2502149 -1.250472 3.791269 0
-0.139358 -0.03188103 -0.2455085 1

-0.4186496 -0.8778546 -0.232604 0
0.3086711 0.1033327 -0.9455394 0
0.8540812 -0.4676478 0.227708 0
-0.1515653 -0.05200797 -0.1152994 1

0.2110454 -0.9774735 -0.002378918 0
0.7226812 0.154394 0.6737168 0
-0.6581728 -0.1439039 0.738986 0
-0.153239 -0.1008415 -0.1931231 1

0.1731779 -0.9677852 -0.1827606 0
0.3514105 0.2340674 -0.9064896 0
0.9200653 0.09275991 0.3806251 0
-0.1666325 -0.04060143 -0.1889489 1

-0.01781626 -0.9996841 -0.01774104 0
0.9486062 -0.02250786 0.3156577 0
-0.3159572 -0.01120539 0.9487075 0
-0.1637397 -0.07341248 -0.1962925 1

0.5935698 -0.03825691 -0.8038731 0
-0.6796265 0.5111465 -0.5261535 0
0.4310256 0.8586419 0.2774006 0
-0.142822 -0.06531554 -0.2886031 1

0.4787655 -0.2342168 -0.8461243 0
0.1452709 0.971607 -0.1867526 0
0.8658407 -0.03350686 0.4991968 0
-0.2342916 -0.04902369 -0.2689169 1

0.5252432 -0.1760561 -0.8325407 0
-0.4278115 0.7910993 -0.4371953 0
0.735593 0.5858041 0.3402005 0
-0.2037974 -0.0646987 -0.312229 1

0.5345055 -0.1244442 -0.8359534 0
-0.2187589 0.9350227 -0.2790657 0
0.8163632 0.3320341 0.4725514 0
-0.2239206 -0.0597133 -0.2980458 1

-0.4155394 -0.909516 0.01038595 0
0.04409423 -0.03154827 -0.9985292 0
0.9085057 -0.4144703 0.0532138 0
-0.1382364 -0.04231924 -0.1453952 1

0.187064 -0.9718752 -0.1430591 0
-0.4790708 -0.2173927 0.8504305 0
-0.8576123 -0.09054935 -0.5062635 0
-0.1289296 -0.09570616 -0.1704721 1

0.138378 -0.9805651 -0.1390825 0
0.8093059 0.1929033 -0.5548084 0
0.5708553 -0.03578696 0.8202705 0
-0.1548401 -0.0327372 -0.2193706 1

-0.08527832 -0.990391 -0.1088741 0
0.004970998 -0.1096936 0.9939534 0
-0.9963446 0.08422154 0.01427782 0
-0.1266526 -0.07427859 -0.1839513 1

0.8661514 -0.3880669 -0.314939 0
-0.3194433 0.05476646 -0.9460218 0
0.3843675 0.9200027 -0.07652935 0
-0.1616692 -0.04828542 -0.3120317 1

0.5808153 -0.0470226 -0.8126763 0
0.480459 0.8256977 0.2956056 0
0.6571248 -0.5621499 0.5021703 0
-0.2298697 -0.01902086 -0.2745728 1

0.5080923 -0.1134124 -0.8538032 0
-0.06024548 0.9841855 -0.166583 0
0.8591931 0.1360771 0.4932244 0
-0.220109 -0.03454894 -0.3288757 1

0.5387245 -0.04213924 -0.8414277 0
0.3648402 0.911909 0.1879202 0
0.7593865 -0.4082243 0.5066417 0
-0.2320015 -0.02510673 -0.3084016 1

-0.576777 -0.03159965 0.8162903 0
0.07198715 0.9933981 0.08932062 0
-0.8137237 0.1102805 -0.5706943 0
-0.00287297 -0.2916426 -0.0004399396 1

0.1232541 -0.3631681 -0.9235353 0
-0.4587062 -0.8460956 0.2714975 0
-0.8799983 0.3901682 -0.2708722 0
-0.06453251 -0.3328441 0.07941895 1

-0.5822139 -0.04288031 0.8119041 0
-0.02507974 0.9990802 0.03478131 0
-0.8126488 -0.000112174 -0.5827538 0
0.001054381 -0.2231974 0.004984662 1

0.7946608 0.3371279 -0.5048356 0
-0.06346512 -0.7809209 -0.6213974 0
-0.6037271 0.5258396 -0.5991713 0
0.05197441 -0.3262294 -0.08804605 1

0.8944856 0.2101398 -0.3946352 0
0.3011325 -0.9355918 0.1843564 0
-0.3304769 -0.2837417 -0.9001532 0
0.04371517 -0.427857 -0.1689136 1

-0.5974532 -0.04910909 0.8003986 0
-0.09676116 0.995245 -0.0111628 0
-0.7960446 -0.08411675 -0.5993641 0
-0.0009578676 -0.1430372 0.007775308 1

0.1615866 -0.2844496 -0.9449753 0
0.5207055 -0.7888412 0.3264895 0
-0.8383052 -0.5448102 0.02064845 0
-0.1242366 -0.4429699 0.1147564 1

-0.6107519 -0.05391601 0.7899844 0
-0.2119483 0.9724056 -0.09749506 0
-0.7629286 -0.2269811 -0.6053258 0
-0.009830486 -0.05177712 0.006751722 1

0.9605346 -0.07991367 -0.266434 0
-0.2463562 -0.6891589 -0.6814461 0
-0.1291585 0.7201903 -0.6816481 0
0.07672246 -0.5304078 -0.1487062 1

0.03668883 0.0450392 -0.9983113 0
-0.7144039 -0.6973493 -0.05771613 0
-0.6987711 0.715315 0.00659126 0
-0.06739617 -0.5290802 0.1503962 1

-0.682014 -0.07565022 0.7274158 0
-0.2302272 0.9662744 -0.1153664 0
-0.6941558 -0.2461524 -0.6764295 0
-0.03169465 0.04853433 -0.003305674 1

0.9414601 0.00246585 -0.3371157 0
-0.3370867 0.02189537 -0.941219 0
0.005060383 0.9997573 0.02144477 0
0.05101629 -0.6023184 -0.2198121 1

-0.9094529 -0.3670022 -0.1954607 0
0.3506871 -0.4244214 -0.8347965 0
0.2234146 -0.8277537 0.5146941 0
-0.00181805 0.03639156 -0.03663426 1

0.1517298 0.0005412307 -0.9884219 0
-0.9883496 -0.01201626 -0.1517252 0
-0.01195921 0.9999278 -0.001288317 0
-0.1409774 -0.6009048 0.1444516 1

0.4568558 0.3554887 0.8154204 0
-0.6850454 -0.4441539 0.5774428 0
0.5674465 -0.8224082 0.0406117 0
-0.05521074 0.0317257 0.03296442 1

-0.9817854 -0.1121335 0.1533743 0
-0.1371219 0.9769715 -0.1634765 0
-0.1315111 -0.1815298 -0.974552 0
-0.03278946 0.1282459 0.003957748 1

-0.1215883 0.2523189 0.9599745 0
-0.3781208 -0.9059986 0.1902399 0
0.9177369 -0.3398555 0.205566 0
-0.1186778 -0.009423673 0.08646248 1

-0.9246861 0.05367182 -0.3769286 0
0.08905746 -0.9320579 -0.3511946 0
-0.3701683 -0.3583131 0.8570808 0
0.03067035 -0.00292784 -0.1139716 1

0.02892768 -0.9955494 0.0896951 0
-0.1115792 -0.0923878 -0.9894516 0
0.9933344 0.01861438 -0.1137551 0
-0.1507975 -0.0863843 0.1026225 1

0.4348586 0.1639326 -0.8854516 0
-0.8981677 0.008251684 -0.4395759 0
-0.06475461 0.9864374 0.1508271 0
0.03825169 -0.08227241 -0.1438683 1

0.1905468 -0.9342687 -0.3013872 0
0.05447462 0.3166023 -0.9469928 0
0.9801655 0.1640286 0.1112214 0
-0.1714216 -0.103461 -0.08026537 1

0.4914478 -0.3552911 -0.79514 0
-0.8221651 0.1118878 -0.5581453 0
0.2872702 0.9280356 -0.237121 0
-0.1277724 -0.08074713 -0.2251228 1

0.1123055 -0.988548 -0.1008019 0
0.09321815 0.1114776 -0.9893854 0
0.9892915 0.1017169 0.10467 0
-0.1671761 -0.07767862 -0.1577603 1

0.3823193 -0.9227642 -0.04835479 0
0.2802742 0.1656702 -0.9455158 0
0.8804988 0.3479365 0.3219657 0
-0.1626846 -0.1065111 -0.1605729 1

0.1783691 -0.9630265 -0.2019039 0
0.1570849 0.2304326 -0.9603257 0
0.9713438 0.1395763 0.192379 0
-0.1719916 -0.04863304 -0.155044 1

-0.1202062 -0.5228853 -0.8438849 0
0.4755598 0.7158409 -0.5112877 0
0.8714317 -0.4627776 0.1626146 0
-0.1646452 -0.0698607 -0.09538668 1

0.5782884 -0.1915493 -0.7930269 0
-0.6902913 0.4032128 -0.6007644 0
0.4348344 0.8948346 0.1009483 0
-0.1973354 -0.07511669 -0.2747572 1

0.5263241 -0.3393573 -0.7796281 0
-0.6973816 0.352286 -0.6241429 0
0.4864591 0.8721994 -0.05124509 0
-0.2124644 -0.05990952 -0.2494543 1

0.8835262 -0.3104973 -0.3506761 0
-0.2355873 0.3525002 -0.9056726 0
0.404822 0.8827998 0.2382937 0
-0.1311979 -0.07739615 -0.263068 1

0.5638135 -0.2172088 -0.7968283 0
-0.6904397 0.4054794 -0.5990661 0
0.4532196 0.8879229 0.07864501 0
-0.1786461 -0.07932907 -0.2903999 1

3.724939 -1.439672 -0.2284205 0
1.435974 3.516372 1.25424 0
-0.2506211 -1.249993 3.791399 0
-0.1391535 -0.03177834 -0.2455753 1

-0.4187029 -0.8778482 -0.2325314 0
0.3087552 0.1031933 -0.9455271 0
0.8540246 -0.4676903 0.2278328 0
-0.1513729 -0.05188859 -0.1153647 1

0.2109655 -0.9774911 -0.002243854 0
0.7226401 0.154416 0.6737559 0
-0.6582438 -0.1437608 0.7389507 0
-0.1530444 -0.1007313 -0.1931827 1

0.1731131 -0.9678215 -0.1826298 0
0.3515022 0.2339292 -0.9064896 0
0.9200424 0.09273051 0.3806873 0
-0.1664333 -0.04048961 -0.1890167 1

-0.01789686 -0.9996849 -0.01762169 0
0.948579 -0.02254748 0.3157363 0
-0.3160341 -0.01106499 0.9486835 0
-0.1635426 -0.07330185 -0.1963562 1

0.5936666 -0.03837825 -0.8037959 0
-0.6795393 0.5111151 -0.526297 0
0.4310302 0.8586553 0.2773521 0
-0.1428287 -0.06517279 -0.2885925 1

0.4788588 -0.2343381 -0.8460381 0
0.1453375 0.9715785 -0.1868494 0
0.8657782 -0.03348691 0.4993067 0
-0.2343001 -0.04887456 -0.2689195 1

0.5253373 -0.1761779 -0.8324556 0
-0.4277226 0.7910672 -0.437341 0
0.7355779 0.5858113 0.3402216 0
-0.2038013 -0.06455606 -0.312226 1

0.5346023 -0.1245667 -0.8358733 0
-0.2186827 0.9349996 -0.2792028 0
0.8163203 0.3320532 0.4726121 0
-0.2239259 -0.05956805 -0.2980459 1

-0.4156148 -0.9094806 0.01046258 0
0.04417154 -0.0316724 -0.9985219 0
0.9084675 -0.4145384 0.05333662 0
-0.1380408 -0.0422045 -0.1454607 1

0.1869956 -0.9719079 -0.1429267 0
-0.4791568 -0.217251 0.8504185 0
-0.8575789 -0.09054023 -0.506321 0
-0.1287364 -0.09559518 -0.1705302 1

0.1383088 -0.9805934 -0.138953 0
0.809366 0.1927701 -0.5547671 0
0.5707868 -0.03573478 0.8203205 0
-0.1546378 -0.03263009 -0.2194385 1

-0.08535086 -0.9903972 -0.1087613 0
0.004882365 -0.1095741 0.9939667 0
-0.9963388 0.08430479 0.01418796 0
-0.1264566 -0.07416952 -0.1840119 1

0.8661726 -0.388143 -0.3147871 0
-0.319325 0.05466932 -0.9460675 0
0.3844183 0.9199765 -0.07659081 0
-0.1616724 -0.04814464 -0.3120255 1

0.5809127 -0.04714449 -0.8125997 0
0.4804599 0.825711 0.2955669 0
0.6570383 -0.5621201 0.5023171 0
-0.2298761 -0.01887256 -0.2745783 1

0.5081918 -0.113536 -0.8537276 0
-0.06018092 0.9841686 -0.1667065 0
0.859139 0.1360967 0.4933136 0
-0.2201094 -0.03440744 -0.3288782 1

0.5388257 -0.04226255 -0.8413569 0
0.3648582 0.9119148 0.1878573 0
0.7593063 -0.4081987 0.5067828 0
-0.232004 -0.02496237 -0.3084067 1

-0.5768102 -0.03160648 0.8162665 0
0.07264084 0.9933079 0.08979291 0
-0.813642 0.1110878 -0.5706542 0
-0.002846722 -0.2916975 -0.00042186 1

0.1231029 -0.3631887 -0.9235475 0
-0.4590583 -0.8459137 0.2714695 0
-0.8798359 0.3905434 -0.2708591 0
-0.06453464 -0.3328962 0.07941655 1

-0.5822859 -0.04287263 0.8118528 0
-0.0248365 0.9990805 0.03494631 0
-0.8126046 0.0001851719 -0.5828153 0
0.00112568 -0.2232575 0.005035267 1

0.7947963 0.3370547 -0.5046712 0
-0.06371859 -0.7806447 -0.6217183 0
-0.603522 0.5262964 -0.5989769 0
0.05197919 -0.3262788 -0.08804353 1

0.8944573 0.2102263 -0.3946531 0
0.3013454 -0.9354607 0.184674 0
-0.330359 -0.2841099 -0.9000803 0
0.04368696 -0.4278706 -0.1689529 1

-0.5975407 -0.04905537 0.8003366 0
-0.09645665 0.9952763 -0.01101178 0
-0.7960159 -0.08377777 -0.5994498 0
-0.0008670504 -0.1430972 0.007839151 1

0.1616374 -0.2844497 -0.9449667 0
0.5211 -0.7885733 0.3265074 0
-0.8380504 -0.545198 0.02076396 0
-0.1242846 -0.4429983 0.1147504 1

-0.610647 -0.05398804 0.7900605 0
-0.2114007 0.972581 -0.09693367 0
-0.7631645 -0.2262116 -0.6053167 0
-0.009711746 -0.05183429 0.006829411 1

0.9605344 -0.0799137 -0.2664351 0
-0.2463569 -0.6891587 -0.6814459 0
-0.1291591 0.7201903 -0.681648 0
0.07671759 -0.5304069 -0.1487106 1

0.03669006 0.04503816 -0.9983115 0
-0.7144035 -0.6973498 -0.05771625 0
-0.6987715 0.7153147 0.0065898 0
-0.06740108 -0.5290793 0.1503921 1

-0.6819026 -0.07585674 0.7274987 0
-0.2299123 0.9664248 -0.1147328 0
-0.6943696 -0.2454974 -0.6764479 0
-0.03151942 0.04849523 -0.003170065 1

0.9414598 0.002465738 -0.3371166 0
-0.3370877 0.02189548 -0.9412186 0
0.005060475 0.9997571 0.02144482 0
0.05101134 -0.6023176 -0.2198165 1

-0.9099805 -0.3660095 -0.1948656 0
0.3491508 -0.4228479 -0.8362375 0
0.2236725 -0.8289974 0.5125759 0
-0.001655622 0.03635305 -0.03651036 1

0.151731 0.0005403031 -0.9884218 0
-0.9883497 -0.01201693 -0.1517264 0
-0.01195965 0.9999278 -0.001289297 0
-0.1409822 -0.600904 0.1444475 1

0.4562254 0.3540933 0.81638 0
-0.687205 -0.4426499 0.5760303 0
0.565339 -0.8238199 0.04138663 0
-0.05503901 0.0316807 0.033095 1

-0.9816806 -0.1131992 0.1532618 0
-0.1379901 0.9770612 -0.1622035 0
-0.1313849 -0.1803806 -0.9747825 0
-0.03258507 0.1282029 0.004142235 1

-0.1233377 0.2532351 0.9595101 0
-0.3804485 -0.9050812 0.1899665 0
0.9165409 -0.3416142 0.2079736 0
-0.1187062 -0.009329379 0.08646219 1

-0.9249699 0.05347947 -0.3762591 0
0.08947538 -0.9315739 -0.3523691 0
-0.3693577 -0.3595966 0.8568928 0
0.03069045 -0.002820432 -0.1139812 1

0.02712737 -0.9955443 0.09031173 0
-0.1093638 -0.09275821 -0.9896644 0
0.9936318 0.01697026 -0.1113928 0
-0.1510236 -0.08621198 0.102599 1

0.434278 0.1635163 -0.8858132 0
-0.8984607 0.008124365 -0.4389789 0
-0.06458366 0.9865072 0.1504412 0
0.03830735 -0.08212394 -0.1439779 1

0.1905617 -0.9343317 -0.3011829 0
0.05460328 0.3164186 -0.9470469 0
0.9801556 0.1640253 0.1113148 0
-0.1712381 -0.1033572 -0.08032819 1

0.4916136 -0.3554232 -0.7949783 0
-0.8220602 0.1117563 -0.5583256 0
0.2872857 0.9280006 -0.2372385 0
-0.1277709 -0.08062214 -0.225122 1

0.1122935 -0.9885703 -0.1005972 0
0.09334698 0.1112848 -0.989395 0
0.9892812 0.1017121 0.1047765 0
-0.1669822 -0.07758987 -0.1578276 1

0.3823024 -0.9227834 -0.04812825 0
0.2803988 0.1654812 -0.9455121 0
0.8804669 0.3479763 0.3220109 0
-0.1624911 -0.106423 -0.160634 1

0.1783707 -0.9630699 -0.2016956 0
0.1572132 0.2302438 -0.9603502 0
0.9713231 0.139589 0.1924759 0
-0.1717973 -0.04854363 -0.1551175 1

-0.1201119 -0.5230447 -0.8437994 0
0.4756428 0.7157308 -0.5113649 0
0.8713997 -0.4627682 0.1628148 0
-0.1644589 -0.06976002 -0.09545513 1

0.5784485 -0.1916781 -0.792879 0
-0.6901879 0.4030777 -0.6009735 0
0.4347852 0.8948678 0.1008656 0
-0.1973244 -0.07500333 -0.2747709 1

0.5264864 -0.3394855 -0.7794625 0
-0.6972719 0.3521461 -0.6243438 0
0.4864403 0.8722059 -0.05131346 0
-0.2124588 -0.05979186 -0.2494737 1

0.8836043 -0.3105334 -0.3504465 0
-0.2354231 0.3523232 -0.9057839 0
0.4047466 0.8828575 0.2382074 0
-0.1311892 -0.07727838 -0.2630684 1

0.5639752 -0.2173389 -0.7966781 0
-0.6903366 0.4053446 -0.5992756 0
0.453175 0.8879527 0.07856727 0
-0.178632 -0.07921797 -0.2904092 1

3.724933 -1.43981 -0.2276686 0
1.435904 3.516577 1.253746 0
-0.2511356 -1.249258 3.791608 0
-0.1389473 -0.03170711 -0.2456478 1

-0.4186956 -0.8778825 -0.2324156 0
0.3088784 0.1030035 -0.9455076 0
0.8539841 -0.4676681 0.2280318 0
-0.1511837 -0.05179203 -0.115435 1

0.2109412 -0.9774971 -0.002028711 0
0.7225583 0.1545276 0.6738182 0
-0.6583417 -0.143602 0.7388945 0
-0.1528465 -0.1006497 -0.1932437 1

0.173112 -0.9678613 -0.1824212 0
0.3516236 0.2337459 -0.90649 0
0.9199966 0.0927806 0.3807868 0
-0.1662344 -0.04040688 -0.189091 1

-0.01791973 -0.9996878 -0.01743137 0
0.9485385 -0.0225106 0.3158615 0
-0.3161553 -0.0108744 0.9486455 0
-0.1633437 -0.07322061 -0.1964239 1

0.5938236 -0.03850873 -0.8036734 0
-0.6794538 0.5109943 -0.5265242 0
0.430948 0.8587213 0.2772754 0
-0.1428155 -0.0650602 -0.2885976 1

0.4790304 -0.2344801 -0.8459013 0
0.1453418 0.9715481 -0.1870025 0
0.8656824 -0.033365 0.4994809 0
-0.2342911 -0.04876131 -0.2689453 1

0.5255044 -0.1763159 -0.8323206 0
-0.4276636 0.7909709 -0.4375716 0
0.7354923 0.5858992 0.3402548 0
-0.2037835 -0.06444985 -0.312243 1

0.5347685 -0.1247051 -0.835746 0
-0.2186593 0.93494 -0.2794197 0
0.8162176 0.3321684 0.4727085 0
-0.223911 -0.05945987 -0.2980677 1

-0.4156393 -0.9094685 0.01058495 0
0.04429796 -0.03186575 -0.9985102 0
0.9084506 -0.4145511 0.0535323 0
-0.1378475 -0.04211408 -0.145531 1

0.1869895 -0.9719404 -0.1427157 0
-0.4792707 -0.2170753 0.8503993 0
-0.8575169 -0.09061614 -0.5064129 0
-0.1285412 -0.09550989 -0.1705892 1

0.1383018 -0.9806237 -0.1387465 0
0.8094418 0.1926429 -0.554701 0
0.5706815 -0.03559119 0.8204002 0
-0.1544349 -0.03255349 -0.2195129 1

-0.08536191 -0.990416 -0.1085814 0
0.004753202 -0.1093829 0.9939885 0
-0.9963388 0.08433264 0.01404467 0
-0.1262592 -0.07408679 -0.1840747 1

0.8662462 -0.388173 -0.3145465 0
-0.3191433 0.05448199 -0.9461394 0
0.3844027 0.9199749 -0.07668805 0
-0.161655 -0.04803705 -0.3120373 1

0.5810719 -0.04727698 -0.8124779 0
0.4803753 0.8257821 0.2955059 0
0.6569592 -0.5620045 0.5025494 0
-0.229867 -0.01876026 -0.2746089 1

0.5083612 -0.1136785 -0.8536078 0
-0.06018098 0.9841354 -0.1669018 0
0.8590387 0.1362173 0.4934548 0
-0.2200893 -0.03430492 -0.3289039 1

0.5389903 -0.04240187 -0.8412444 0
0.3647917 0.9119617 0.1877578 0
0.7592212 -0.4080787 0.5070061 0
-0.2319882 -0.02485639 -0.3084365 1

-0.5768411 -0.03161218 0.8162445 0
0.07334388 0.9932104 0.09029808 0
-0.8135571 0.1119542 -0.570606 0
-0.002816434 -0.2917568 -0.0004009007 1

0.1229335 -0.3632015 -0.923565 0
-0.4594632 -0.8457081 0.2714254 0
-0.8796482 0.3909768 -0.2708434 0
-0.06453437 -0.3329523 0.07941596 1

-0.5823779 -0.04284567 0.8117884 0
-0.02462546 0.9990816 0.03506456 0
-0.8125452 0.0004301595 -0.5828981 0
0.001204416 -0.2233224 0.005091022 1

0.7949412 0.3369738 -0.5044972 0
-0.06400773 -0.7803366 -0.6220756 0
-0.6033006 0.5268052 -0.5987527 0
0.05198587 -0.3263325 -0.08803958 1

0.8944272 0.2103179 -0.3946731 0
0.3015719 -0.9353209 0.1850124 0
-0.3302344 -0.2845023 -0.9000022 0
0.04365602 -0.4278841 -0.1689954 1

-0.5976715 -0.04904773 0.8002394 0
-0.09629247 0.9952933 -0.01091472 0
-0.7959377 -0.08358046 -0.5995814 0
-0.0007713828 -0.143162 0.007904394 1

0.16169 -0.2844412 -0.9449602 0
0.5215247 -0.788288 0.3265184 0
-0.8377759 -0.545615 0.02088481 0
-0.124337 -0.4430276 0.1147441 1

-0.6106345 -0.05405782 0.7900655 0
-0.2110909 0.9726816 -0.09659749 0
-0.7632603 -0.2257614 -0.6053641 0
-0.009601026 -0.05189753 0.006903556 1

0.9605341 -0.07991381 -0.2664362 0
-0.2463579 -0.6891588 -0.6814457 0
-0.1291599 0.7201904 -0.681648 0
0.07671148 -0.5304052 -0.1487161 1

0.03669125 0.04503667 -0.9983114 0
-0.7144032 -0.6973501 -0.05771604 0
-0.6987716 0.7153146 0.006587774 0
-0.06740715 -0.5290775 0.1503869 1

-0.6818906 -0.07602948 0.7274922 0
-0.2297519 0.9665092 -0.1143414 0
-0.6944347 -0.2451111 -0.6765215 0
-0.03137675 0.04844236 -0.003061249 1

0.9414594 0.002465671 -0.3371178 0
-0.3370889 0.0218955 -0.9412184 0
0.005060672 0.9997573 0.02144476 0
0.05100513 -0.6023158 -0.2198219 1

-0.910377 -0.365329 -0.1942895 0
0.3478789 -0.4215283 -0.8374331 0
0.2240401 -0.8299689 0.5108399 0
-0.001518112 0.03630179 -0.03640677 1

0.1517322 0.0005388893 -0.9884217 0
-0.9883493 -0.01201742 -0.1517276 0
-0.01195996 0.9999278 -0.001290854 0
-0.1409883 -0.6009022 0.1444424 1

0.4556479 0.3531339 0.8171179 0
-0.6889877 -0.4413164 0.5749225 0
0.5636321 -0.8249463 0.04222007 0
-0.05490039 0.03162318 0.03319904 1

-0.9815761 -0.1142834 0.1531266 0
-0.1388859 0.977129 -0.1610266 0
-0.1312217 -0.179327 -0.974999 0
-0.03242859 0.1281472 0.004282717 1

-0.1250316 0.2540588 0.9590733 0
-0.3826668 -0.9042141 0.1896396 0
0.9153872 -0.3432946 0.210275 0
-0.1187327 -0.009263337 0.08646363 1

-0.9251744 0.0532777 -0.3757846 0
0.08992384 -0.9311384 -0.3534049 0
-0.3687361 -0.360753 0.8566744 0
0.03071014 -0.002749443 -0.1139884 1

0.02551838 -0.9955395 0.09082825 0
-0.1072205 -0.09305924 -0.9898706 0
0.9939079 0.01552109 -0.1091171 0
-0.1512386 -0.08607233 0.1025727 1

0.4338515 0.163105 -0.8860981 0
-0.8986833 0.008092064 -0.4385238 0
-0.06435509 0.9865755 0.1500905 0
0.03836522 -0.08201581 -0.1440732 1

0.1906404 -0.9344022 -0.3009129 0
0.05475652 0.3161794 -0.947118 0
0.9801319 0.164082 0.1114412 0
-0.171057 -0.1032732 -0.08039266 1

0.4918534 -0.3555707 -0.7947643 0
-0.8219291 0.1115329 -0.5585636 0
0.2872511 0.9279709 -0.2373959 0
-0.1277542 -0.08052003 -0.2251332 1

0.1123393 -0.9885921 -0.1003268 0
0.09351364 0.111036 -0.9894073 0
0.9892601 0.1017673 0.1049204 0
-0.1667885 -0.07752538 -0.1578979 1

0.3823373 -0.9227842 -0.04782832 0
0.2805562 0.1652489 -0.945506 0
0.8804016 0.3480836 0.3220736 0
-0.162296 -0.1063591 -0.1606962 1

0.1784331 -0.9631155 -0.2014203 0
0.1573713 0.2300043 -0.9603814 0
0.9712861 0.139666 0.192607 0
-0.1716049 -0.04847866 -0.155196 1

-0.119952 -0.5232626 -0.8436873 0
0.4757099 0.7156143 -0.5114653 0
0.8713851 -0.4627015 0.1630818 0
-0.1642762 -0.06967962 -0.09552694 1

0.5786708 -0.1918161 -0.7926834 0
-0.6900756 0.4028572 -0.6012502 0
0.4346678 0.8949372 0.1007541 0
-0.1972956 -0.07492071 -0.2748014 1

0.5267205 -0.3396253 -0.7792435 0
-0.6971486 0.3519191 -0.6246096 0
0.4863639 0.8722427 -0.05140622 0
-0.212438 -0.05970454 -0.2495118 1

0.8837258 -0.3105299 -0.3501435 0
-0.2352277 0.3520735 -0.9059318 0
0.4045953 0.8829584 0.2380912 0
-0.1311631 -0.07718605 -0.2630814 1

0.5642011 -0.2174792 -0.7964799 0
-0.6902252 0.4051245 -0.5995529 0
0.4530638 0.8880186 0.07846212 0
-0.1785988 -0.07913738 -0.2904338 1

3.725012 -1.43976 -0.2266641 0
1.435587 3.516936 1.253099 0
-0.2517493 -1.248301 3.791883 0
-0.1387399 -0.03166419 -0.245725 1

-0.4186303 -0.8779534 -0.2322645 0
0.3090376 0.1027721 -0.9454808 0
0.8539584 -0.4675852 0.2282971 0
-0.1509981 -0.05171633 -0.1155091 1

0.2109699 -0.977491 -0.001744144 0
0.7224383 0.1547197 0.673903 0
-0.6584643 -0.1434333 0.7388181 0
-0.1526461 -0.1005939 -0.1933057 1

0.1731713 -0.9679022 -0.1821457 0
0.3517722 0.2335256 -0.9064891 0
0.9199285 0.09290404 0.3809212 0
-0.1660364 -0.04035032 -0.1891707 1

-0.0178878 -0.9996923 -0.01718051 0
0.9484849 -0.02240271 0.3160298 0
-0.3163175 -0.01064241 0.9485939 0
-0.1631434 -0.07316583 -0.1964946 1

0.594033 -0.03864779 -0.803512 0
-0.6793718 0.5107934 -0.526825 0
0.4307891 0.8588344 0.2771719 0
-0.1427841 -0.06497544 -0.2886165 1

0.4792708 -0.2346416 -0.8457205 0
0.1452898 0.9715166 -0.1872072 0
0.865558 -0.03315179 0.4997104 0
-0.2342664 -0.04868102 -0.2689916 1

0.5257353 -0.1764691 -0.8321425 0
-0.4276331 0.7908181 -0.4378778 0
0.7353454 0.5860592 0.340297 0
-0.203746 -0.06437725 -0.3122776 1

0.534995 -0.1248582 -0.8355783 0
-0.2186838 0.9348481 -0.2797081 0
0.8160627 0.3323699 0.4728344 0
-0.2238778 -0.05938578 -0.2981088 1

-0.4156146 -0.9094775 0.01074457 0
0.04447016 -0.03211822 -0.9984944 0
0.9084531 -0.414511 0.05379328 0
-0.137657 -0.04204571 -0.1456053 1

0.1870421 -0.9719707 -0.1424367 0
-0.4794102 -0.2168729 0.8503723 0
-0.8574275 -0.09076964 -0.5065368 0
-0.1283448 -0.09544754 -0.1706483 1

0.138354 -0.9806547 -0.1384736 0
0.8095313 0.1925254 -0.5546111 0
0.5705417 -0.03536622 0.8205072 0
-0.1542319 -0.03250438 -0.2195925 1

-0.08531462 -0.9904459 -0.1083444 0
0.004585862 -0.1091301 0.9940171 0
-0.9963437 0.08430731 0.01385242 0
-0.1260611 -0.07402784 -0.1841389 1

0.8663665 -0.3881622 -0.3142286 0
-0.3189069 0.05421369 -0.9462344 0
0.384328 0.919995 -0.07681862 0
-0.1616194 -0.04796004 -0.3120653 1

0.5812844 -0.04741954 -0.8123177 0
0.4802151 0.8259048 0.2954232 0
0.6568884 -0.5618119 0.502857 0
-0.229844 -0.01868087 -0.2746616 1

0.5085909 -0.1138388 -0.8534496 0
-0.06023929 0.9840875 -0.1671621 0
0.8588986 0.1364283 0.4936404 0
-0.2200508 -0.03423816 -0.3289503 1

0.5392096 -0.04255588 -0.8410959 0
0.3646502 0.912046 0.1876242 0
0.7591336 -0.4078746 0.5073017 0
-0.2319559 -0.0247857 -0.3084882 1

-0.5768696 -0.03161677 0.8162241 0
0.07409194 0.9931061 0.09083313 0
-0.8134689 0.1128745 -0.5705502 0
-0.002782034 -0.2918198 -0.000376927 1

0.1227475 -0.363207 -0.9235876 0
-0.4599171 -0.8454803 0.2713664 0
-0.8794369 0.3914642 -0.2708256 0
-0.06453149 -0.3330117 0.07941739 1

-0.5824884 -0.04280048 0.8117113 0
-0.02444536 0.9990835 0.03513823 0
-0.8124712 0.0006250316 -0.5830009 0
0.001290364 -0.2233914 0.005151857 1

0.7950945 0.3368857 -0.5043141 0
-0.06432956 -0.7799985 -0.6224661 0
-0.6030642 0.5273618 -0.5985008 0
0.05199472 -0.3263896 -0.08803389 1

0.8943948 0.2104142 -0.3946946 0
0.3018107 -0.9351729 0.1853693 0
-0.3301033 -0.2849164 -0.8999191 0
0.04362299 -0.4278972 -0.1690405 1

-0.5978431 -0.04908368 0.800109 0
-0.09626148 0.9952967 -0.01086909 0
-0.7958123 -0.08351769 -0.5997562 0
-0.0006709851 -0.1432309 0.00797114 1

0.1617447 -0.2844246 -0.9449559 0
0.5219766 -0.7879868 0.3265229 0
-0.8374836 -0.5460584 0.0210104 0
-0.1243932 -0.4430574 0.1147378 1

-0.6107103 -0.05412478 0.7900022 0
-0.2110074 0.9727118 -0.0964764 0
-0.7632226 -0.2256155 -0.6054658 0
-0.009497784 -0.05196607 0.006974485 1

0.9605336 -0.07991381 -0.2664372 0
-0.2463585 -0.6891588 -0.6814452 0
-0.1291607 0.7201902 -0.6816478 0
0.07670462 -0.530402 -0.1487221 1

0.03669274 0.0450347 -0.9983113 0
-0.7144031 -0.6973503 -0.05771577 0
-0.6987716 0.7153146 0.00658536 0
-0.06741399 -0.5290744 0.1503812 1

-0.6819731 -0.0761693 0.7274002 0
-0.2297389 0.9665312 -0.1141817 0
-0.6943577 -0.2449809 -0.6766473 0
-0.03126488 0.04837698 -0.002977825 1

0.9414589 0.002465677 -0.3371187 0
-0.3370897 0.02189529 -0.9412179 0
0.005060543 0.9997572 0.02144464 0
0.05099822 -0.6023127 -0.2198279 1

-0.9106494 -0.3649456 -0.1937321 0
0.3468604 -0.4204591 -0.8383926 0
0.2245113 -0.8306799 0.5094761 0
-0.001404173 0.03623897 -0.03632239 1

0.1517337 0.0005368907 -0.9884213 0
-0.988349 -0.01201784 -0.1517291 0
-0.01196005 0.9999279 -0.001292866 0
-0.1409951 -0.6008992 0.1444366 1

0.4551228 0.3525948 0.817643 0
-0.6904117 -0.4401483 0.5741088 0
0.562312 -0.8258004 0.0431141 0
-0.0547931 0.03155428 0.0332779 1

-0.9814723 -0.1153747 0.1529726 0
-0.1397996 0.9771754 -0.1599513 0
-0.1310269 -0.1783733 -0.9752 0
-0.03231757 0.1280804 0.004381331 1

-0.1266656 0.2547886 0.958665 0
-0.3847685 -0.9034008 0.1892623 0
0.9142805 -0.3448912 0.2124644 0
-0.1187574 -0.009223938 0.08646711 1

-0.9253044 0.0530736 -0.3754928 0
0.09039375 -0.9307501 -0.3543074 0
-0.3682941 -0.3617843 0.8564295 0
0.03072972 -0.002713263 -0.1139929 1

0.02410305 -0.9955366 0.09124564 0
-0.1051549 -0.09329052 -0.9900705 0
0.9941638 0.01426874 -0.1069341 0
-0.1514418 -0.08596385 0.1025441 1

0.4335691 0.1627012 -0.8863105 0
-0.8988399 0.008154845 -0.4382013 0
-0.06406835 0.9866419 0.149778 0
0.03842478 -0.08194667 -0.1441545 1

0.1907796 -0.9344792 -0.3005859 0
0.05493197 0.3158934 -0.9472032 0
0.9800947 0.1641952 0.1115988 0
-0.1708784 -0.1032075 -0.08045813 1

0.4921565 -0.355732 -0.7945045 0
-0.8217754 0.1112275 -0.5588503 0
0.2871714 0.9279461 -0.2375904 0
-0.1277235 -0.08043921 -0.225155 1

0.1124403 -0.9886138 -0.09999979 0
0.09371448 0.1107402 -0.9894213 0
0.9892293 0.1018795 0.105099 0
-0.1665955 -0.07748306 -0.1579703 1

0.3824217 -0.9227679 -0.04746421 0
0.2807433 0.1649817 -0.9454968 0
0.8803049 0.3482534 0.3221536 0
-0.1621002 -0.1063173 -0.1607588 1

0.1785534 -0.9631628 -0.2010871 0
0.1575564 0.2297225 -0.9604184 0
0.9712335 0.1398034 0.1927702 0
-0.1714148 -0.04843587 -0.1552783 1

-0.1197307 -0.523531 -0.843552 0
0.4757605 0.7154959 -0.5115834 0
0.8713874 -0.4625811 0.1634085 0
-0.164097 -0.06961805 -0.09560128 1

0.5789464 -0.1919624 -0.7924468 0
-0.6899568 0.4025606 -0.6015853 0
0.4344894 0.8950396 0.1006151 0
-0.1972506 -0.07486647 -0.2748462 1

0.5270162 -0.339776 -0.778978 0
-0.697014 0.3516142 -0.6249313 0
0.4862361 0.8723074 -0.05152237 0
-0.2124033 -0.05964506 -0.2495659 1

0.8838845 -0.3104913 -0.349777 0
-0.2350068 0.3517589 -0.9061114 0
0.4043766 0.8830976 0.2379465 0
-0.1311214 -0.07711738 -0.2631052 1

0.564482 -0.2176291 -0.79624 0
-0.6901071 0.4048284 -0.5998887 0
0.4528936 0.8881172 0.07833077 0
-0.1785483 -0.07908481 -0.2904716 1

3.725176 -1.439529 -0.2254322 0
1.435037 3.517436 1.252325 0
-0.2524532 -1.247158 3.792212 0
-0.1385318 -0.03164655 -0.2458055 1

-0.4185101 -0.8780584 -0.232084 0
0.3092297 0.1025071 -0.9454465 0
0.8539474 -0.4674461 0.2286215 0
-0.1508161 -0.05165976 -0.1155861 1

0.211049 -0.9774747 -0.001399748 0
0.7222825 0.1549847 0.6740087 0
-0.6586092 -0.1432599 0.7387221 0
-0.1524437 -0.1005613 -0.193368 1

0.173288 -0.9679441 -0.1818121 0
0.3519457 0.2332761 -0.9064859 0
0.91984 0.09309514 0.3810877 0
-0.1658398 -0.0403176 -0.1892544 1

-0.01780353 -0.9996991 -0.01687776 0
0.9484194 -0.02222942 0.316238 0
-0.3165179 -0.01037716 0.9485299 0
-0.1629426 -0.07313514 -0.1965677 1

0.5942866 -0.0387949 -0.8033174 0
-0.6792936 0.5105213 -0.5271897 0
0.4305626 0.8589898 0.2770426 0
-0.1427365 -0.06491643 -0.2886476 1

0.4795696 -0.2348204 -0.8455016 0
0.1451876 0.9714835 -0.1874585 0
0.8654096 -0.03285718 0.4999867 0
-0.2342276 -0.04863107 -0.2690558 1

0.5260204 -0.1766362 -0.8319269 0
-0.4276283 0.7906145 -0.4382502 0
0.735144 0.5862839 0.3403445 0
-0.2036913 -0.06433547 -0.3123277 1

0.5352726 -0.1250247 -0.8353755 0
-0.2187515 0.934727 -0.2800603 0
0.8158621 0.3326481 0.4729841 0
-0.2238282 -0.05934304 -0.2981665 1

-0.4155434 -0.9095077 0.01093534 0
0.04468465 -0.03242083 -0.998475 0
0.908475 -0.4144212 0.05411321 0
-0.1374694 -0.04199731 -0.1456824 1

0.1871506 -0.9719992 -0.142099 0
-0.4795729 -0.2166508 0.8503368 0
-0.8573123 -0.09099413 -0.5066909 0
-0.1281477 -0.095406 -0.1707072 1

0.1384624 -0.9806859 -0.1381436 0
0.8096331 0.1924207 -0.5544983 0
0.5703703 -0.03506856 0.8206387 0
-0.1540294 -0.03248 -0.219676 1

-0.08521178 -0.990486 -0.1080588 0
0.004383773 -0.1088249 0.9940513 0
-0.9963531 0.08423121 0.01361528 0
-0.1258628 -0.07399029 -0.1842037 1

0.8665271 -0.3881157 -0.3138438 0
-0.3186245 0.05387305 -0.946349 0
0.3842002 0.920035 -0.07698083 0
-0.1615674 -0.04791129 -0.3121073 1

0.5815422 -0.04757141 -0.8121244 0
0.4799882 0.8260739 0.2953193 0
0.656826 -0.5615507 0.5032304 0
-0.2298083 -0.01863199 -0.2747335 1

0.5088723 -0.1140151 -0.8532583 0
-0.06034975 0.9840268 -0.1674806 0
0.8587241 0.13672 0.493863 0
-0.2199958 -0.03420419 -0.3290145 1

0.5394754 -0.04272351 -0.8409171 0
0.3644423 0.9121632 0.1874584 0
0.7590443 -0.4075952 0.5076596 0
-0.2319088 -0.02474743 -0.308559 1

-0.5768957 -0.03162034 0.8162056 0
0.07488076 0.9929954 0.09139518 0
-0.8133783 0.1138436 -0.570487 0
-0.002743448 -0.2918856 -0.0003498042 1

0.1225458 -0.3632054 -0.9236149 0
-0.460416 -0.8452319 0.2712935 0
-0.8792039 0.3920012 -0.2708053 0
-0.06452572 -0.3330737 0.07942114 1

-0.5826162 -0.04273817 0.8116229 0
-0.02429488 0.999086 0.03516969 0
-0.8123843 0.000772143 -0.583122 0
0.001383303 -0.2234637 0.005217705 1

0.7952557 0.336791 -0.5041237 0
-0.06468189 -0.7796334 -0.6228872 0
-0.6028142 0.5279621 -0.5982233 0
0.05200595 -0.3264494 -0.08802627 1

0.8943609 0.2105148 -0.3947184 0
0.3020607 -0.9350182 0.1857432 0
-0.3299669 -0.2853504 -0.8998317 0
0.04358837 -0.4279095 -0.1690877 1

-0.5980527 -0.04916079 0.7999476 0
-0.09635647 0.9952875 -0.01087213 0
-0.7956434 -0.08358222 -0.5999714 0
-0.0005659724 -0.1433029 0.008039511 1

0.1618005 -0.2844003 -0.9449534 0
0.5224537 -0.7876714 0.3265211 0
-0.8371755 -0.5465257 0.02114028 0
-0.1244524 -0.443087 0.114732 1

-0.6108696 -0.0541886 0.7898747 0
