MeshAnim
1
15
47
30
-0.9418519 -0.05650252 0.3312438 0
0.01421063 0.9781824 0.2072615 0
-0.3357276 0.1999169 -0.9205 0
0.005808944 -0.3086063 0.006498409 1

0.862922 0.2726087 -0.4254999 0
-0.1498736 -0.6660658 -0.7306807 0
-0.4826008 0.6942917 -0.5339058 0
-0.09087246 -0.3517625 0.03232772 1

-0.932899 -0.07611416 0.352003 0
-0.05169559 0.9955909 0.07827147 0
-0.3564085 0.0548224 -0.9327205 0
0.0063642 -0.2410947 0.01959313 1

0.9877814 0.1138665 -0.1064073 0
0.03760823 -0.8367513 -0.5462903 0
-0.1512405 0.5356137 -0.8308095 0
0.1008643 -0.3399308 -0.03665907 1

0.9942428 0.0739857 0.07750824 0
-0.053395 -0.2850517 0.9570237 0
0.09289996 -0.9556526 -0.2794602 0
0.1057586 -0.4488241 -0.1077523 1

-0.9196566 -0.09510896 0.3810327 0
-0.1108552 0.9936445 -0.019537 0
-0.3767529 -0.06020678 -0.924355 0
0.002216454 -0.1612144 0.02587316 1

0.9439448 0.2418849 -0.2246333 0
0.3220977 -0.8238647 0.466369 0
-0.07225986 -0.5125805 -0.8555933 0
-0.1103796 -0.438456 -0.06277595 1

-0.9052401 -0.1067005 0.4112849 0
-0.1682891 0.9788334 -0.1164644 0
-0.3901526 -0.174643 -0.9040357 0
-0.007948533 -0.07010108 0.0240817 1

0.9932835 0.09942025 0.05919197 0
0.09083769 -0.9869034 0.1333055 0
0.07167009 -0.1270333 -0.9893058 0
0.0999059 -0.4800687 -0.002852437 1

0.9649176 0.07624775 -0.2512378 0
-0.1222526 -0.7163604 -0.6869369 0
-0.2323541 0.6935518 -0.6819071 0
-0.07521933 -0.5283895 -0.0118669 1

-0.9165677 -0.1026786 0.3864723 0
-0.1583769 0.9806507 -0.1150699 0
-0.3671791 -0.1666776 -0.9150946 0
-0.0253089 0.03087348 0.01206747 1

0.9984401 0.008752245 0.0551444 0
0.05358922 -0.4274884 -0.9024312 0
0.01567534 0.9039786 -0.4272906 0
0.1093844 -0.5830477 0.01105739 1

-0.7602495 -0.2947176 -0.5789317 0
0.6495853 -0.3343104 -0.6828436 0
0.007703155 -0.8951972 0.4456036 0
0.01690309 0.02096051 -0.004386546 1

0.9911516 0.02934773 -0.1294501 0
-0.1311551 0.06650638 -0.9891286 0
-0.02041946 0.9973544 0.06976707 0
-0.08781092 -0.6021721 -0.08261906 1

0.3352202 0.215735 0.9171073 0
-0.8122203 -0.4270966 0.3973497 0
0.4774157 -0.8780927 0.03205299 0
-0.06248389 0.01164025 0.03204648 1

-0.9833547 -0.1363311 0.1201136 0
-0.1613963 0.9590372 -0.2328063 0
-0.08345473 -0.2483171 -0.9650772 0
-0.02868534 0.1097946 0.0250277 1

-0.4300669 0.2887843 0.855363 0
-0.6618165 -0.7452617 -0.08114144 0
0.614037 -0.6009897 0.5116346 0
-0.1377333 -0.02792889 0.06885955 1

-0.9001471 0.2278832 -0.3712199 0
0.1264216 -0.6788698 -0.7232934 0
-0.4168364 -0.6980009 0.5822735 0
0.07708207 -0.01001078 -0.06764665 1

0.07915222 -0.968249 -0.2371266 0
0.5397273 0.2416164 -0.8064218 0
0.8381107 -0.06415348 0.5417147 0
-0.1939517 -0.09123552 0.06196694 1

0.4728232 0.6548246 -0.5896127 0
-0.8580584 0.1899563 -0.4771297 0
-0.2004358 0.7315202 0.6516932 0
0.08784416 -0.06780195 -0.1292195 1

0.1795931 -0.9354409 -0.3044619 0
0.08865929 0.3236257 -0.9420223 0
0.9797378 0.1421875 0.1410564 0
-0.09418979 -0.04657573 -0.08709015 1

0.5068576 -0.3588508 -0.7837868 0
-0.8029755 0.1341975 -0.5807076 0
0.3135696 0.9236978 -0.2201293 0
-0.07076582 -0.03268903 -0.2174158 1

0.09442221 -0.9897937 -0.10674 0
0.1243075 0.1181021 -0.98519 0
0.9877409 0.07975548 0.1341901 0
-0.08714944 -0.02021402 -0.1641857 1

0.3641155 -0.9302226 -0.04589178 0
0.3111024 0.1679228 -0.9354237 0
0.8778584 0.3263253 0.3505375 0
-0.08318404 -0.04910988 -0.1671363 1

0.1639228 -0.9648002 -0.2056455 0
0.1897835 0.2354148 -0.9531853 0
0.9680454 0.1172208 0.2216928 0
-0.09143133 0.00890249 -0.1613386 1

-0.1065291 -0.5128282 -0.8518561 0
0.5051648 0.710009 -0.4906079 0
0.8564229 -0.4825917 0.1834261 0
-0.08627226 -0.01299632 -0.1016946 1

0.5970318 -0.1970233 -0.7776471 0
-0.663802 0.4229977 -0.6167979 0
0.4504665 0.8844519 0.1217587 0
-0.1387156 -0.02514929 -0.2689933 1

0.5415944 -0.3437985 -0.7671235 0
-0.6712785 0.3724368 -0.6408402 0
0.5060248 0.8620288 -0.02907486 0
-0.1542531 -0.009840667 -0.244001 1

0.8866476 -0.3262543 -0.3277421 0
-0.2015587 0.3652169 -0.9088402 0
0.4162098 0.8718803 0.258059 0
-0.07301048 -0.02893972 -0.2554118 1

0.5821367 -0.2223345 -0.7821026 0
-0.6639518 0.4252522 -0.615084 0
0.4693453 0.8773414 0.09993549 0
-0.1196705 -0.02962488 -0.2841254 1

3.698976 -1.516449 -0.1340059 0
1.472323 3.473985 1.328043 0
-0.387094 -1.277425 3.770722 0
-0.05562455 0.02584505 -0.2507208 1

-0.4300863 -0.8666899 -0.252735 0
0.3382545 0.1048564 -0.9351947 0
0.8370245 -0.4877033 0.2480644 0
-0.07204967 0.004863441 -0.1211116 1

0.1903805 -0.9816964 -0.005270284 0
0.705796 0.1331399 0.6957917 0
-0.6823544 -0.1361851 0.7182245 0
-0.07247917 -0.04325181 -0.1993981 1

0.1580088 -0.9696504 -0.1865779 0
0.3825811 0.2343104 -0.8937174 0
0.9103105 0.0698342 0.407993 0
-0.08471648 0.01722211 -0.1950588 1

-0.03835303 -0.9988869 -0.02746885 0
0.9383003 -0.0454541 0.342821 0
-0.343688 -0.0126259 0.9389991 0
-0.0823025 -0.01557881 -0.2026178 1

0.6159425 -0.04412833 -0.7865542 0
-0.6529571 0.5300024 -0.5410588 0
0.4407515 0.8468474 0.297637 0
-0.0836308 -0.0162521 -0.2811494 1

0.4983127 -0.2372238 -0.8339122 0
0.1711796 0.9698258 -0.1735969 0
0.8499307 -0.05624331 0.5238839 0
-0.1752737 0.001824617 -0.263989 1

0.5455906 -0.1801875 -0.8184519 0
-0.3979993 0.8037428 -0.4422603 0
0.7375147 0.5670364 0.3667998 0
-0.1438606 -0.01413143 -0.3065351 1

0.5560379 -0.1287586 -0.8211234 0
-0.1906788 0.9418178 -0.2768058 0
0.8089894 0.3104852 0.4991343 0
-0.1642812 -0.008837163 -0.2928995 1

-0.4347397 -0.9005004 -0.01005958 0
0.07255447 -0.023889 -0.9970785 0
0.8976289 -0.4341993 0.07572082 0
-0.05764655 0.01452416 -0.1507175 1

0.1706396 -0.9743773 -0.1465297 0
-0.5081706 -0.2144341 0.8341349 0
-0.844183 -0.06787448 -0.5317408 0
-0.04873864 -0.03883129 -0.1760051 1

0.1216868 -0.9820605 -0.1440476 0
0.8290445 0.1803634 -0.5292962 0
0.5457819 -0.0550135 0.8361196 0
-0.07187776 0.02509445 -0.2250519 1

-0.1029144 -0.9873729 -0.1204311 0
-0.02636388 -0.1183238 0.9926251 0
-0.9943408 0.1053304 -0.01385355 0
-0.04561811 -0.01734203 -0.1892144 1

0.8666207 -0.4038173 -0.2930881 0
-0.2903405 0.06959831 -0.954389 0
0.4057971 0.9121885 -0.05692921 0
-0.101419 0.00137502 -0.3049612 1

0.6032701 -0.05254465 -0.7958043 0
0.4889231 0.8127002 0.3169743 0
0.630095 -0.5803084 0.5159677 0
-0.1700549 0.03177279 -0.2692406 1

0.5303978 -0.1170134 -0.8396345 0
-0.03452767 0.9866249 -0.1593094 0
0.8470457 0.113488 0.519263 0
-0.1590365 0.01650029 -0.323375 1

0.5621536 -0.04651964 -0.8257237 0
0.3783585 0.9022737 0.2067546 0
0.7354106 -0.4286473 0.5248173 0
-0.171322 0.02602082 -0.303171 1

-0.9446217 -0.03861194 0.3258819 0
0.04155989 0.9709818 0.2355144 0
-0.3255191 0.2360156 -0.9156058 0
0.004455948 -0.3150572 0.002508397 1

0.8445649 0.4082018 -0.346528 0
-0.1151244 -0.4936019 -0.8620346 0
-0.5229309 0.7679378 -0.3698848 0
-0.09355325 -0.3561104 0.02671052 1

-0.9206737 -0.01957986 0.3898417 0
0.02872167 0.9926354 0.1176861 0
-0.389275 0.1195474 -0.9133309 0
0.006904582 -0.2479954 0.01755195 1

0.9875792 0.1010867 -0.1202883 0
0.09446324 -0.9937452 -0.05956095 0
-0.1255567 0.04745828 -0.9909507 0
0.09876409 -0.3478762 -0.04117453 1

0.9930507 0.09032765 0.07544324 0
-0.07902336 0.03673171 0.9961959 0
0.08721285 -0.9952347 0.04361442 0
0.1110574 -0.4772005 -0.04892569 1

-0.8967987 -0.06915267 0.437001 0
-0.06454268 0.9975913 0.02541029 0
-0.4377058 -0.005417285 -0.899102 0
0.009209038 -0.1683522 0.02699438 1

0.9441466 0.2861768 -0.1633717 0
0.2905598 -0.956852 0.003073893 0
-0.1554428 -0.05037147 -0.9865599 0
-0.1085376 -0.4203565 -0.08548985 1

-0.869462 -0.1028057 0.4831841 0
-0.154903 0.9855133 -0.06905423 0
-0.4690853 -0.1348867 -0.8727912 0
0.003290728 -0.07687706 0.0293244 1

0.9936903 0.1074454 0.0321781 0
0.09097674 -0.9399244 0.3290379 0
0.06559864 -0.3240344 -0.9437684 0
0.1023956 -0.4731743 0.06026788 1

0.9717372 0.0705241 -0.225285 0
-0.0972477 -0.7500014 -0.6542483 0
-0.2151044 0.6576658 -0.721946 0
-0.07681993 -0.5248069 -0.0851543 1

-0.8872089 -0.1165069 0.4464149 0
-0.1523026 0.9873082 -0.04501644 0
-0.4355044 -0.1079292 -0.893693 0
-0.01268876 0.02478653 0.0222009 1

0.9981645 0.02656194 0.05442685 0
0.05323361 -0.8133435 -0.5793434 0
0.02887931 0.5811775 -0.8132645 0
0.1118886 -0.5712512 0.09460154 1

-0.8130536 -0.2588181 -0.5214949 0
0.5816654 -0.3231529 -0.7464834 0
0.02468093 -0.9102666 0.4132863 0
0.02774164 0.01460844 0.001887276 1

0.9954073 -0.0007205904 -0.0957277 0
-0.09542611 0.07220426 -0.9928145 0
0.007627333 0.9973897 0.07180405 0
-0.08683611 -0.6020545 -0.1525397 1

0.4089773 0.1770489 0.8952045 0
-0.7883964 -0.4254487 0.4443247 0
0.4595308 -0.8874947 -0.03441401 0
-0.04847603 0.005617023 0.04462538 1

-0.9840341 -0.1143866 0.1363557 0
-0.1401291 0.9702722 -0.1973201 0
-0.1097314 -0.2132771 -0.9708099 0
-0.01397651 0.1028199 0.04000702 1

-0.3897999 0.2794048 0.87749 0
-0.6735519 -0.7362975 -0.06475888 0
0.628 -0.6162781 0.4752025 0
-0.1215182 -0.03379935 0.08579052 1

-0.9201999 0.1584086 -0.357965 0
0.1580082 -0.6863427 -0.7099065 0
-0.3581419 -0.7098172 0.6065425 0
0.08162837 -0.01532906 -0.06726857 1

0.003769659 -0.9711673 -0.2383697 0
0.4891145 0.2097025 -0.8466358 0
0.8722115 -0.1133985 0.4758024 0
-0.1787335 -0.09634465 0.08028954 1

0.4174055 0.6550572 -0.6298194 0
-0.8933359 0.1688025 -0.4164813 0
-0.166504 0.7364821 0.6556453 0
0.09507939 -0.0737564 -0.1277018 1

0.1718487 -0.9372597 -0.3033352 0
0.1008275 0.3230332 -0.9410014 0
0.97995 0.1311255 0.1500141 0
-0.08832674 -0.05758369 -0.0762006 1

0.4984683 -0.3572106 -0.7898923 0
-0.806089 0.1442806 -0.5739369 0
0.3189825 0.9228128 -0.2160242 0
-0.07005156 -0.04255366 -0.2046873 1

0.08428296 -0.9907423 -0.1064239 0
0.1345592 0.1171421 -0.9839573 0
0.9873147 0.06861064 0.1431865 0
-0.0802919 -0.03126806 -0.1532146 1

0.354064 -0.9342276 -0.04309954 0
0.3214417 0.1648421 -0.9324713 0
0.878245 0.3163006 0.3586642 0
-0.07662416 -0.06020516 -0.156145 1

0.1549541 -0.966486 -0.2046813 0
0.2010535 0.2336986 -0.9512954 0
0.9672471 0.1062554 0.2305276 0
-0.08427271 -0.002106607 -0.1503904 1

-0.1045377 -0.5112189 -0.8530694 0
0.5175254 0.7045179 -0.4856156 0
0.8492582 -0.4922502 0.19092 0
-0.079901 -0.02408868 -0.09071418 1

0.5899106 -0.1961144 -0.783291 0
-0.6649899 0.4322665 -0.6090434 0
0.4580327 0.8801616 0.1245845 0
-0.1383113 -0.03414351 -0.2557181 1

0.5334372 -0.342537 -0.7733777 0
-0.6730227 0.3819314 -0.6333786 0
0.512333 0.8583686 -0.02679865 0
-0.1535521 -0.01889223 -0.2305089 1

0.8817647 -0.330648 -0.3363969 0
-0.2053111 0.3730306 -0.9048179 0
0.4246627 0.8669024 0.2610395 0
-0.07254089 -0.03852373 -0.2426394 1

0.574792 -0.2212811 -0.7878127 0
-0.6651103 0.4345101 -0.607313 0
0.4766995 0.8730608 0.1025766 0
-0.1194101 -0.03865743 -0.2710183 1

3.682805 -1.557786 -0.1012883 0
1.49907 3.456656 1.343253 0
-0.4355956 -1.274694 3.766353 0
-0.04746857 0.01447326 -0.2394348 1

-0.4374659 -0.8616975 -0.257102 0
0.3478817 0.101475 -0.9320307 0
0.8292177 -0.4971727 0.255377 0
-0.06530342 -0.006380916 -0.1099915 1

0.1794012 -0.9837676 -0.004083514 0
0.7009011 0.1249025 0.7022371 0
-0.6903281 -0.1288445 0.7119315 0
-0.06556193 -0.05445319 -0.1883053 1

0.1488133 -0.9712781 -0.1856707 0
0.393279 0.230405 -0.8900816 0
0.9072962 0.0594357 0.4162703 0
-0.07715927 0.006152332 -0.1840438 1

-0.04929982 -0.9983813 -0.0283651 0
0.9345821 -0.05612998 0.3512917 0
-0.3523151 -0.009191027 0.9358364 0
-0.07504475 -0.02667028 -0.1915986 1

0.6099172 -0.04330841 -0.791281 0
-0.6527886 0.5386575 -0.5326494 0
0.4492978 0.8414109 0.3002652 0
-0.08324941 -0.02557796 -0.2682113 1

0.4904868 -0.2351774 -0.8391152 0
0.1772852 0.9696893 -0.1681449 0
0.8532247 -0.0662899 0.5173131 0
-0.1746266 -0.006930172 -0.2502633 1

0.5383062 -0.1786082 -0.8236051 0
-0.3950557 0.8097743 -0.4338162 0
0.7444175 0.5588958 0.3653465 0
-0.1436424 -0.02282667 -0.2931448 1

0.5491243 -0.1272423 -0.8259976 0
-0.1855083 0.945129 -0.2689202 0
0.8148922 0.3008999 0.4953885 0
-0.1639235 -0.01747346 -0.2793255 1

-0.4447 -0.8955626 -0.0144973 0
0.08132747 -0.0242542 -0.9963924 0
0.8919798 -0.4442746 0.08361956 0
-0.05052481 0.003130972 -0.1394603 1

0.1610264 -0.9761644 -0.1455122 0
-0.5180916 -0.2090945 0.8293737 0
-0.8400307 -0.05816248 -0.5394123 0
-0.04198659 -0.05030972 -0.1646954 1

0.1119699 -0.983299 -0.1434785 0
0.8357837 0.17129 -0.5216563 0
0.5375205 -0.06150709 0.8410045 0
-0.0639614 0.01389354 -0.2139149 1

-0.1128818 -0.9861024 -0.1219028 0
-0.03669563 -0.1184659 0.9922799 0
-0.9929305 0.1164835 -0.02281287 0
-0.03850551 -0.02885085 -0.1778641 1

0.8613991 -0.4082967 -0.3021342 0
-0.2966599 0.07841381 -0.9517584 0
0.4122912 0.909475 -0.05357966 0
-0.101074 -0.007652223 -0.2917716 1

0.5971147 -0.05156447 -0.8004968 0
0.4973463 0.8067678 0.3190173 0
0.6293652 -0.5886141 0.5073784 0
-0.1692185 0.02301365 -0.255346 1

0.5234419 -0.1151757 -0.8442412 0
-0.02818049 0.9879399 -0.1522521 0
0.8515955 0.1034863 0.5138832 0
-0.158706 0.008034825 -0.3096628 1

0.555831 -0.04502178 -0.8300754 0
0.3866752 0.897936 0.2102213 0
0.7358902 -0.4378172 0.5165096 0
-0.1707733 0.01750714 -0.2893053 1

-0.9454657 -0.04677109 0.3223462 0
0.02924087 0.9734534 0.2270097 0
-0.3244065 0.2240556 -0.9189992 0
0.001855186 -0.3220638 -0.004884935 1

0.8489103 0.4432034 -0.287962 0
-0.007255971 -0.5350046 -0.844818 0
-0.5284872 0.7192641 -0.450955 0
-0.09576907 -0.3640448 0.01928135 1

-0.9030518 0.008502122 0.4294474 0
0.06800403 0.9900242 0.1234001 0
-0.4241141 0.1406408 -0.8946213 0
0.003458155 -0.254847 0.009569567 1

0.9890686 0.06957695 -0.1300095 0
0.1158535 -0.9121057 0.3932444 0
-0.09122166 -0.4040077 -0.9101957 0
0.09672222 -0.3541632 -0.04788712 1

0.9958899 0.03975397 0.0813815 0
-0.08017018 -0.03117111 0.9962937 0
0.04214339 -0.9987231 -0.02785594 0
0.1117992 -0.472863 0.003289012 1

-0.8741954 -0.06170747 0.4816374 0
-0.04786365 0.9980125 0.04099065 0
-0.4832095 0.01278091 -0.8754115 0
0.008914394 -0.1754134 0.01947046 1

0.9562138 0.2674052 -0.1189516 0
0.1296787 -0.7514774 -0.6468888 0
-0.262371 0.6031386 -0.7532499 0
-0.09671349 -0.4336797 -0.09067815 1

-0.8402015 -0.1104359 0.5309098 0
-0.1588739 0.9862133 -0.04628433 0
-0.5184789 -0.1232359 -0.8461635 0
0.004525485 -0.08389962 0.02322913 1

0.9945819 0.09230631 0.04781678 0
0.05794191 -0.8741226 0.4822369 0
0.08631122 -0.4768535 -0.8747349 0
0.1030117 -0.4762797 0.1124933 1

0.9795663 0.1082478 -0.1695056 0
-0.01190853 -0.8101072 -0.5861605 0
-0.2007684 0.5762019 -0.7922648 0
-0.0825577 -0.5157113 -0.1612928 1

-0.8651258 -0.1427365 0.4808153 0
-0.1615592 0.9868605 0.00227097 0
-0.4748217 -0.07571548 -0.8768189 0
-0.01186363 0.01783615 0.01845453 1

0.9983212 0.01518383 0.05589518 0
0.03328437 -0.940167 -0.3390843 0
0.0474022 0.3403755 -0.9390942 0
0.1090577 -0.5674905 0.1628126 1

-0.841638 -0.2524044 -0.4774278 0
0.5378462 -0.3121257 -0.783134 0
0.04864915 -0.9158982 0.3984516 0
0.02733396 0.007984519 -0.004290677 1

0.9998863 -4.944205E-05 -0.01507738 0
-0.01506126 -0.0497151 -0.9986499 0
-0.0007003024 0.9987635 -0.04971033 0
-0.08378424 -0.5991496 -0.2216654 1

0.4475631 0.1706358 0.8778215 0
-0.7654822 -0.4343692 0.4747213 0
0.4623031 -0.8844245 -0.06378911 0
-0.04629676 -0.001681149 0.04263069 1

-0.9861048 -0.1084869 0.1258085 0
-0.1309005 0.9737225 -0.1863586 0
-0.1022852 -0.2002375 -0.9743934 0
-0.01292418 0.09506935 0.03947401 1

-0.3741151 0.3181457 0.8711033 0
-0.6865762 -0.726457 -0.02954811 0
0.6234187 -0.6091333 0.4902098 0
-0.117216 -0.04192406 0.08661196 1

-0.9264989 0.07723777 -0.3682849 0
0.2140568 -0.6967508 -0.6846299 0
-0.3094821 -0.7131428 0.6290056 0
0.0771612 -0.02093154 -0.07684191 1

-0.01336954 -0.9811205 -0.1929358 0
0.483026 0.1626091 -0.8603745 0
0.8755039 -0.1046958 0.4717326 0
-0.1755377 -0.1036333 0.084102 1

0.3713647 0.6509806 -0.6620519 0
-0.9153342 0.1370887 -0.3786423 0
-0.1557289 0.7466133 0.6467746 0
0.0953835 -0.08024484 -0.1351234 1

0.1792406 -0.9354665 -0.3045906 0
0.09291893 0.3243178 -0.9413736 0
0.9794075 0.1404302 0.1450532 0
-0.08625627 -0.07357705 -0.07492755 1

0.506934 -0.3531218 -0.786335 0
-0.8035219 0.136648 -0.5793788 0
0.3120424 0.9255443 -0.2144698 0
-0.07381374 -0.05490428 -0.2051145 1

0.09319884 -0.9898537 -0.1072557 0
0.1283959 0.1187737 -0.9845851 0
0.9873341 0.07799113 0.1381625 0
-0.0788675 -0.04715842 -0.151971 1

0.3627481 -0.9307862 -0.04528909 0
0.3150752 0.168239 -0.9340361 0
0.8770072 0.3245504 0.3542958 0
-0.07493852 -0.07605809 -0.1549318 1

0.1631311 -0.9648879 -0.2058635 0
0.1939397 0.2359487 -0.9522162 0
0.967355 0.1154112 0.2256205 0
-0.08311225 -0.01803732 -0.1491147 1

-0.1040136 -0.5118901 -0.852731 0
0.5082785 0.7096044 -0.4879702 0
0.8548884 -0.4841803 0.186374 0
-0.07822531 -0.03999788 -0.08947047 1

0.5968671 -0.1912001 -0.7792255 0
-0.6648065 0.425881 -0.6137243 0
0.4492013 0.884346 0.1270832 0
-0.1418054 -0.04714173 -0.2566037 1

0.5416577 -0.3381228 -0.7695972 0
-0.6722207 0.3754615 -0.6380812 0
0.504704 0.862961 -0.02392161 0
-0.1573513 -0.03201497 -0.231506 1

0.8869447 -0.3228327 -0.3303152 0
-0.20265 0.3706471 -0.9063959 0
0.4150445 0.8708614 0.2633214 0
-0.07608664 -0.05091846 -0.2430848 1

0.5820076 -0.2165053 -0.783832 0
-0.6649587 0.4281243 -0.6119961 0
0.4680779 0.8774024 0.1052046 0
-0.1227627 -0.05149275 -0.2717749 1

3.696953 -1.522485 -0.120756 0
1.472833 3.470343 1.336971 0
-0.4041142 -1.280142 3.768014 0
-0.04692442 -0.001074612 -0.2383394 1

-0.4305235 -0.8657468 -0.2552109 0
0.3421214 0.1051273 -0.9337566 0
0.8352262 -0.4893173 0.2509306 0
-0.06389645 -0.0221445 -0.1088151 1

0.1887687 -0.9820069 -0.005400456 0
0.7032609 0.1313438 0.6986936 0
-0.6854129 -0.1356895 0.7154007 0
-0.06409649 -0.07018906 -0.1871459 1

0.1571338 -0.9697453 -0.1868237 0
0.3864987 0.2344703 -0.8919881 0
0.9088056 0.06795447 0.4116485 0
-0.07625037 -0.009698689 -0.1828006 1

-0.03990358 -0.9987966 -0.02851787 0
0.9368615 -0.04732203 0.3464842 0
-0.3474167 -0.01289125 0.9376223 0
-0.07386103 -0.04249692 -0.1903794 1

0.6155413 -0.0382236 -0.787177 0
-0.6540785 0.5324211 -0.5373167 0
0.4396476 0.8456163 0.3027261 0
-0.08674138 -0.03808451 -0.2687354 1

0.4981754 -0.2311936 -0.8356858 0
0.1696105 0.9711615 -0.1675636 0
0.8503256 -0.05826508 0.5230216 0
-0.1784013 -0.02025551 -0.2514076 1

0.5453762 -0.1741848 -0.8198929 0
-0.3994761 0.8059176 -0.436939 0
0.7368743 0.5658237 0.3699456 0
-0.1469894 -0.03589475 -0.294072 1

0.5557441 -0.1227244 -0.8222452 0
-0.1922663 0.9432581 -0.2707362 0
0.8088152 0.30855 0.5006142 0
-0.1674098 -0.03071767 -0.2803912 1

-0.4361919 -0.8997658 -0.01258625 0
0.07645449 -0.02312037 -0.9968051 0
0.8966 -0.4357606 0.07887587 0
-0.04936039 -0.01248127 -0.1383551 1

0.1695985 -0.9745291 -0.1467302 0
-0.5118186 -0.2143317 0.831928 0
-0.8421866 -0.06599455 -0.5351323 0
-0.04044129 -0.06582898 -0.1636553 1

0.1206235 -0.9821329 -0.1444484 0
0.8314283 0.179455 -0.5258548 0
0.5423812 -0.05666788 0.8382192 0
-0.06328014 -0.001821101 -0.2127357 1

-0.104078 -0.9870925 -0.121724 0
-0.03048286 -0.1191652 0.9924065 0
-0.9941018 0.1069981 -0.01768672 0
-0.03723284 -0.04433316 -0.1768328 1

0.8670557 -0.4006434 -0.2961405 0
-0.2910118 0.07518832 -0.9537603 0
0.4043839 0.9131437 -0.05139951 0
-0.1045704 -0.02033424 -0.292425 1

0.6028762 -0.04660032 -0.7964727 0
0.4878822 0.8114204 0.3218191 0
0.6312774 -0.582602 0.5119215 0
-0.1732309 0.00973326 -0.2564728 1

0.5300754 -0.1109013 -0.840667 0
-0.03611344 0.9875584 -0.1530501 0
0.8471812 0.1114874 0.5194753 0
-0.1622216 -0.00518018 -0.3107091 1

0.5617328 -0.04044864 -0.8263294 0
0.3771169 0.901521 0.2122323 0
0.7363689 -0.4308408 0.5216678 0
-0.1745095 0.004193783 -0.2904383 1

-0.9243918 -0.06465328 0.3759252 0
0.00319623 0.9841834 0.1771237 0
-0.381431 0.1649332 -0.9095644 0
-0.002918995 -0.3239164 -0.006603335 1

0.8682598 0.4417848 -0.2257237 0
-0.01137275 -0.4371433 -0.8993199 0
-0.4959795 0.7834104 -0.3745297 0
-0.0973999 -0.3681358 0.0249388 1

-0.8624846 0.009864651 0.5059872 0
0.06881236 0.9928106 0.097939 0
-0.5013833 0.1192891 -0.8569626 0
-0.003178527 -0.2560361 0.004432831 1

0.9908255 -0.03867413 -0.1294961 0
0.0689906 -0.6791884 0.7307145 0
-0.116212 -0.7329445 -0.6702889 0
0.09070471 -0.3546928 -0.05315142 1

0.9975678 -0.06657685 0.02064532 0
-0.04301926 -0.354994 0.9338782 0
-0.05484572 -0.932495 -0.3569945 0
0.09968302 -0.4430811 0.04194247 1

-0.833083 -0.06381054 0.5494551 0
-0.05574197 0.9979519 0.0313805 0
-0.5503322 -0.004485158 -0.8349337 0
0.002342567 -0.1763789 0.01229087 1

0.9361212 0.3240489 -0.1366363 0
0.07859266 -0.5714688 -0.8168516 0
-0.3427833 0.7539335 -0.5604318 0
-0.09888015 -0.4250333 -0.09211454 1

-0.799321 -0.1167292 0.5894576 0
-0.1741242 0.9838578 -0.04128576 0
-0.5751233 -0.1356394 -0.8067436 0
-0.002768753 -0.0848707 0.01516834 1

0.9948289 0.07513587 0.06833875 0
0.03226402 -0.871788 0.4888201 0
0.09630483 -0.4840874 -0.8697038 0
0.09496767 -0.4819922 0.1443054 1

0.9564365 0.1558368 -0.2468689 0
-0.0282907 -0.7921591 -0.6096585 0
-0.2905667 0.5900838 -0.7532412 0
-0.09030095 -0.4874151 -0.1812824 1

-0.832482 -0.166409 0.528471 0
-0.1777376 0.9836282 0.0297485 0
-0.5247694 -0.06916405 -0.8484299 0
-0.02073107 0.01662213 0.01090938 1

0.9988674 -0.0005060732 0.04758161 0
0.02530651 -0.8411569 -0.5401988 0
0.04029697 0.5407912 -0.8401911 0
0.09833429 -0.5729594 0.1953116 1

-0.8698952 -0.2660248 -0.415347 0
0.4853103 -0.3112786 -0.8170553 0
0.08806854 -0.9123246 0.3998844 0
0.01689031 0.007080257 -0.01447637 1

0.9898384 0.1268183 -0.06432122 0
-0.04161802 -0.1741587 -0.9838377 0
-0.1359707 0.9765173 -0.1671111 0
-0.09321478 -0.5690048 -0.2440751 1

0.4885065 0.1944376 0.8506206 0
-0.7299427 -0.4430462 0.5204747 0
0.4780641 -0.8751596 -0.07450248 0
-0.05313021 -0.003134072 0.03757474 1

-0.9844837 -0.1103102 0.1364674 0
-0.1355719 0.9719054 -0.1924068 0
-0.1114091 -0.2079225 -0.9717799 0
-0.02184077 0.09345251 0.03335424 1

-0.3602692 0.3216873 0.8756275 0
-0.6770214 -0.7359178 -0.008193463 0
0.6417542 -0.5957704 0.4829179 0
-0.1207569 -0.04418081 0.08579492 1

-0.9249815 0.01657762 -0.3796503 0
0.2552661 -0.7129842 -0.6530641 0
-0.2815108 -0.7009842 0.6552654 0
0.06185051 -0.0217573 -0.09017015 1

-0.07494528 -0.9762776 -0.2031397 0
0.4517545 0.1483687 -0.8797188 0
0.8889892 -0.1576999 0.429918 0
-0.1782669 -0.1066938 0.08509891 1

0.3431152 0.6374425 -0.6898834 0
-0.9288795 0.1212046 -0.3499893 0
-0.139481 0.7609051 0.6336943 0
0.0835809 -0.08245254 -0.1457645 1

0.1842817 -0.936508 -0.2983178 0
0.08509097 0.3175778 -0.9444069 0
0.9791836 0.1486528 0.1382121 0
-0.09476566 -0.07926965 -0.07750621 1

0.5065268 -0.3582939 -0.784255 0
-0.8042901 0.1314425 -0.5795173 0
0.3107218 0.9243097 -0.2215931 0
-0.08812014 -0.06004816 -0.2104591 1

0.09978464 -0.989965 -0.1000633 0
0.1218133 0.1119629 -0.9862181 0
0.9875247 0.0862205 0.131763 0
-0.08801664 -0.05340415 -0.1547956 1

0.3692514 -0.9284624 -0.04014005 0
0.3084175 0.163174 -0.9371518 0
0.87666 0.3336647 0.3466062 0
-0.08389442 -0.08229703 -0.1575536 1

0.16896 -0.965269 -0.199271 0
0.1866884 0.22986 -0.9551504 0
0.9677812 0.1241808 0.2190415 0
-0.09245679 -0.02429307 -0.1521421 1

-0.1052263 -0.519312 -0.8480819 0
0.5002556 0.7094111 -0.4964681 0
0.8594604 -0.4764992 0.18514 0
-0.08706408 -0.04574853 -0.09235779 1

0.5962757 -0.1962186 -0.7784303 0
-0.6659532 0.4205782 -0.6161335 0
0.4482874 0.8857835 0.1201082 0
-0.1561749 -0.05274409 -0.2619321 1

0.5412503 -0.3431313 -0.7676646 0
-0.6733332 0.3699725 -0.6401113 0
0.5036569 0.8633545 -0.03079394 0
-0.1717123 -0.03745157 -0.2369298 1

0.8869793 -0.3242081 -0.328872 0
-0.2040386 0.3637388 -0.9088796 0
0.4142896 0.8732601 0.2564779 0
-0.09043754 -0.05634409 -0.2484552 1

0.5814414 -0.2215743 -0.7828351 0
-0.6661061 0.4228341 -0.6144216 0
0.4671492 0.8787013 0.09826128 0
-0.1371429 -0.05718404 -0.277091 1

3.707185 -1.49658 -0.1305115 0
1.45524 3.491311 1.301168 0
-0.3729113 -1.253398 3.780203 0
-0.05691171 -0.007770121 -0.2417071 1

-0.4256776 -0.8708191 -0.2459131 0
0.3359239 0.1002639 -0.9365376 0
0.8402109 -0.4812711 0.2498488 0
-0.07297812 -0.02794433 -0.1119249 1

0.1958841 -0.9806268 0.001165971 0
0.7063267 0.1419163 0.6935147 0
-0.6802444 -0.1350249 0.7204418 0
-0.07328251 -0.07660294 -0.1898755 1

0.1631088 -0.9700198 -0.1801591 0
0.3795992 0.2302488 -0.8960415 0
0.9106593 0.07776408 0.4057742 0
-0.08585138 -0.01616985 -0.1859318 1

-0.03279014 -0.9992529 -0.02047954 0
0.9391758 -0.03781459 0.3413492 0
-0.3418685 -0.008041184 0.9397137 0
-0.08326714 -0.04900843 -0.193268 1

0.6147606 -0.04328268 -0.7875252 0
-0.6552709 0.5276893 -0.5405219 0
0.4389638 0.848334 0.2960408 0
-0.1011344 -0.04371148 -0.2741883 1

0.4975722 -0.2367419 -0.8344908 0
0.1682853 0.9701027 -0.1748728 0
0.8509418 -0.05342089 0.5225364 0
-0.1927971 -0.02586341 -0.2568949 1

0.5447221 -0.1795631 -0.8191673 0
-0.4008873 0.8022152 -0.4424251 0
0.7365916 0.5693926 0.3649997 0
-0.1614115 -0.04177874 -0.2994765 1

0.5550265 -0.1281091 -0.8219085 0
-0.1936662 0.9410169 -0.2774549 0
0.808974 0.3131706 0.497479 0
-0.1818237 -0.03652531 -0.2858126 1

-0.4296905 -0.9029717 -0.003001019 0
0.07083726 -0.03039513 -0.9970249 0
0.9001939 -0.4286244 0.0770244 0
-0.05868448 -0.01840848 -0.1416242 1

0.1758403 -0.9743981 -0.1401031 0
-0.5054087 -0.2114906 0.8365609 0
-0.8447739 -0.07629183 -0.5296578 0
-0.04952385 -0.07188725 -0.1665586 1

0.126936 -0.9823381 -0.1374751 0
0.8270342 0.181334 -0.5321022 0
0.5476331 -0.04615366 0.835445 0
-0.07311278 -0.008433878 -0.2160029 1

-0.09758767 -0.9887459 -0.1133969 0
-0.0238561 -0.111584 0.9934689 0
-0.9949411 0.09965546 -0.01269853 0
-0.04654859 -0.05047292 -0.1799223 1

0.8672181 -0.4017889 -0.2941056 0
-0.2921003 0.06783629 -0.9539789 0
0.403249 0.9132162 -0.05853394 0
-0.1190092 -0.02615672 -0.2979887 1

0.6020955 -0.05174256 -0.7967458 0
0.4872587 0.8143363 0.3153335 0
0.6325028 -0.5780821 0.5155202 0
-0.1876675 0.004093349 -0.2621858 1

0.5293245 -0.1164519 -0.8403894 0
-0.0374425 0.9863641 -0.1602627 0
0.8475927 0.1162972 0.5177463 0
-0.1766974 -0.01120526 -0.3163227 1

0.5609137 -0.04585869 -0.8266033 0
0.3762721 0.9034987 0.2052048 0
0.7374249 -0.4261301 0.5240403 0
-0.1889752 -0.001697004 -0.2961082 1

-0.8761082 -0.06999306 0.4770066 0
-0.009870009 0.9918019 0.1274029 0
-0.4820134 0.1069107 -0.8696167 0
-0.00889451 -0.3204761 0.0001237822 1

0.9189112 0.3593182 -0.1627662 0
-0.1142254 -0.1525661 -0.9816701 0
-0.3775645 0.9206596 -0.09915127 0
-0.09795384 -0.365535 0.04388495 1

-0.8138042 -0.01632112 0.5809098 0
0.02698187 0.9974663 0.06582385 0
-0.5805123 0.06924176 -0.8113021 0
-0.01017888 -0.2521449 0.007791319 1

0.9724379 -0.1826429 -0.144935 0
-0.001646489 -0.6269695 0.7790421 0
-0.2331563 -0.7573314 -0.6099896 0
0.08014521 -0.3510889 -0.05477699 1

0.9859086 -0.1590361 -0.051884 0
-0.04336151 -0.5425038 0.8389336 0
-0.161568 -0.824862 -0.5417551 0
0.07993095 -0.4326816 0.04660618 1

-0.7918412 -0.0754597 0.6060473 0
-0.08946788 0.9959643 0.007112983 0
-0.6041382 -0.0485894 -0.7953968 0
-0.008014011 -0.1721142 0.01307263 1

0.9286257 0.3103017 -0.2033896 0
0.1266411 -0.7803696 -0.6123605 0
-0.3487355 0.5428962 -0.7639681 0
-0.1128212 -0.3853926 -0.08388689 1

-0.7675627 -0.120058 0.6296297 0
-0.1996393 0.978219 -0.05684709 0
-0.6090909 -0.1693325 -0.7748128 0
-0.01621786 -0.0807882 0.01372486 1

0.9945716 0.05551165 0.08801094 0
0.02610582 -0.9518753 0.3053718 0
0.1007271 -0.3014164 -0.9481574 0
0.07517807 -0.4921458 0.1385621 1

0.8946097 0.2140299 -0.3922559 0
-0.1093783 -0.7462373 -0.6566326 0
-0.433255 0.6303341 -0.6441808 0
-0.09899695 -0.4705781 -0.1507324 1

-0.8065856 -0.1837175 0.561843 0
-0.2016709 0.9789754 0.03059592 0
-0.5556514 -0.08862914 -0.8266779 0
-0.03681225 0.02012295 0.007860639 1

0.9999528 0.001508668 0.00959146 0
0.009683281 -0.2273083 -0.9737748 0
0.0007111281 0.9738218 -0.2273123 0
0.0779021 -0.5914697 0.1704264 1

-0.8818277 -0.2964649 -0.3667265 0
0.4536154 -0.3207191 -0.8314881 0
0.1288908 -0.8995821 0.4173001 0
-0.0002104761 0.01080662 -0.01905345 1

0.9470088 0.1825626 -0.2642823 0
-0.2491676 -0.101706 -0.9631052 0
-0.2027061 0.9779196 -0.05082778 0
-0.1102626 -0.5474381 -0.2183634 1

0.499118 0.2467183 0.8306691 0
-0.6998373 -0.4505147 0.5543142 0
0.5109881 -0.8580015 -0.0521974 0
-0.06742968 0.0003111362 0.03651588 1

-0.9823573 -0.1222369 0.1415356 0
-0.1511273 0.964673 -0.2157931 0
-0.1101575 -0.2333759 -0.9661268 0
-0.03901716 0.09706038 0.02985312 1

-0.3462298 0.3082619 0.8860583 0
-0.6348898 -0.7723276 0.02060971 0
0.6906807 -0.5554137 0.4631153 0
-0.1322672 -0.04142743 0.08787117 1

-0.9192907 -0.0275165 -0.3926162 0
0.2872086 -0.7289577 -0.6213952 0
-0.269102 -0.6840054 0.678027 0
0.04181344 -0.01890558 -0.09608428 1

-0.02552816 -0.9809612 -0.1925186 0
0.397341 0.1667589 -0.9023922 0
0.9173159 -0.09953201 0.3855191 0
-0.1861983 -0.1070333 0.08962189 1

0.3283974 0.6277462 -0.7057549 0
-0.9354206 0.1125704 -0.335136 0
-0.1309333 0.7702355 0.6241745 0
0.06626305 -0.08096057 -0.1489827 1

0.1851838 -0.9387453 -0.2906274 0
0.08777469 0.3103612 -0.9465578 0
0.9787761 0.1497774 0.1398718 0
-0.1127547 -0.07621002 -0.07717414 1

0.5065135 -0.3639148 -0.7816713 0
-0.8051879 0.1246314 -0.5797753 0
0.3084097 0.9230564 -0.2298922 0
-0.1066471 -0.06015229 -0.2109317 1

0.1001229 -0.9906928 -0.09221279 0
0.1246274 0.1044357 -0.9866922 0
0.987139 0.08729827 0.1339238 0
-0.105786 -0.05093509 -0.1546392 1

0.3694139 -0.9287142 -0.0319909 0
0.3110876 0.1560342 -0.937485 0
0.8756471 0.3363681 0.3465525 0
-0.1016544 -0.07984787 -0.1571646 1

0.1695804 -0.9667499 -0.1914081 0
0.1894071 0.2225715 -0.9563406 0
0.967144 0.1259225 0.2208529 0
-0.1102353 -0.02180493 -0.1522208 1

-0.1027728 -0.5257823 -0.8443877 0
0.5016356 0.7056355 -0.50044 0
0.8589525 -0.4750068 0.191231 0
-0.1050125 -0.04280263 -0.09225923 1

0.5959035 -0.2015944 -0.7773409 0
-0.6675403 0.4137497 -0.6190324 0
0.446418 0.88779 0.1119827 0
-0.1747718 -0.05344534 -0.2623935 1

0.5412202 -0.3485317 -0.7652493 0
-0.6748316 0.3629224 -0.6425649 0
0.5016804 0.8641835 -0.0387792 0
-0.1903176 -0.03797239 -0.2375076 1

0.8873631 -0.3250463 -0.3270039 0
-0.2058047 0.3554206 -0.9117678 0
0.4125907 0.8763681 0.2484909 0
-0.1090125 -0.05678147 -0.248956 1

0.5811217 -0.2270205 -0.781511 0
-0.6676967 0.4160199 -0.61734 0
0.465273 0.8805621 0.09017733 0
-0.1557457 -0.05797338 -0.2775338 1

3.707622 -1.497255 -0.1084758 0
1.451328 3.501256 1.278618 0
-0.3836541 -1.224516 3.788585 0
-0.07443514 -0.005963981 -0.2418074 1

-0.4249261 -0.8727037 -0.2404704 0
0.3385954 0.09313259 -0.9363115 0
0.8395182 -0.4792857 0.2559191 0
-0.09087155 -0.02514738 -0.1119215 1

0.1959319 -0.9805743 0.009216502 0
0.7043327 0.1472621 0.6944273 0
-0.6822947 -0.129569 0.719504 0
-0.09095041 -0.07440001 -0.1894986 1

0.1636747 -0.9713551 -0.1722772 0
0.382148 0.2234264 -0.8966848 0
0.9094908 0.08092929 0.4077707 0
-0.1035337 -0.01393956 -0.1860526 1

-0.03267834 -0.9993822 -0.01293992 0
0.9381976 -0.03513591 0.3443122 0
-0.3445542 -0.000888776 0.9387661 0
-0.1009268 -0.04683298 -0.1931303 1

0.6140347 -0.04870169 -0.787775 0
-0.6570203 0.5215333 -0.5443594 0
0.4373621 0.85184 0.2882416 0
-0.1197646 -0.04439551 -0.2747856 1

0.4972331 -0.2428214 -0.8329448 0
0.1659193 0.9689319 -0.1834176 0
0.8516045 -0.04700023 0.5220736 0
-0.2114491 -0.02660435 -0.2575496 1

0.5442701 -0.1854068 -0.8181654 0
-0.403153 0.7974652 -0.4489062 0
0.7356887 0.574172 0.3592891 0
-0.1800722 -0.04281628 -0.3000256 1

0.554456 -0.1339555 -0.8213617 0
-0.1960727 0.9381498 -0.2853603 0
0.8087857 0.3192662 0.4938975 0
-0.2004819 -0.0374909 -0.2863859 1

-0.4296321 -0.9030002 0.002667725 0
0.07369003 -0.03800438 -0.996557 0
0.8999925 -0.4279563 0.08286983 0
-0.07649354 -0.01583761 -0.1416517 1

0.1762919 -0.9754264 -0.1321527 0
-0.5077879 -0.2051324 0.8367034 0
-0.8432513 -0.08039842 -0.531473 0
-0.06725877 -0.06950462 -0.1661506 1

0.1273808 -0.9833498 -0.1296041 0
0.8285429 0.1773263 -0.5311047 0
0.5452439 -0.03973008 0.8373355 0
-0.0907096 -0.006432593 -0.2161454 1

-0.09721042 -0.9895903 -0.1061197 0
-0.0266915 -0.1039942 0.9942198 0
-0.9949058 0.09948102 -0.01630419 0
-0.06424647 -0.0481928 -0.1796689 1

0.8678131 -0.4023681 -0.2915482 0
-0.2932473 0.05894311 -0.954218 0
0.4011316 0.9135783 -0.06684175 0
-0.1377036 -0.02708703 -0.2987177 1

0.6013791 -0.05726912 -0.7969087 0
0.4857537 0.8181182 0.3077757 0
0.6343397 -0.5721909 0.5198179 0
-0.2063925 0.003316939 -0.2631043 1

0.5287085 -0.1225159 -0.8399151 0
-0.03982934 0.9848574 -0.1687298 0
0.8478686 0.1226622 0.5158225 0
-0.1954444 -0.01242375 -0.3171187 1

0.5601531 -0.05173574 -0.8267723 0
0.3744517 0.9060779 0.1969996 0
0.7389282 -0.4199362 0.5269148 0
-0.2077225 -0.002768874 -0.2969742 1

-0.8377033 -0.07054629 0.54155 0
0.01264294 0.9888508 0.1483719 0
-0.5459792 0.1311384 -0.8274717 0
-0.0108434 -0.3188357 0.004547814 1

0.9151692 0.3407384 -0.2153205 0
-0.2135689 -0.0431295 -0.9759755 0
-0.341839 0.9391684 0.03330047 0
-0.09684768 -0.3638369 0.05409645 1

-0.7892418 -0.04514911 0.6124206 0
0.001078071 0.9971902 0.07490458 0
-0.6140817 0.05977804 -0.7869754 0
-0.01066014 -0.250677 0.01371015 1

0.9519977 -0.234523 -0.1967221 0
-0.03410941 -0.7199329 0.6932051 0
-0.3041991 -0.6532195 -0.6933737 0
0.07331693 -0.3492416 -0.05767623 1

0.9764154 -0.1926799 -0.09740481 0
-0.01471266 -0.5094879 0.8603522 0
-0.215399 -0.8386278 -0.5003065 0
0.068878 -0.4429324 0.03253626 1

-0.7772945 -0.09127302 0.6224809 0
-0.1077619 0.9941136 0.01120195 0
-0.6198392 -0.05837253 -0.7825548 0
-0.01057365 -0.1706684 0.01972004 1

0.9121189 0.2748149 -0.3041645 0
0.1443545 -0.909803 -0.389128 0
-0.3836678 0.3110233 -0.8695191 0
-0.1246453 -0.3694505 -0.0729342 1

-0.7631458 -0.1290597 0.6332078 0
-0.2114863 0.9757753 -0.056003 0
-0.6106408 -0.1766533 -0.771953 0
-0.02045499 -0.07951212 0.02074722 1

0.9912064 0.01845332 0.1310323 0
0.01934112 -0.9997979 -0.005505815 0
0.1309043 0.007991824 -0.9913629 0
0.06726532 -0.4987777 0.1268399 1

0.8407407 0.1982742 -0.503828 0
-0.132123 -0.827277 -0.5460373 0
-0.5250703 0.5256429 -0.6693286 0
-0.1088875 -0.468765 -0.1154116 1

-0.8043301 -0.1966609 0.5606939 0
-0.2123051 0.976467 0.03793412 0
-0.5549591 -0.08852662 -0.8271538 0
-0.04227149 0.02114695 0.01497006 1

0.9996107 -0.001807015 0.02784368 0
0.02789062 0.03572992 -0.9989722 0
0.0008102804 0.9993599 0.03576627 0
0.06928349 -0.6031021 0.1262654 1

-0.8799483 -0.3069519 -0.36259 0
0.4535106 -0.3154376 -0.8335631 0
0.1414892 -0.8979307 0.4167747 0
-0.005687519 0.01226133 -0.01211335 1

0.8958193 0.191029 -0.4012679 0
-0.3584647 -0.223129 -0.9064859 0
-0.2626995 0.9558879 -0.1314059 0
-0.1224957 -0.5539718 -0.1716516 1

0.4677123 0.2806701 0.8381345 0
-0.6983626 -0.4638952 0.5450608 0
0.5417888 -0.8402534 -0.02095997 0
-0.07251813 0.000977695 0.04376932 1

-0.9837149 -0.1288498 0.125311 0
-0.1539242 0.9639156 -0.2171968 0
-0.09280348 -0.2329482 -0.968051 0
-0.04530571 0.0978902 0.03753477 1

-0.343204 0.270885 0.8993511 0
-0.5977646 -0.8015612 0.01331598 0
0.724492 -0.5330301 0.4370245 0
-0.137219 -0.04200059 0.09426732 1

-0.9207824 -0.01809061 -0.3896569 0
0.2808612 -0.7239582 -0.6300806 0
-0.2706966 -0.6896066 0.671689 0
0.03632667 -0.01696151 -0.08933643 1

0.02654426 -0.9773107 -0.2101429 0
0.3565087 0.2056491 -0.9113784 0
0.9339151 -0.05072588 0.3538782 0
-0.1879965 -0.1100898 0.09539845 1

0.3297462 0.6402532 -0.6937892 0
-0.932457 0.1059659 -0.3453917 0
-0.1476201 0.7608202 0.6319502 0
0.06023597 -0.07859099 -0.1429742 1

0.1856762 -0.9322063 -0.310671 0
0.09317207 0.3314472 -0.938862 0
0.9781837 0.1453786 0.1483972 0
-0.1221003 -0.07207805 -0.07305853 1

0.5079956 -0.3556554 -0.784506 0
-0.8032167 0.1333552 -0.5805679 0
0.3111001 0.9250544 -0.2179244 0
-0.1121264 -0.05900347 -0.206819 1

0.09949969 -0.988494 -0.1139286 0
0.1300067 0.12643 -0.9834196 0
0.9865081 0.08303855 0.1410905 0
-0.11469 -0.04507715 -0.1498978 1

0.3685352 -0.9282194 -0.05090006 0
0.3162598 0.1766776 -0.9320759 0
0.8741634 0.3274051 0.3586701 0
-0.1105775 -0.07393104 -0.1530506 1

0.1695123 -0.9624143 -0.2121905 0
0.1947563 0.2437732 -0.9500762 0
0.9660931 0.1197242 0.2287586 0
-0.1191194 -0.01600319 -0.1468488 1

-0.0988577 -0.5065441 -0.8565283 0
0.5050912 0.7160805 -0.4817803 0
0.8573856 -0.4802526 0.1850607 0
-0.1142401 -0.03834975 -0.08734749 1

0.5977278 -0.1935978 -0.7779725 0
-0.6648225 0.4226159 -0.6159603 0
0.4480322 0.8853901 0.1239013 0
-0.1800856 -0.05152929 -0.2583936 1

0.5426878 -0.3405473 -0.7678005 0
-0.6721561 0.3720903 -0.640121 0
0.5036826 0.8634677 -0.02697204 0
-0.19567 -0.03632092 -0.2333692 1

0.8876002 -0.3230809 -0.3283055 0
-0.2023628 0.3667688 -0.9080362 0
0.4137814 0.8724102 0.2601646 0
-0.1143734 -0.05517238 -0.2448068 1

0.5829026 -0.2189391 -0.7824897 0
-0.6649787 0.4248661 -0.6142412 0
0.4669347 0.8783817 0.1020655 0
-0.1610254 -0.05591804 -0.2735319 1

3.706463 -1.49905 -0.1224265 0
1.44842 3.469827 1.364692 0
-0.4052364 -1.308876 3.758009 0
-0.08282398 0.001802623 -0.2358653 1

-0.4246181 -0.8665498 -0.2622812 0
0.3436903 0.1137313 -0.9321709 0
0.837602 -0.4859602 0.2495322 0
-0.09997468 -0.0202747 -0.1065325 1

0.1947777 -0.9807768 -0.01179039 0
0.7007833 0.1307418 0.7012914 0
-0.6862687 -0.1448584 0.7127774 0
-0.09969503 -0.06777114 -0.1851966 1

0.1634995 -0.9674411 -0.1931997 0
0.3871772 0.2430475 -0.8893942 0
0.9073929 0.07061309 0.4143088 0
-0.1122286 -0.007387817 -0.1804591 1

-0.03373228 -0.9987976 -0.03557722 0
0.9363073 -0.04403219 0.3484104 0
-0.3495582 -0.02155857 0.9366668 0
-0.1096209 -0.04011708 -0.1882606 1

0.6162242 -0.04063179 -0.786522 0
-0.6542845 0.529474 -0.5399714 0
0.438383 0.8473526 0.2996899 0
-0.1250228 -0.04245418 -0.2705172 1

0.4991302 -0.2339365 -0.8343518 0
0.1685754 0.970687 -0.1713161 0
0.8499715 -0.05514221 0.523935 0
-0.2167181 -0.02466673 -0.2533347 1

0.5462493 -0.1768077 -0.8187496 0
-0.4000933 0.8036779 -0.4404852 0
0.7358921 0.5681908 0.3682688 0
-0.1852529 -0.04043871 -0.2959109 1

0.5565572 -0.1253446 -0.8212997 0
-0.1931839 0.9419332 -0.2746672 0
0.8080373 0.3115297 0.500025 0
-0.2056906 -0.03523165 -0.2822675 1

-0.430655 -0.9022971 -0.01991403 0
0.07896265 -0.01568897 -0.9967542 0
0.8990561 -0.4308297 0.07800409 0
-0.08542781 -0.01031691 -0.1359692 1

0.1758978 -0.9724287 -0.1531104 0
-0.5124747 -0.2232537 0.8291731 0
-0.8404938 -0.06738457 -0.5376147 0
-0.07612281 -0.0634312 -0.161619 1

0.126965 -0.9803466 -0.1510002 0
0.8315633 0.1881875 -0.5225785 0
0.5407242 -0.05921707 0.8391132 0
-0.09923563 0.0007776618 -0.210307 1

-0.09775522 -0.9868339 -0.1288545 0
-0.03211188 -0.1262796 0.991475 0
-0.9946923 0.1010596 -0.01934451 0
-0.07301445 -0.0418247 -0.1746386 1

0.8677776 -0.400778 -0.2938354 0
-0.2903301 0.07101627 -0.9542878 0
0.4033246 0.9134187 -0.05473158 0
-0.1428539 -0.02482051 -0.2942921 1

0.6035765 -0.04906112 -0.7957941 0
0.4866431 0.813292 0.3189586 0
0.6315647 -0.5797837 0.5147592 0
-0.2115798 0.005307615 -0.2585159 1

0.5308892 -0.1136264 -0.8397892 0
-0.03717975 0.9868934 -0.157034 0
0.8466253 0.1145908 0.5197061 0
-0.2005085 -0.009809554 -0.3126831 1

0.5624499 -0.0430788 -0.8257084 0
0.3758582 0.9028189 0.2089226 0
0.7364652 -0.4278578 0.523982 0
-0.2128242 -0.0003692508 -0.2924598 1

-0.8237323 -0.0285284 0.5662608 0
0.06706785 0.9868186 0.147279 0
-0.5629982 0.1592963 -0.8109609 0
-0.00964186 -0.3204564 0.004741233 1

0.9131168 0.2849611 -0.2915738 0
-0.2853788 -0.06401054 -0.9562749 0
-0.2911648 0.9563995 0.02287292 0
-0.09630223 -0.3610902 0.05685439 1

-0.7990243 -0.02820419 0.6006368 0
0.01278949 0.9978762 0.06387123 0
-0.6011627 0.05871651 -0.7969667 0
-0.005737701 -0.252402 0.01384916 1

0.9367968 -0.205231 -0.2833585 0
-0.009278417 -0.8241751 0.5662591 0
-0.3497509 -0.5278406 -0.7739888 0
0.07098533 -0.3550289 -0.05993723 1

0.9740325 -0.2096368 -0.08551666 0
-0.01692855 -0.4440865 0.895824 0
-0.2257745 -0.871114 -0.4361036 0
0.06977786 -0.4622856 0.01375474 1

-0.7887108 -0.07656468 0.609978 0
-0.1006072 0.9949126 -0.00520484 0
-0.6064763 -0.06547332 -0.7924013 0
-0.004711549 -0.1723384 0.01897381 1

0.921948 0.17476 -0.345646 0
0.1510035 -0.9839838 -0.09473176 0
-0.3566653 0.0351438 -0.9335711 0
-0.1334465 -0.3694216 -0.06761208 1

-0.7746612 -0.1211008 0.6206726 0
-0.212196 0.9743654 -0.0747311 0
