MeshAnim
1
15
47
30
-0.6477113 -0.05573721 0.7598444 0
0.117704 0.9780264 0.1720757 0
-0.7527389 0.2008921 -0.6269183 0
0.00747307 -0.3073472 0.00151849 1

0.517806 0.2193544 -0.8268982 0
-0.4667752 -0.737577 -0.4879558 0
-0.7169365 0.6386421 -0.2795327 0
-0.06317022 -0.3504193 0.07244961 1

-0.9132377 -0.08533151 0.3983911 0
-0.05491324 0.9946786 0.08717216 0
-0.4037097 0.05773196 -0.9130638 0
0.01462057 -0.2398451 0.01256272 1

0.8162023 0.09650534 -0.5696496 0
-0.3328777 -0.7273173 -0.6001682 0
-0.4722354 0.6794823 -0.5615137 0
0.06790619 -0.3387423 -0.08357848 1

0.8888333 -0.02291983 -0.4576574 0
0.4054957 -0.4258272 0.8088539 0
-0.2134218 -0.9045141 -0.3691955 0
0.02458609 -0.4333941 -0.1616833 1

-0.9028656 -0.1084249 0.4160261 0
-0.1220024 0.9925111 -0.006102771 0
-0.4122487 -0.05626617 -0.9093323 0
0.01021466 -0.1600381 0.0195569 1

0.6176965 0.1375613 -0.7742919 0
0.5748243 -0.7508962 0.3251649 0
-0.5366827 -0.6459349 -0.5428995 0
-0.1239246 -0.4464206 0.008938441 1

-0.8916556 -0.1247504 0.435187 0
-0.1855794 0.9775259 -0.1000172 0
-0.4129294 -0.1699426 -0.8947675 0
-0.0009724838 -0.06902868 0.0189973 1

0.7442122 0.09942076 -0.6605027 0
0.1584931 -0.9869034 0.03002837 0
-0.6488668 -0.1270325 -0.750223 0
0.06903268 -0.4800693 -0.07302441 1

0.5046467 0.07624695 -0.8599524 0
-0.5721778 -0.716367 -0.3992877 0
-0.6464862 0.693545 -0.3178854 0
-0.0611765 -0.5283887 0.0444336 1

-0.9036703 -0.1208953 0.4108094 0
-0.1766385 0.9791408 -0.1004102 0
-0.3901012 -0.1633024 -0.9061751 0
-0.02011649 0.03181094 0.00867972 1

0.7449956 0.00875235 -0.667012 0
-0.6002266 -0.4274772 -0.6760112 0
-0.2910492 0.9039837 -0.3132153 0
0.08557074 -0.5830482 -0.06989109 1

-0.7719482 -0.2991918 -0.5608747 0
0.6348207 -0.3168201 -0.7047183 0
0.03314956 -0.9000607 0.4345016 0
0.02175318 0.02271086 -0.009067759 1

0.6093143 0.02934844 -0.7923856 0
-0.792161 0.06649748 -0.6066785 0
0.03488646 0.9973549 0.06376652 0
-0.1201089 -0.6021721 0.003308306 1

0.3592629 0.2103252 0.9092269 0
-0.7938624 -0.443323 0.4162298 0
0.4906249 -0.8713368 0.007699847 0
-0.05643273 0.01180345 0.02946169 1

-0.977463 -0.1524356 0.1460463 0
-0.1822627 0.9584403 -0.219482 0
-0.1065198 -0.2411544 -0.9646233 0
-0.02434383 0.1105364 0.02254845 1

-0.4218163 0.2600691 0.8685822 0
-0.6376138 -0.7661653 -0.08024555 0
0.6446083 -0.5876688 0.4890048 0
-0.1299814 -0.02926886 0.06802395 1

-0.9023721 0.2135567 -0.3743235 0
0.1342527 -0.6860629 -0.7150481 0
-0.4095128 -0.6954933 0.5904135 0
0.08056433 -0.006640017 -0.07435438 1

0.1103998 -0.9598756 -0.2577799 0
0.5168237 0.2769844 -0.8100451 0
0.8489436 -0.04379794 0.5266654 0
-0.1841438 -0.09435123 0.06120745 1

0.4684562 0.6408173 -0.6081957 0
-0.8637066 0.1873238 -0.4678894 0
-0.1859022 0.7444882 0.6412312 0
0.09199306 -0.06504351 -0.1352253 1

0.1732062 -0.9354406 -0.3081408 0
0.06900394 0.3236269 -0.9436653 0
0.9824654 0.1421857 0.1206032 0
-0.08861539 -0.04315406 -0.08851939 1

0.4904121 -0.35885 -0.7941806 0
-0.8149046 0.1341958 -0.5638456 0
0.3089118 0.923698 -0.2266172 0
-0.06766097 -0.03041714 -0.2217135 1

0.09217519 -0.9897937 -0.1086861 0
0.1037445 0.1181029 -0.9875672 0
0.9903237 0.07975353 0.1135718 0
-0.08318357 -0.01679224 -0.1657449 1

0.3630783 -0.9302232 -0.05347276 0
0.2915372 0.1679236 -0.9417049 0
0.8849748 0.3263232 0.3321639 0
-0.0792806 -0.04568809 -0.1687776 1

0.1595991 -0.9648002 -0.2090189 0
0.1698729 0.2354156 -0.9569342 0
0.9724565 0.117219 0.2014655 0
-0.08740515 0.01232427 -0.1628091 1

-0.1242635 -0.5128272 -0.849451 0
0.4948293 0.7100087 -0.5010308 0
0.8600597 -0.4825932 0.1655336 0
-0.08100394 -0.009574652 -0.1032857 1

0.5806947 -0.1970224 -0.7899215 0
-0.676514 0.422996 -0.6028292 0
0.4529045 0.8844528 0.1123432 0
-0.1366711 -0.02287751 -0.2718637 1

0.5254889 -0.3437976 -0.7782447 0
-0.68449 0.3724349 -0.6267104 0
0.5053068 0.8620298 -0.03961557 0
-0.1516843 -0.007569015 -0.2465529 1

0.8796248 -0.3262522 -0.34615 0
-0.2204581 0.3652155 -0.9044422 0
0.4214957 0.8718814 0.2493277 0
-0.07069714 -0.02666795 -0.2596546 1

0.56571 -0.2223337 -0.7940654 0
-0.6766281 0.4252505 -0.6011127 0
0.4713244 0.8773426 0.09013124 0
-0.1179455 -0.02735311 -0.2873894 1

3.695377 -1.516454 -0.2110847 0
1.499691 3.47398 1.29707 0
-0.3084103 -1.27743 3.77797 0
-0.05346929 0.02926689 -0.2529182 1

-0.4352627 -0.8666884 -0.2437162 0
0.3186869 0.1048571 -0.9420422 0
0.8420126 -0.4877051 0.2305619 0
-0.06718917 0.008285105 -0.1229949 1

0.1902276 -0.9816965 -0.009240694 0
0.7201463 0.1331362 0.6809292 0
-0.6672356 -0.1361862 0.7322913 0
-0.06925049 -0.03982997 -0.2012556 1

0.1540836 -0.9696506 -0.1898313 0
0.3638679 0.2343098 -0.9014984 0
0.9186177 0.06983258 0.388928 0
-0.08139464 0.02064395 -0.1966619 1

-0.03891824 -0.9988865 -0.02666474 0
0.9452429 -0.04545568 0.3231873 0
-0.3240393 -0.01262676 0.9459596 0
-0.07913882 -0.01215702 -0.2042697 1

0.5994153 -0.04412731 -0.799221 0
-0.6640933 0.5300007 -0.5273324 0
0.4468576 0.8468483 0.2883859 0
-0.08185157 -0.01398039 -0.2851652 1

0.4808242 -0.2372228 -0.844117 0
0.1675215 0.969826 -0.1771278 0
0.8606654 -0.05624025 0.5060558 0
-0.1731169 0.00409621 -0.2660985 1

0.5284147 -0.1801871 -0.8296448 0
-0.4071317 0.8037413 -0.4338704 0
0.7449977 0.5670383 0.351349 0
-0.1425974 -0.01185983 -0.30929 1

0.538803 -0.128758 -0.8325338 0
-0.1964085 0.9418171 -0.272772 0
0.8192163 0.3104872 0.4821647 0
-0.1627293 -0.006565571 -0.2952318 1

-0.4348571 -0.9004989 -0.000996232 0
0.05175364 -0.02388756 -0.9983742 0
0.899011 -0.4342017 0.05699161 0
-0.05340629 0.01794595 -0.1528946 1

0.1675468 -0.9743773 -0.1500575 0
-0.4906744 -0.2144357 0.8445451 0
-0.8550833 -0.06787133 -0.51403 0
-0.04502751 -0.03540963 -0.1783624 1

0.1186559 -0.9820606 -0.1465535 0
0.8178308 0.1803622 -0.5464637 0
0.5630931 -0.05501491 0.8245604 0
-0.06918397 0.02851623 -0.2269162 1

-0.1054039 -0.9873727 -0.1182606 0
-0.005665839 -0.1183249 0.9929588 0
-0.9944133 0.105332 0.006877691 0
-0.04218292 -0.01392025 -0.1916339 1

0.8603245 -0.4038155 -0.3110868 0
-0.3101693 0.06959705 -0.9481304 0
0.4045206 0.9121892 -0.06537524 0
-0.1001322 0.003646672 -0.3086012 1

0.5865526 -0.05254426 -0.808205 0
0.4954215 0.8127018 0.3067142 0
0.6407134 -0.5803061 0.5027237 0
-0.1680088 0.03404444 -0.2714577 1

0.512784 -0.1170132 -0.8505061 0
-0.03784277 0.9866244 -0.1585564 0
0.8576831 0.1134907 0.501497 0
-0.158121 0.01877183 -0.32581 1

0.5448215 -0.046519 -0.837261 0
0.3825835 0.9022745 0.1988232 0
0.74619 -0.4286452 0.5093758 0
-0.1699828 0.02829236 -0.3053544 1

-0.6510224 -0.03715781 0.7581485 0
0.190991 0.9586481 0.2109886 0
-0.7346376 0.2821578 -0.6170046 0
0.004168001 -0.3082419 0.0004865509 1

0.5413067 0.3008664 -0.7851539 0
-0.5732934 -0.5510203 -0.606392 0
-0.6150787 0.7783676 -0.1257862 0
-0.06961433 -0.3486725 0.06975731 1

-0.9075472 -0.05302553 0.4165889 0
-0.01470637 0.9954009 0.09466153 0
-0.4196924 0.07978332 -0.9041531 0
0.0163775 -0.2419702 0.01421892 1

0.7705272 0.2039092 -0.6039117 0
0.01059091 -0.9514149 -0.3077298 0
-0.6373194 0.2307181 -0.7352504 0
0.06216497 -0.3406661 -0.08590981 1

0.8760722 0.09973968 -0.4717518 0
0.479399 -0.07524029 0.8743659 0
0.05171424 -0.992165 -0.113731 0
0.06354326 -0.4644816 -0.1259572 1

-0.8814245 -0.0748585 0.466355 0
-0.09239449 0.9956123 -0.01481431 0
-0.4631997 -0.05614629 -0.8844736 0
0.01519755 -0.1621051 0.02181399 1

0.6457477 0.1802621 -0.7419674 0
0.2819449 -0.9593517 0.01230586 0
-0.7095894 -0.2171403 -0.670323 0
-0.1442328 -0.420392 -0.00916923 1

-0.8538462 -0.08031429 0.5142921 0
-0.1671793 0.9779922 -0.1248292 0
-0.492948 -0.192564 -0.8484817 0
0.006725343 -0.07081139 0.02045559 1

0.729211 0.1122197 -0.6750248 0
0.2987144 -0.9397116 0.1664704 0
-0.6156471 -0.3230317 -0.7187694 0
0.1160904 -0.4727287 -0.03011752 1

0.5327597 0.07536839 -0.8429039 0
-0.5267242 -0.7500502 -0.3999832 0
-0.6623662 0.6570727 -0.3598981 0
-0.1134556 -0.5251153 -0.007825917 1

-0.8703812 -0.0966349 0.4828024 0
-0.1762852 0.9767108 -0.1223089 0
-0.459739 -0.1915663 -0.8671461 0
-0.01052055 0.03007632 0.007578447 1

0.7482661 0.03134212 -0.6626581 0
-0.3668975 -0.8126618 -0.4527335 0
-0.5527063 0.5818927 -0.5965877 0
0.14726 -0.5707834 -0.01274706 1

-0.8250981 -0.2976269 -0.4802409 0
0.5630662 -0.3630931 -0.7423747 0
0.04657866 -0.8829393 0.4671711 0
0.02940351 0.01901454 -0.01326763 1

0.6408615 0.004157219 -0.7676455 0
-0.7658321 0.07236821 -0.6389556 0
0.05289692 0.9973693 0.04956167 0
-0.1677064 -0.6023679 -0.04902284 1

0.4351213 0.2357652 0.8689557 0
-0.7695434 -0.4036345 0.4948556 0
0.4674104 -0.8840214 0.005801648 0
-0.04543433 0.01201814 0.03219524 1

-0.9768876 -0.1672913 0.1330573 0
-0.1945192 0.9538137 -0.2289139 0
-0.08861661 -0.2495053 -0.9643102 0
-0.01306529 0.109288 0.0188454 1

-0.4127998 0.277171 0.8676246 0
-0.6477317 -0.7590303 -0.06569925 0
0.6403435 -0.5891087 0.49286 0
-0.1167299 -0.02537721 0.07804192 1

-0.8978068 0.1646504 -0.4084525 0
0.1773696 -0.7137374 -0.6775837 0
-0.4030919 -0.6807861 0.6115941 0
0.08156718 -0.01462322 -0.08204281 1

0.02683452 -0.9759766 -0.2162154 0
0.485365 0.2018077 -0.8507025 0
0.8738998 -0.08211513 0.4791202 0
-0.1717518 -0.08985347 0.07246106 1

0.4599884 0.6243766 -0.6313198 0
-0.8764394 0.2052831 -0.4355606 0
-0.1423547 0.7536663 0.641656 0
0.09666639 -0.07538253 -0.1397245 1

0.1740668 -0.934913 -0.3092545 0
0.08414865 0.3270223 -0.9412628 0
0.981132 0.1378193 0.1355954 0
-0.08203813 -0.05255181 -0.08478075 1

0.4948761 -0.3587694 -0.7914434 0
-0.8105997 0.1375653 -0.5692137 0
0.3130914 0.9232339 -0.2227406 0
-0.06534125 -0.03743643 -0.2202368 1

0.08989742 -0.9897206 -0.111229 0
0.1187284 0.1215346 -0.9854608 0
0.9888488 0.07538438 0.1284334 0
-0.07536738 -0.02591127 -0.1618132 1

0.3601893 -0.9314398 -0.05180399 0
0.3060187 0.1704315 -0.9366459 0
0.8812583 0.3215168 0.3464255 0
-0.07153313 -0.05481035 -0.1649024 1

0.1588878 -0.964604 -0.2104603 0
0.1848566 0.2384641 -0.9533956 0
0.9698366 0.1125778 0.2162024 0
-0.07951796 0.003210008 -0.1588249 1

-0.1137508 -0.5090194 -0.8532057 0
0.5049195 0.7099867 -0.4908923 0
0.8556383 -0.4866396 0.1762524 0
-0.07407907 -0.01894563 -0.09930076 1

0.5855855 -0.1972079 -0.7862563 0
-0.671124 0.426042 -0.6066969 0
0.4546233 0.8829483 0.1171331 0
-0.133981 -0.02960706 -0.2708486 1

0.529884 -0.3438467 -0.7752372 0
-0.6790777 0.3755482 -0.6307276 0
0.5080122 0.8606588 -0.03450167 0
-0.1491255 -0.01430285 -0.2456136 1

0.88107 -0.3281139 -0.3406721 0
-0.2131576 0.3675227 -0.9052576 0
0.4222319 0.870212 0.2538733 0
-0.0681041 -0.03360814 -0.2581908 1

0.5705582 -0.2224687 -0.7905513 0
-0.6712434 0.4282936 -0.604977 0
0.4731763 0.8758269 0.0950357 0
-0.1151612 -0.03410715 -0.2862529 1

3.692131 -1.530258 -0.1627223 0
1.493999 3.462932 1.332694 0
-0.3689669 -1.290897 3.767951 0
-0.04419369 0.02036875 -0.2483576 1

-0.4350111 -0.8640007 -0.2535117 0
0.3329241 0.1072598 -0.9368333 0
0.8366163 -0.4919329 0.2409875 0
-0.05990606 -0.001064241 -0.118734 1

0.1865065 -0.9823995 -0.01032165 0
0.7105613 0.1276283 0.691964 0
-0.6784678 -0.1363901 0.7218586 0
-0.06100331 -0.04886568 -0.1972059 1

0.1530716 -0.9695073 -0.1913751 0
0.3780088 0.2363735 -0.8951183 0
0.9130599 0.0646757 0.4026644 0
-0.07297746 0.01163763 -0.1925526 1

-0.04242357 -0.9986129 -0.03118055 0
0.940199 -0.05046036 0.3368671 0
-0.3379734 -0.01502492 0.9410356 0
-0.070738 -0.02114218 -0.2002558 1

0.6048036 -0.04434979 -0.7951389 0
-0.6589224 0.5328704 -0.5309151 0
0.4472517 0.8450341 0.2930588 0
-0.07904579 -0.02084142 -0.2837541 1

0.4859789 -0.2370229 -0.8412164 0
0.1714933 0.9696723 -0.1741434 0
0.85698 -0.05963323 0.511888 0
-0.1703892 -0.00254029 -0.2652849 1

0.5336297 -0.1801499 -0.8263085 0
-0.4018383 0.8057036 -0.4351646 0
0.7441542 0.564259 0.357556 0
-0.139617 -0.01850289 -0.3082944 1

0.5441837 -0.1287453 -0.829029 0
-0.191844 0.9428785 -0.2723542 0
0.8167377 0.3072547 0.4883998 0
-0.1598306 -0.01317745 -0.2943658 1

-0.4383099 -0.8987572 -0.01094733 0
0.06634775 -0.02020537 -0.997592 0
0.8963718 -0.4379807 0.06848681 0
-0.04564697 0.00865823 -0.1483894 1

0.1659293 -0.9744421 -0.1514267 0
-0.5038849 -0.2157753 0.836386 0
-0.847684 -0.06247939 -0.52681 0
-0.03710278 -0.04463047 -0.1739419 1

0.1169626 -0.9819451 -0.1486722 0
0.826483 0.1792448 -0.5336638 0
0.5506774 -0.06045631 0.832526 0
-0.06029212 0.01957911 -0.2225926 1

-0.1075083 -0.986479 -0.1236978 0
-0.02074134 -0.1221664 0.9922927 0
-0.9939878 0.1092454 -0.00732699 0
-0.0339793 -0.02310115 -0.1870851 1

0.8613075 -0.4056869 -0.3058888 0
-0.3034027 0.07224284 -0.95012 0
0.4075493 0.9111528 -0.06086318 0
-0.09711371 -0.003118813 -0.3072827 1

0.5919796 -0.05271331 -0.8042275 0
0.4955907 0.8107151 0.3116584 0
0.6355708 -0.583063 0.5060509 0
-0.1651592 0.02740318 -0.2705524 1

0.5183229 -0.1168931 -0.8471586 0
-0.03394581 0.9870216 -0.1569609 0
0.854511 0.1101138 0.5076276 0
-0.1549389 0.01220351 -0.3248637 1

0.5504678 -0.04651506 -0.8335598 0
0.3837564 0.9008098 0.2031581 0
0.7414286 -0.4317161 0.5137171 0
-0.1669149 0.02171975 -0.3044727 1

-0.6389065 -0.03744194 0.7683727 0
0.2267718 0.9452651 0.2346239 0
-0.7351007 0.324148 -0.5954453 0
-0.001307132 -0.3140631 -0.001625537 1

0.5692838 0.3273715 -0.7541512 0
-0.5926613 -0.4723373 -0.6524187 0
-0.569797 0.8183674 -0.07487355 0
-0.07522111 -0.3540087 0.06778613 1

-0.8932408 -0.0417781 0.4476333 0
0.001899906 0.9953132 0.09668493 0
-0.4495746 0.08721336 -0.888975 0
0.0133621 -0.2486588 0.0137591 1

0.7103156 0.2081306 -0.672409 0
0.3070072 -0.9512383 0.0298779 0
-0.6334023 -0.2276571 -0.7395768 0
0.05408457 -0.3458815 -0.08993557 1

0.8435261 0.09053971 -0.5294023 0
0.5352514 -0.06025684 0.8425409 0
0.04438335 -0.9940684 -0.09928967 0
0.09403795 -0.469674 -0.08604732 1

-0.8544959 -0.05856568 0.5161463 0
-0.07956414 0.9966555 -0.01863305 0
-0.5133288 -0.0569886 -0.8562978 0
0.01351454 -0.1688008 0.02151652 1

0.6491359 0.1613914 -0.7433541 0
-0.1808821 -0.9164515 -0.3569289 0
-0.7388533 0.3661548 -0.5657088 0
-0.1523605 -0.415487 -0.01713113 1

-0.8139186 -0.05243665 0.578608 0
-0.1585421 0.9781659 -0.1343718 0
-0.5589285 -0.2011014 -0.8044608 0
0.006218819 -0.07741147 0.01980794 1

0.7370876 0.09230588 -0.6694639 0
0.3819629 -0.8741236 0.3000211 0
-0.5575003 -0.4768522 -0.6795629 0
0.1527072 -0.4762788 0.006304042 1

0.5727997 0.1082469 -0.8125166 0
-0.4228989 -0.8101075 -0.406057 0
-0.7021802 0.5762016 -0.4182518 0
-0.1721057 -0.5155272 -0.05609363 1

-0.838746 -0.07682843 0.5390757 0
-0.1733947 0.9761459 -0.130665 0
-0.5161777 -0.2030676 -0.8320602 0
-0.01013607 0.02349418 0.005946417 1

0.7454438 0.01518295 -0.6663958 0
-0.216227 -0.9401707 -0.2632966 0
-0.6305234 0.3403655 -0.6975615 0
0.1925633 -0.5674896 0.03760993 1

-0.8640009 -0.2918495 -0.4102761 0
0.4990872 -0.3889101 -0.7743779 0
0.06644115 -0.8738266 0.481677 0
0.02789665 0.01120418 -0.01757638 1

0.6963641 -0.000111755 -0.7176889 0
-0.7166582 -0.05367713 -0.6953558 0
-0.03844572 0.9985582 -0.0374589 0
-0.2156628 -0.5989656 -0.09791614 1

0.4921398 0.2520773 0.8332202 0
-0.741361 -0.3803155 0.5529416 0
0.4562705 -0.8898411 -0.0002881587 0
-0.04341172 0.006659567 0.03352147 1

-0.9775406 -0.1739535 0.1189733 0
-0.1977362 0.952345 -0.2322487 0
-0.07290304 -0.2505579 -0.9653528 0
-0.01111807 0.1029361 0.01574049 1

-0.423 0.2911579 0.8580782 0
-0.6553031 -0.7523203 -0.06776673 0
0.6258188 -0.5909666 0.5090281 0
-0.1120963 -0.02857536 0.08474959 1

-0.892323 0.1110776 -0.4375173 0
0.226033 -0.7290294 -0.6460848 0
-0.3907285 -0.6754096 0.6254225 0
0.07413317 -0.02482527 -0.08931641 1

-0.03709442 -0.9826941 -0.1814843 0
0.4745617 0.1425017 -0.8686107 0
0.8794404 -0.1183461 0.4610631 0
-0.1677613 -0.09248161 0.07899311 1

0.4470302 0.6162535 -0.6483795 0
-0.8861532 0.2061886 -0.4149927 0
-0.1220523 0.7600779 0.6382673 0
0.09337498 -0.08688641 -0.1443166 1

0.1755766 -0.9315845 -0.3183136 0
0.0747973 0.3350251 -0.9392359 0
0.9816206 0.1410987 0.1285027 0
-0.08004445 -0.06614196 -0.08155882 1

0.4953571 -0.3561085 -0.7923436 0
-0.8103678 0.1391419 -0.5691608 0
0.3129312 0.9240274 -0.2196538 0
-0.07042824 -0.04877299 -0.221027 1

0.09331596 -0.9883734 -0.1200444 0
0.1099087 0.1300596 -0.9853958 0
0.9895517 0.07875919 0.1207676 0
-0.07413852 -0.03884751 -0.1584247 1

0.3638383 -0.9293691 -0.06240918 0
0.2973858 0.1793955 -0.9377521 0
0.8827139 0.3226304 0.341652 0
-0.07020316 -0.06770307 -0.1617813 1

0.1613589 -0.962144 -0.2196412 0
0.1757889 0.2470194 -0.9529324 0
0.9711138 0.1151537 0.2089927 0
-0.07839195 -0.009770155 -0.1551643 1

-0.1186729 -0.5025803 -0.856347 0
0.4976472 0.7161982 -0.4892928 0
0.8592231 -0.4842243 0.1651144 0
-0.07235572 -0.03238374 -0.09587037 1

0.5860176 -0.1945381 -0.7865995 0
-0.6709576 0.4277765 -0.6056598 0
0.4543125 0.8827019 0.1201577 0
-0.1390461 -0.0408023 -0.2716465 1

0.5303532 -0.3412273 -0.7760735 0
-0.6788852 0.3773569 -0.6298545 0
0.5077801 0.8609101 -0.03152171 0
-0.1542071 -0.02558285 -0.2463701 1

0.8813273 -0.3267756 -0.3412927 0
-0.2128319 0.3703386 -0.904186 0
0.4218595 0.8695215 0.2568412 0
-0.0731741 -0.04482466 -0.25897 1

0.5709996 -0.2197895 -0.790982 0
-0.6710786 0.4300225 -0.6039328 0
0.4728781 0.8756561 0.09804659 0
-0.1202177 -0.04524797 -0.287056 1

3.697335 -1.512366 -0.2060752 0
1.489884 3.458644 1.348344 0
-0.3316121 -1.323077 3.760254 0
-0.04389703 0.008272469 -0.2448465 1

-0.433318 -0.8638502 -0.2569011 0
0.3245665 0.1163482 -0.9386798 0
0.8407692 -0.4901283 0.2299611 0
-0.05842533 -0.01428205 -0.1152751 1

0.1907362 -0.9814398 -0.01989228 0
0.7157812 0.1251824 0.6870137 0
-0.6717724 -0.1452769 0.7263727 0
-0.05997134 -0.06144935 -0.1941223 1

0.155725 -0.9672281 -0.2005486 0
0.3694311 0.2453193 -0.8962919 0
0.9161173 0.06548614 0.3955264 0
-0.07217218 -0.001039982 -0.1888756 1

-0.0382875 -0.9985067 -0.03896696 0
0.9432092 -0.04898956 0.3285677 0
-0.3299861 -0.02417396 0.9436764 0
-0.06985324 -0.03374583 -0.1968644 1

0.6051958 -0.04164699 -0.7949867 0
-0.6588229 0.5343667 -0.5295328 0
0.4468679 0.8442263 0.2959582 0
-0.08410727 -0.03197992 -0.2844977 1

0.4864487 -0.2342069 -0.8417337 0
0.1712965 0.9702706 -0.1709768 0
0.8567531 -0.06101453 0.5121054 0
-0.1754648 -0.0137639 -0.2660142 1

0.534076 -0.1773678 -0.826622 0
-0.4018633 0.806968 -0.4327922 0
0.7438208 0.5633329 0.3597043 0
-0.1446674 -0.02958077 -0.3090594 1

0.5446163 -0.1259519 -0.8291742 0
-0.1919861 0.9436849 -0.2694459 0
0.8164158 0.3059346 0.4897648 0
-0.1648892 -0.02430552 -0.2951235 1

-0.4344257 -0.9005893 -0.01460926 0
0.05805266 -0.01181001 -0.9982439 0
0.8988352 -0.4345107 0.05741233 0
-0.04445883 -0.004255474 -0.1449685 1

0.1689394 -0.9724293 -0.1607508 0
-0.4958856 -0.2248079 0.8387846 0
-0.8517967 -0.06198983 -0.5201925 0
-0.0358951 -0.05729634 -0.1710252 1

0.1200311 -0.9801733 -0.157648 0
0.8211735 0.1872639 -0.5390794 0
0.5579132 -0.06474999 0.8273697 0
-0.05977477 0.007201791 -0.218955 1

-0.1042002 -0.9859134 -0.1308345 0
-0.01186612 -0.1303089 0.9914025 0
-0.9944857 0.1048568 0.001879245 0
-0.03297693 -0.03564721 -0.1840181 1

0.8615706 -0.4044646 -0.3067656 0
-0.3029702 0.07517691 -0.9500303 0
0.4073152 0.9114589 -0.05777055 0
-0.1021691 -0.01418775 -0.3079785 1

0.5923784 -0.0499853 -0.804108 0
0.495208 0.8098624 0.3144717 0
0.6354977 -0.584487 0.504498 0
-0.1702409 0.01619768 -0.2711839 1

0.5187608 -0.1140494 -0.8472782 0
-0.03415591 0.9875059 -0.1538375 0
0.854237 0.1087443 0.5083836 0
-0.1599903 0.001173794 -0.3255384 1

0.5508789 -0.04370572 -0.8334403 0
0.3833994 0.9002694 0.2062051 0
0.7413081 -0.4331345 0.5126958 0
-0.1719788 0.01062167 -0.3051229 1

-0.5763888 -0.06266388 0.8147694 0
0.2001151 0.9558731 0.2150828 0
-0.792294 0.287019 -0.5384146 0
-0.003841768 -0.3148625 0.001383887 1

0.601873 0.3144909 -0.7340603 0
-0.6652811 -0.3110161 -0.6787269 0
-0.4417579 0.8968638 0.02203275 0
-0.0703595 -0.3577897 0.07628081 1

-0.8561991 -0.06386769 0.5126831 0
-0.01578757 0.9951006 0.09759933 0
-0.5164046 0.07547045 -0.8530127 0
0.008922661 -0.2487754 0.01549653 1

0.6688778 0.1103851 -0.735131 0
0.4703573 -0.8286292 0.3035422 0
-0.5756443 -0.5488068 -0.6061721 0
0.04610026 -0.34457 -0.09082547 1

0.8011438 -0.003441796 -0.598462 0
0.5763177 -0.2651246 0.7730246 0
-0.1613275 -0.9642082 -0.2104194 0
0.1073117 -0.4524063 -0.05132303 1

-0.8112544 -0.07467857 0.5799048 0
-0.09858134 0.9950811 -0.009765859 0
-0.5763229 -0.06509039 -0.8146257 0
0.007655957 -0.1689345 0.02332731 1

0.601176 0.2122494 -0.7704141 0
-0.3181 -0.8208467 -0.4743662 0
-0.7330756 0.5302461 -0.4259567 0
-0.1569509 -0.3982708 -0.01206066 1

-0.7660359 -0.062789 0.6397238 0
-0.1781442 0.9769725 -0.1174284 0
-0.6176192 -0.2039174 -0.7595815 0
-0.001383563 -0.07768947 0.02243183 1

0.7474352 0.07807454 -0.6597309 0
0.3730694 -0.871025 0.3195854 0
-0.5496905 -0.4849948 -0.6801621 0
0.1704822 -0.4814668 0.03340863 1

0.4959453 0.1582347 -0.8538153 0
-0.4512962 -0.7930678 -0.4091156 0
-0.7418693 0.5882223 -0.3219073 0
-0.1916748 -0.4878748 -0.06384268 1

-0.8023162 -0.08383471 0.5909827 0
-0.186831 0.9756088 -0.1152447 0
-0.5669064 -0.2028766 -0.7984098 0
-0.01976055 0.02309304 0.01031816 1

0.735745 0.002424076 -0.6772545 0
-0.363075 -0.8427405 -0.3974482 0
-0.5717131 0.5383147 -0.6191619 0
0.2094103 -0.5723544 0.06675592 1

-0.8901025 -0.2993833 -0.3436382 0
0.4415687 -0.3797998 -0.8128774 0
0.1128484 -0.875284 0.470259 0
0.01645291 0.01127511 -0.01613509 1

0.6493879 0.129561 -0.7493395 0
-0.7287337 -0.1756187 -0.6618953 0
-0.2173536 0.9758956 -0.01962907 0
-0.2381568 -0.5695581 -0.1059802 1

0.5359524 0.2668203 0.8009757 0
-0.6980878 -0.3935004 0.5981899 0
0.4747934 -0.8797526 -0.02463335 0
-0.05062945 0.005822122 0.04031618 1

-0.9749705 -0.1861842 0.121524 0
-0.2098538 0.9511676 -0.2263653 0
-0.07344398 -0.2462018 -0.9664319 0
-0.02056357 0.1024894 0.02049089 1

-0.4223095 0.2694878 0.8654658 0
-0.635848 -0.7685459 -0.07095695 0
0.6460282 -0.5802705 0.4959175 0
-0.1153049 -0.03063434 0.09573641 1

-0.8903171 0.04373997 -0.4532354 0
0.2799256 -0.7324905 -0.6205641 0
-0.3591338 -0.6793708 0.6399049 0
0.05736079 -0.02391034 -0.09144181 1

-0.114675 -0.9731391 -0.1996262 0
0.4409157 0.1302145 -0.888053 0
0.890193 -0.1898557 0.4141396 0
-0.1693173 -0.09591895 0.08970892 1

0.4171002 0.6193782 -0.6651302 0
-0.899019 0.1737654 -0.4019584 0
-0.1333877 0.7656216 0.6293106 0
0.08119043 -0.0862661 -0.1442695 1

0.1829496 -0.9345173 -0.3052989 0
0.06386635 0.3211815 -0.944862 0
0.981046 0.1533638 0.1184441 0
-0.08781955 -0.07185042 -0.07443666 1

0.490352 -0.3563109 -0.7953601 0
-0.8161013 0.1325249 -0.5625088 0
0.3058327 0.9249216 -0.2258018 0
-0.08499097 -0.05414599 -0.2185705 1

0.1028544 -0.9890835 -0.1055246 0
0.1007878 0.1159042 -0.9881339 0
0.9895775 0.09099842 0.1116084 0
-0.08280684 -0.04569113 -0.1517593 1

0.3731793 -0.9263581 -0.0509751 0
0.2880985 0.167937 -0.9427602 0
0.8818941 0.3371328 0.3295528 0
-0.07859194 -0.07455242 -0.1547017 1

0.1698316 -0.9636902 -0.206056 0
0.1656754 0.234038 -0.9580076 0
0.9714471 0.1285617 0.1994066 0
-0.0873429 -0.01661295 -0.1489139 1

-0.1200482 -0.5170208 -0.847513 0
0.4861648 0.713703 -0.5042547 0
0.8655823 -0.4725657 0.1656784 0
-0.08060197 -0.03823954 -0.08932845 1

0.5801573 -0.1942204 -0.7910095 0
-0.6786283 0.4217894 -0.6012965 0
0.4504233 0.885648 0.1129008 0
-0.1540944 -0.04674464 -0.2686126 1

0.5254061 -0.3411754 -0.7794535 0
-0.6864873 0.3712368 -0.6252349 0
0.5026764 0.8635871 -0.03916225 0
-0.1691173 -0.03151518 -0.2432598 1

0.8801015 -0.3231573 -0.3478375 0
-0.2228308 0.3657779 -0.9036334 0
0.4192468 0.8727977 0.2499124 0
-0.08809219 -0.05035454 -0.256502 1

0.5652424 -0.2195708 -0.7951666 0
-0.6787466 0.4240412 -0.5995767 0
0.4688326 0.8786227 0.0906532 0
-0.1353777 -0.05114335 -0.2841709 1

3.711445 -1.476516 -0.2123245 0
1.463631 3.494582 1.282846 0
-0.2880398 -1.267994 3.782754 0
-0.05374603 0.0003972054 -0.2391373 1

-0.4261288 -0.8722293 -0.2400638 0
0.3159387 0.1051714 -0.9429327 0
0.8477013 -0.4776561 0.2307543 0
-0.06701713 -0.0202958 -0.1091211 1

0.2009784 -0.9795759 -0.006274957 0
0.7197805 0.1433255 0.6792454 0
-0.6644731 -0.1410303 0.7338848 0
-0.06868114 -0.06869411 -0.1872163 1

0.1644019 -0.9685363 -0.1868428 0
0.3597634 0.235248 -0.9029003 0
0.9184458 0.08121942 0.3871188 0
-0.08148079 -0.008341968 -0.1828047 1

-0.02799394 -0.999338 -0.023249 0
0.946225 -0.03399075 0.3217194 0
-0.3222968 -0.01299267 0.9465498 0
-0.07887772 -0.04114163 -0.1903063 1

0.5984085 -0.04125783 -0.8001282 0
-0.6664196 0.5287285 -0.5256724 0
0.4447385 0.8477878 0.2889007 0
-0.09932071 -0.0376659 -0.2819796 1

0.4803303 -0.2346457 -0.845118 0
0.1643759 0.9705603 -0.1760498 0
0.8615472 -0.05435513 0.5047598 0
-0.1906123 -0.01988763 -0.2627592 1

0.5277711 -0.1774877 -0.830636 0
-0.4101434 0.8031083 -0.4322031 0
0.7438012 0.5687839 0.3510621 0
-0.1601069 -0.03569406 -0.3060156 1

0.5380018 -0.1260239 -0.83347 0
-0.1996042 0.9415942 -0.2712165 0
0.8189703 0.312279 0.4814247 0
-0.1802345 -0.03047889 -0.2919217 1

-0.4249456 -0.905215 0.002767146 0
0.05034077 -0.02668378 -0.9983758 0
0.9038184 -0.424116 0.05690831 0
-0.05339124 -0.01058513 -0.1390765 1

0.1779827 -0.9729805 -0.1470765 0
-0.4868757 -0.2169588 0.8460981 0
-0.8551465 -0.07898296 -0.5123353 0
-0.04446981 -0.06393105 -0.1643796 1

0.1291852 -0.9811881 -0.1434629 0
0.8148853 0.1874824 -0.5484644 0
0.5650432 -0.04605237 0.8237752 0
-0.06940795 -0.0004382133 -0.2131061 1

-0.09475528 -0.9888633 -0.1147691 0
-0.002703696 -0.1150318 0.9933583 0
-0.995497 0.09443618 0.008226544 0
-0.04188363 -0.04245669 -0.1777279 1

0.8610823 -0.4008252 -0.3128521 0
-0.3117219 0.06995238 -0.947595 0
0.4017045 0.9134801 -0.06471118 0
-0.1176871 -0.02006179 -0.3053657 1

0.5855582 -0.04970087 -0.8091053 0
0.4934301 0.8137615 0.307114 0
0.643155 -0.5790701 0.5010286 0
-0.1856013 0.01008296 -0.268085 1

0.5119222 -0.1143325 -0.8513895 0
-0.04101086 0.9867206 -0.1571648 0
0.8580523 0.1153722 0.5004355 0
-0.1757451 -0.005086541 -0.322472 1

0.543768 -0.0437608 -0.838094 0
0.3801723 0.9031429 0.1995044 0
0.7481881 -0.4271044 0.5077369 0
-0.1876062 0.004370868 -0.3019867 1

-0.4885134 -0.08344872 0.8685569 0
0.1609272 0.9697235 0.1836809 0
-0.857588 0.229505 -0.4602937 0
-0.004740892 -0.3109649 0.007754962 1

0.6671762 0.1948111 -0.7189748 0
-0.71481 -0.1041213 -0.691524 0
-0.2095772 0.9752986 0.06978567 0
-0.06079584 -0.356546 0.08934607 1

-0.8115166 -0.09082226 0.577228 0
-0.03830191 0.9939903 0.1025485 0
-0.5830727 0.06111083 -0.8101183 0
0.005246908 -0.2439978 0.01980656 1

0.6549202 -0.0460602 -0.754293 0
0.4307966 -0.7973167 0.4227296 0
-0.6208814 -0.6018009 -0.5023363 0
0.03763016 -0.3391701 -0.08862176 1

0.757713 -0.1239464 -0.6407093 0
0.5320464 -0.4511869 0.7164894 0
-0.3778858 -0.8837802 -0.275925 0
0.09369327 -0.4429315 -0.03360848 1

-0.7731895 -0.1002781 0.6261967 0
-0.1222786 0.992464 0.007949441 0
-0.6222748 -0.07042404 -0.7796246 0
0.002173789 -0.1642459 0.02803444 1

0.5787486 0.1600774 -0.7996408 0
-0.2049633 -0.9205183 -0.3326198 0
-0.7893289 0.3564002 -0.4999387 0
-0.1538338 -0.3700982 -0.0006610458 1

-0.735693 -0.0933498 0.6708515 0
-0.2024164 0.9754949 -0.08623981 0
-0.6463617 -0.1992373 -0.7365603 0
-0.009038672 -0.07324088 0.02876337 1

0.7655015 0.05551165 -0.6410351 0
0.2343914 -0.9518746 0.1974725 0
-0.599223 -0.3014185 -0.7416729 0
0.1520112 -0.4923863 0.04492632 1

0.3552186 0.2140285 -0.9099515 0
-0.5416507 -0.7462382 -0.3869665 0
-0.7618623 0.6303334 -0.149149 0
-0.1762077 -0.4705824 -0.03696998 1

-0.782769 -0.1049901 0.6133921 0
-0.2006579 0.9756031 -0.08907858 0
-0.5890747 -0.1928099 -0.7847389 0
-0.02991954 0.02738929 0.01986705 1

0.7137906 0.00146874 -0.7003576 0
-0.6826949 -0.2217159 -0.6962541 0
-0.1563031 0.9751102 -0.157256 0
0.1764689 -0.5917102 0.06553169 1

-0.8981658 -0.3100079 -0.3117581 0
0.4128461 -0.3508565 -0.8405106 0
0.1511826 -0.8836261 0.4431129 0
0.005318703 0.01693624 -0.008414641 1

0.482762 0.1825611 -0.856512 0
-0.8572055 -0.1017071 -0.5048313 0
-0.1792758 0.9779198 0.1073921 0
-0.2319959 -0.5474424 -0.07682622 1

0.5418915 0.2793714 0.7926573 0
-0.6698073 -0.4261233 0.6080932 0
0.5076534 -0.8604479 -0.04378746 0
-0.05908842 0.008797109 0.05076307 1

-0.9734898 -0.1994971 0.1118864 0
-0.2193496 0.952901 -0.2094411 0
-0.06483385 -0.228431 -0.9713989 0
-0.0312524 0.1065458 0.03171484 1

-0.4064493 0.2299789 0.8842561 0
-0.5956005 -0.800602 -0.06554627 0
0.6928629 -0.5533047 0.4623797 0
-0.1211438 -0.03068179 0.1071008 1

-0.8874832 -0.006733061 -0.4607913 0
0.3206614 -0.7271633 -0.6069679 0
-0.3309836 -0.6864316 0.6475042 0
0.04356565 -0.0155679 -0.08628137 1

-0.08921205 -0.9715434 -0.2194188 0
0.3884691 0.1689107 -0.9058483 0
0.917133 -0.1660501 0.3623457 0
-0.1717374 -0.09868944 0.101533 1

0.3913462 0.628856 -0.6718544 0
-0.9052677 0.1319 -0.4038479 0
-0.1653447 0.7662523 0.6209015 0
0.07086305 -0.07747018 -0.1379516 1

0.1720034 -0.9394749 -0.2963144 0
0.06415662 0.3108422 -0.9482937 0
0.983005 0.1440991 0.1137393 0
-0.09993371 -0.06746835 -0.06590188 1

0.4947376 -0.3567623 -0.7924366 0
-0.8145654 0.1273979 -0.565909 0
0.3028495 0.9254678 -0.2275775 0
-0.09647342 -0.05308878 -0.2126019 1

0.09199255 -0.9911465 -0.09573831 0
0.09875223 0.1047531 -0.9895832 0
0.990851 0.0815799 0.1075145 0
-0.09489849 -0.04215288 -0.1435034 1

0.363147 -0.9307532 -0.04269566 0
0.286754 0.1552462 -0.9453417 0
0.8865082 0.3310549 0.3232743 0
-0.09100018 -0.07108593 -0.1461642 1

0.1589037 -0.9674937 -0.1967372 0
0.1649904 0.2224895 -0.9608729 0
0.9734104 0.1202265 0.1949814 0
-0.09911603 -0.01300055 -0.1409409 1

-0.1283296 -0.5243174 -0.8417974 0
0.4920525 0.7033085 -0.5130711 0
0.861055 -0.4800507 0.1677364 0
-0.09240868 -0.03408962 -0.08115938 1

0.583858 -0.1942893 -0.7882649 0
-0.6781433 0.4171053 -0.6050993 0
0.4463536 0.8878484 0.1117744 0
-0.1654222 -0.04612905 -0.2629199 1

0.5296705 -0.3414324 -0.7764492 0
-0.685706 0.3664463 -0.6289077 0
0.4992561 0.8655294 -0.04002637 0
-0.1806009 -0.03088266 -0.2376703 1

0.8826987 -0.3206033 -0.3435945 0
-0.2210101 0.362034 -0.9055862 0
0.4147266 0.8752973 0.2487104 0
-0.09945065 -0.04942852 -0.2505563 1

0.5690631 -0.2197139 -0.7923974 0
-0.6782771 0.4193619 -0.6033869 0
0.4648736 0.8808299 0.08961639 0
-0.1466303 -0.0504989 -0.2783956 1

3.694829 -1.518069 -0.2090652 0
1.504897 3.491671 1.242388 0
-0.2890108 -1.226258 3.796415 0
-0.06563822 0.002730787 -0.2314401 1

-0.4361604 -0.8700384 -0.2297762 0
0.313925 0.09218913 -0.9449616 0
0.8433359 -0.4842872 0.2329176 0
-0.07869933 -0.01649421 -0.1011776 1

0.1905389 -0.9816748 0.003095397 0
0.7234998 0.1425579 0.6754449 0
-0.6635085 -0.1264592 0.7374043 0
-0.08113506 -0.06566507 -0.1787684 1

0.1534862 -0.9720858 -0.1774582 0
0.359261 0.2221923 -0.9064007 0
0.920529 0.07536618 0.3833358 0
-0.09327825 -0.005138099 -0.174933 1

-0.03868508 -0.9991676 -0.01294516 0
0.9468666 -0.04079355 0.3190289 0
-0.3192916 8.416176E-05 0.9476566 0
-0.09104849 -0.03803843 -0.1821072 1

0.6015126 -0.04128183 -0.7977961 0
-0.6666535 0.5243293 -0.5297665 0
0.4401774 0.8505145 0.28787 0
-0.1106375 -0.03686589 -0.2761145 1

0.4843981 -0.2352951 -0.842612 0
0.1610238 0.9706772 -0.1784875 0
0.8599011 -0.04922153 0.5080822 0
-0.2020716 -0.01940489 -0.2572846 1

0.5315494 -0.1778967 -0.8281354 0
-0.4118547 0.8000553 -0.436219 0
0.740156 0.5729434 0.3520014 0
-0.1713424 -0.03522009 -0.3003791 1

0.5415785 -0.1264003 -0.8310933 0
-0.2024814 0.9399114 -0.2748965 0
0.8159008 0.3171588 0.4834421 0
-0.1915431 -0.03004426 -0.2863756 1

-0.4345263 -0.9005598 0.01337433 0
0.04675993 -0.03738607 -0.9982064 0
0.8994444 -0.4331216 0.05835533 0
-0.06506997 -0.007234991 -0.131274 1

0.1671502 -0.9762695 -0.1376922 0
-0.4863585 -0.2031291 0.8498205 0
-0.8576229 -0.07507985 -0.5087698 0
-0.05679928 -0.06092793 -0.1560589 1

0.1182804 -0.9839192 -0.1338392 0
0.8150165 0.1731919 -0.5529491 0
0.567237 -0.04367822 0.8223956 0
-0.08122215 0.002327442 -0.2053519 1

-0.105633 -0.9889145 -0.104354 0
-0.0006476939 -0.1048728 0.9944854 0
-0.994405 0.1051181 0.01043758 0
-0.05402915 -0.03961939 -0.1696342 1

0.863871 -0.3982395 -0.3084358 0
-0.3085196 0.06570803 -0.9489458 0
0.3981744 0.9149251 -0.06610137 0
-0.1289901 -0.01941079 -0.2996229 1

0.5887302 -0.04980583 -0.8067938 0
0.4889416 0.8167465 0.3063682 0
0.6436872 -0.5748433 0.5051954 0
-0.1971645 0.01056939 -0.262686 1

0.5155172 -0.1148726 -0.8491448 0
-0.04449581 0.9860477 -0.1604064 0
0.8557231 0.1204755 0.503213 0
-0.187046 -0.004728854 -0.3169886 1

0.5470229 -0.0441289 -0.8359539 0
0.3757132 0.9053233 0.1980645 0
0.748068 -0.4224247 0.5118123 0
-0.1990212 0.004743218 -0.2965767 1

-0.4274313 -0.08284342 0.9002441 0
0.1658831 0.9716988 0.1681793 0
-0.8886987 0.2212204 -0.4015921 0
-0.002788102 -0.3091901 0.01212197 1

0.6228827 0.1973857 -0.7570048 0
-0.764641 -0.0509157 -0.6424421 0
-0.1653522 0.9790028 0.1192148 0
-0.0528006 -0.3547854 0.09754281 1

-0.7906039 -0.1024601 0.6036949 0
-0.03918323 0.9923459 0.1171079 0
-0.6110731 0.06893127 -0.7885672 0
0.007501371 -0.2420976 0.02318143 1

0.625996 -0.09443353 -0.7740875 0
0.3590618 -0.8462555 0.3936068 0
-0.6922455 -0.5243415 -0.495845 0
0.03311155 -0.3375455 -0.08680477 1

0.7243953 -0.1847428 -0.6641698 0
0.5303354 -0.4661962 0.7081001 0
-0.4404499 -0.865177 -0.2397346 0
0.07983922 -0.4476756 -0.03558147 1

-0.762717 -0.1174858 0.6359717 0
-0.1253406 0.9915695 0.0328567 0
-0.6344703 -0.05465276 -0.7710127 0
0.004357543 -0.1624776 0.03257748 1

0.5202495 0.1203904 -0.8454863 0
-0.05383451 -0.983422 -0.1731571 0
-0.8523161 0.135601 -0.5051435 0
-0.1523245 -0.3614125 0.01392408 1

-0.734441 -0.1232547 0.6673863 0
-0.2089457 0.9766704 -0.04956508 0
-0.6457075 -0.1758501 -0.7430604 0
-0.007135699 -0.0715546 0.0355903 1

0.793649 0.01843153 -0.6080967 0
0.009510564 -0.9997948 -0.01789138 0
-0.6083018 0.008416206 -0.7936614 0
0.1379696 -0.4987757 0.04203376 1

0.2382344 0.1982736 -0.9507535 0
-0.479532 -0.8272767 -0.2926817 0
-0.8445671 0.5256434 -0.1020072 0
-0.1582011 -0.4687633 -0.004977826 1

-0.7844872 -0.1273826 0.6069212 0
-0.2014335 0.9779505 -0.05511116 0
-0.5865188 -0.1654882 -0.7928489 0
-0.02869012 0.0291968 0.03047728 1

0.726644 -0.001805596 -0.6870119 0
-0.6865289 0.03568052 -0.7262268 0
0.0258241 0.9993618 0.02468738 0
0.1389619 -0.6030998 0.04016687 1

-0.8963588 -0.3041206 -0.3225707 0
0.4144066 -0.3162738 -0.8533688 0
0.1575065 -0.8985999 0.4095242 0
0.006590458 0.02004296 0.001800776 1

0.3497029 0.1910285 -0.9171785 0
-0.8944547 -0.2231281 -0.3875115 0
-0.2786739 0.9558882 0.09283788 0
-0.2075912 -0.55397 -0.03512305 1

0.5091085 0.2812461 0.813455 0
-0.6735489 -0.4582182 0.5799723 0
0.5358548 -0.8431707 -0.04384972 0
-0.05770688 0.009268939 0.06067606 1

-0.9728884 -0.2088107 0.09943023 0
-0.223914 0.9580349 -0.1789736 0
-0.05788603 -0.1963852 -0.9788166 0
-0.03014303 0.1078833 0.04511426 1

-0.3915631 0.1941271 0.8994402 0
-0.5667146 -0.820976 -0.06952201 0
0.7249228 -0.5369481 0.4314786 0
-0.1201089 -0.0331834 0.1144085 1

-0.8974121 -0.001925611 -0.441189 0
0.3082724 -0.7181211 -0.6239156 0
-0.3156256 -0.6959156 0.645044 0
0.04498199 -0.009257376 -0.07725715 1

-0.02394105 -0.9690179 -0.2458283 0
0.352152 0.2219635 -0.9092421 0
0.9356368 -0.108337 0.3359275 0
-0.1682488 -0.1029217 0.1085029 1

0.3759535 0.642822 -0.667412 0
-0.9104491 0.1222008 -0.3951578 0
-0.1724579 0.7562057 0.6311985 0
0.07122473 -0.07038993 -0.1303701 1

0.1807546 -0.9316304 -0.3152665 0
0.07045785 0.3319886 -0.9406483 0
0.9810014 0.1478136 0.1256491 0
-0.1031578 -0.06189448 -0.05955923 1

0.4856852 -0.3483051 -0.8017442 0
-0.8186451 0.1403354 -0.5568901 0
0.3064808 0.9268169 -0.2169791 0
-0.09706955 -0.04780132 -0.2034141 1

0.09932282 -0.988201 -0.1165933 0
0.1067647 0.1270796 -0.9861298 0
0.9893112 0.08549723 0.1181269 0
-0.09760616 -0.03484982 -0.1365397 1

0.3695987 -0.927264 -0.05981922 0
0.2940352 0.1777834 -0.9391146 0
0.8814423 0.3295068 0.3383567 0
-0.09349514 -0.06369215 -0.1397985 1

0.1669634 -0.9619114 -0.2164478 0
0.1719748 0.244576 -0.9542574 0
0.9708491 0.1221026 0.2062597 0
-0.102037 -0.005788207 -0.1333773 1

-0.1174819 -0.5065148 -0.8541902 0
0.4919283 0.7175173 -0.4931287 0
0.8626731 -0.478134 0.1648736 0
-0.09571772 -0.02814168 -0.07401428 1

0.575823 -0.1864415 -0.7960323 0
-0.6808109 0.4297584 -0.5931308 0
0.4526858 0.8834859 0.1205335 0
-0.1664077 -0.03971142 -0.253023 1

0.5208474 -0.333414 -0.7858455 0
-0.6888867 0.3794917 -0.6175931 0
0.5041361 0.8630304 -0.03202701 0
-0.1812745 -0.02473849 -0.2274265 1

0.8777291 -0.3208893 -0.3558402 0
-0.2266385 0.3762817 -0.8983582 0
0.4221697 0.869162 0.2575478 0
-0.1003529 -0.04357994 -0.2412848 1

0.5608387 -0.211716 -0.8003978 0
-0.6809164 0.431991 -0.5913855 0
0.4709704 0.8766757 0.09811667 0
-0.1477775 -0.0439707 -0.2687231 1

3.706392 -1.489593 -0.2092251 0
1.471002 3.473049 1.331951 0
-0.3143537 -1.311125 3.765918 0
-0.06786825 0.01213872 -0.2232075 1

-0.4284127 -0.8675394 -0.2526622 0
0.3216143 0.1149073 -0.9398726 0
0.8444093 -0.4839131 0.2297853 0
-0.0819484 -0.01002419 -0.09351908 1

0.1969318 -0.9802752 -0.01669886 0
0.7165809 0.1322909 0.6848441 0
-0.6691267 -0.1468339 0.7284986 0
-0.08337933 -0.05749416 -0.1721867 1

0.1614068 -0.9669602 -0.1973232 0
0.3657566 0.2443181 -0.8980706 0
0.916608 0.07278258 0.3931065 0
-0.09595203 0.002855539 -0.1671355 1

-0.03202267 -0.9988685 -0.03516681 0
0.9442708 -0.04176758 0.3265095 0
-0.327609 -0.02275123 0.9445397 0
-0.0934438 -0.02986443 -0.1750082 1

0.5943229 -0.03342082 -0.8035319 0
-0.6680186 0.5358217 -0.516378 0
0.4478077 0.8436696 0.2961256 0
-0.1116841 -0.030586 -0.2665623 1

0.4756494 -0.226072 -0.8500878 0
0.1653623 0.9721605 -0.1660107 0
0.8639523 -0.0616095 0.4997914 0
-0.2028442 -0.01285332 -0.2466865 1

0.5232717 -0.1691685 -0.8352059 0
-0.410751 0.808659 -0.4211343 0
0.7466397 0.5634294 0.3536625 0
-0.1725856 -0.0282318 -0.2902694 1

0.5335873 -0.1176955 -0.8375158 0
-0.1991439 0.9449415 -0.2596678 0
0.8219652 0.3053417 0.4807705 0
-0.1926325 -0.02313709 -0.2760172 1

-0.4287177 -0.9033807 -0.01023342 0
0.05578253 -0.01516373 -0.9983279 0
0.9017149 -0.4285718 0.05689389 0
-0.06811579 -1.996756E-05 -0.1232825 1

0.1747475 -0.9719287 -0.1575378 0
-0.4924737 -0.2248256 0.8407876 0
-0.8526041 -0.06934255 -0.5179371 0
-0.05927582 -0.05310214 -0.1491623 1

0.125897 -0.9799719 -0.1542902 0
0.818697 0.1904679 -0.5417175 0
0.5602552 -0.05811631 0.826279 0
-0.08367802 0.01106375 -0.1972746 1

-0.09822969 -0.9870368 -0.1269239 0
-0.008708537 -0.1266832 0.9919052 0
-0.9951258 0.09853974 0.003848433 0
-0.05652604 -0.03148353 -0.1622425 1

0.8587355 -0.3989082 -0.3216302 0
-0.3163174 0.08113317 -0.9451778 0
0.403134 0.9133947 -0.05650954 0
-0.1301332 -0.01268709 -0.2896577 1

0.5814116 -0.04173877 -0.8125383 0
0.4965241 0.8093508 0.3137127 0
0.6445344 -0.5858408 0.4912902 0
-0.1978021 0.01716554 -0.251702 1

0.507441 -0.1057557 -0.8551722 0
-0.03989599 0.9884922 -0.1459161 0
0.8607624 0.1081618 0.4973823 0
-0.1882471 0.00258714 -0.3063039 1

0.5394887 -0.03539671 -0.8412488 0
0.3829023 0.9001421 0.2076788 0
0.7498921 -0.4341561 0.49917 0
-0.1999874 0.01183689 -0.285655 1

-0.4116619 -0.03936385 0.9104861 0
0.1716213 0.977843 0.1198718 0
-0.8950311 0.2056055 -0.395785 0
-0.001342269 -0.3126721 0.01244204 1

0.5841995 0.1638626 -0.7948962 0
-0.7892376 -0.1136768 -0.6034745 0
-0.1892483 0.9799115 0.06291658 0
-0.0499652 -0.354066 0.1007555 1

-0.7956111 -0.08345347 0.6000321 0
-0.0331428 0.994979 0.09443775 0
-0.6049005 0.05524898 -0.7943822 0
0.009333811 -0.2451767 0.02018715 1

0.6055406 -0.06395714 -0.7932402 0
0.2699678 -0.92115 0.2803571 0
-0.7486241 -0.3839169 -0.5405274 0
0.03271882 -0.3457238 -0.08567388 1

0.7095569 -0.2358708 -0.6639984 0
0.5450082 -0.4135898 0.7293212 0
-0.4466486 -0.8793796 -0.164914 0
0.06785195 -0.4656007 -0.0491887 1

-0.7749816 -0.1054457 0.6231249 0
-0.1135897 0.9931664 0.02679282 0
-0.621692 -0.05001663 -0.7816633 0
0.006674627 -0.1653455 0.02776427 1

0.5323247 0.03601357 -0.8457738 0
0.1398647 -0.9891055 0.04591327 0
-0.834906 -0.1427346 -0.5315624 0
-0.1526905 -0.3688619 0.02220868 1

-0.7526947 -0.1248893 0.6464158 0
-0.1944019 0.9802245 -0.03698194 0
-0.629014 -0.1535006 -0.7620885 0
