MeshAnim
1
15
47
30
-0.3059521 -0.1091644 0.9457678 0
-0.08226389 0.9927203 0.08797182 0
-0.9484862 -0.05088736 -0.3127051 0
-0.001919768 -0.2066885 -0.01231948 1

0.03082311 0.06376237 -0.997489 0
-0.2665455 -0.9612999 -0.0696855 0
-0.9633294 0.2680241 -0.01263471 0
-0.03005021 -0.2557887 0.08081886 1

-0.3498945 -0.09382384 0.932079 0
-0.2536332 0.9672981 0.00215731 0
-0.9018005 -0.2356513 -0.3622491 0
-0.008768149 -0.1384924 -0.006663432 1

0.1359086 0.1075294 -0.9848689 0
-0.9791252 -0.1370748 -0.150082 0
-0.1511389 0.9847071 0.0866551 0
0.03097764 -0.2335836 -0.1126874 1

0.1901457 0.001043811 -0.9817556 0
0.6335959 -0.7640002 0.1219021 0
-0.749934 -0.6452153 -0.1459327 0
-0.09644397 -0.2514223 -0.1322188 1

-0.4281628 -0.07991555 0.9001613 0
-0.3838973 0.9178225 -0.1011177 0
-0.8181074 -0.3888643 -0.4236567 0
-0.02911816 -0.06088221 -0.006490342 1

-0.008381128 0.1112416 -0.9937582 0
0.9268271 -0.3722137 -0.04948238 0
-0.3753949 -0.9214565 -0.09998217 0
-0.06474314 -0.3809093 0.07174878 1

-0.5015615 -0.09005858 0.860422 0
-0.5003772 0.8415279 -0.2036014 0
-0.7057329 -0.5326539 -0.4671412 0
-0.06432003 0.02327847 -0.01576244 1

0.06727694 0.05172423 -0.9963929 0
0.7186001 -0.6953126 0.0124255 0
-0.6921617 -0.7168438 -0.08394749 0
-0.0269952 -0.3351648 -0.1188571 1

-0.02897093 0.07754365 -0.996568 0
-0.6874154 -0.7253491 -0.03645627 0
-0.7256867 0.6839999 0.07431875 0
0.03642973 -0.4215403 0.06634726 1

-0.6007075 -0.1294769 0.7889147 0
-0.4199902 0.8907695 -0.173602 0
-0.6802638 -0.4356205 -0.589471 0
-0.1159379 0.1100889 -0.03676555 1

0.1092487 -0.03165527 -0.9935105 0
-0.002511252 -0.9994985 0.03156995 0
-0.9940114 -0.000953963 -0.1092733 0
0.04798754 -0.4077175 -0.1175605 1

-0.7650185 -0.6105811 -0.2047863 0
0.4742409 -0.3189741 -0.8205797 0
0.435709 -0.7248766 0.5335837 0
-0.08655444 0.1014404 -0.07158892 1

0.0368973 -0.01760542 -0.999164 0
-0.9975497 0.0588272 -0.03787422 0
0.05944492 0.998113 -0.0153917 0
-0.03437173 -0.4962488 0.06259239 1

0.2930853 0.572037 0.7660776 0
-0.5405322 -0.5617794 0.626282 0
0.7886231 -0.5976436 0.1445552 0
-0.1303729 0.09370327 0.00415143 1

-0.956485 -0.1557602 0.2467296 0
-0.2210282 0.9388044 -0.2641833 0
-0.1904816 -0.3072215 -0.9323796 0
-0.131868 0.1885337 -0.0360209 1

-0.2732507 -0.1004641 0.9566824 0
-0.3696355 -0.9072104 -0.2008453 0
0.8880901 -0.4085049 0.2107608 0
-0.1804514 0.04165626 0.06217429 1

-0.7811211 0.08541772 -0.6185092 0
0.3491015 -0.7615458 -0.546055 0
-0.5176659 -0.6424574 0.5650401 0
-0.04261973 0.07188994 -0.1476092 1

-0.01978029 -0.9109933 -0.4119466 0
0.1048275 0.4078666 -0.9070041 0
0.9942937 -0.06112419 0.08742939 0
-0.2118503 -0.03540722 0.04511337 1

0.542032 0.351746 -0.7632012 0
-0.8400974 0.2041959 -0.5025341 0
-0.02092177 0.9135527 0.4061816 0
-0.01290128 0.007060766 -0.194094 1

0.1870712 -0.9368024 -0.2956445 0
0.09066701 0.3161386 -0.9443708 0
0.9781535 0.1498593 0.1440775 0
-0.1924742 0.03998184 -0.1225351 1

0.5126433 -0.3621803 -0.7784744 0
-0.8012812 0.1239177 -0.5853142 0
0.3084559 0.9238344 -0.2266827 0
-0.1681911 0.04480588 -0.2869862 1

0.1013916 -0.9900246 -0.09783424 0
0.1278543 0.110493 -0.9856189 0
0.9865969 0.08742494 0.1377819 0
-0.1852687 0.06572938 -0.1998227 1

0.3704179 -0.9281545 -0.03633073 0
0.3140979 0.1619708 -0.9354721 0
0.8741474 0.3351041 0.3515282 0
-0.1811006 0.03683621 -0.2025081 1

0.1711603 -0.9654191 -0.1966479 0
0.1924169 0.2285049 -0.9543384 0
0.9662713 0.1255063 0.2248738 0
-0.1897543 0.09484023 -0.1972441 1

-0.09941517 -0.5207857 -0.8478789 0
0.5026386 0.7091104 -0.4944866 0
0.8587615 -0.4753363 0.1912708 0
-0.1847134 0.07348669 -0.1373926 1

0.601724 -0.1997137 -0.7733321 0
-0.6638517 0.4133124 -0.6232766 0
0.4441044 0.8884184 0.1161196 0
-0.2359618 0.05145508 -0.3389208 1

0.547207 -0.3467566 -0.7617903 0
-0.67089 0.3624989 -0.6469166 0
0.5004705 0.8650748 -0.03427371 0
-0.2517093 0.06687379 -0.3141282 1

0.8902035 -0.3231761 -0.3210832 0
-0.1999606 0.3560929 -0.9128053 0
0.4093324 0.8767866 0.2523726 0
-0.1702935 0.04821515 -0.3250224 1

0.5870153 -0.2251601 -0.7776349 0
-0.664024 0.4155801 -0.6215827 0
0.4631251 0.881247 0.0944403 0
-0.2168214 0.04697621 -0.3539312 1

5.366149 0.8221284 0.7904091 0
-1.026273 5.139299 1.621906 0
-0.4973992 -1.734336 5.180819 0
-0.08673497 0.06835818 -0.3146653 1

-0.4232679 -0.871642 -0.2471532 0
0.3416622 0.09909012 -0.9345848 0
0.8391135 -0.4800225 0.2558655 0
-0.1705234 0.09127343 -0.1569003 1

0.1968483 -0.980426 0.003976639 0
0.7018434 0.1437446 0.6976776 0
-0.6845926 -0.1345457 0.7164012 0
-0.1702929 0.04248881 -0.2347723 1

0.1651946 -0.9701453 -0.1775641 0
0.3849543 0.2291819 -0.8940279 0
0.9080315 0.07933441 0.4113212 0
-0.1829462 0.1029154 -0.231005 1

-0.03166689 -0.9993168 -0.01906499 0
0.9370647 -0.03631929 0.3472622 0
-0.3477173 -0.006868534 0.9375743 0
-0.1802837 0.07006776 -0.2382717 1

0.6196684 -0.04677881 -0.7834682 0
-0.6540433 0.5210294 -0.5484118 0
0.4338641 0.852256 0.2922703 0
-0.1808838 0.06061184 -0.3509137 1

0.5035195 -0.2410453 -0.8296778 0
0.1655617 0.9694164 -0.1811664 0
0.8479724 -0.04614215 0.5280281 0
-0.2727181 0.07822847 -0.3343066 1

0.5503526 -0.1835674 -0.814503 0
-0.4013272 0.7972838 -0.45086 0
0.7321531 0.5750142 0.3651167 0
-0.2410142 0.06211734 -0.3765776 1

0.5604731 -0.1320954 -0.81757 0
-0.1956472 0.9381358 -0.2856983 0
0.8047309 0.3200815 0.4999558 0
-0.2615287 0.06739283 -0.3630765 1

-0.4287643 -0.9034066 -0.004218802 0
0.07708786 -0.03193288 -0.996513 0
0.9001216 -0.4275944 0.08333348 0
-0.1560542 0.1007757 -0.1865252 1

0.1776803 -0.9744458 -0.1374242 0
-0.5104092 -0.2106479 0.8337329 0
-0.8413752 -0.0779952 -0.5347939 0
-0.1466849 0.04726601 -0.2113153 1

0.1287685 -0.9824309 -0.1350862 0
0.8301582 0.1813044 -0.5272251 0
0.542454 -0.04425307 0.8389192 0
-0.1700279 0.1106156 -0.2610087 1

-0.09589399 -0.9890251 -0.1124013 0
-0.02994353 -0.1100044 0.9934802 0
-0.9949411 0.09863447 -0.01906618 0
-0.1436476 0.06866169 -0.2246949 1

0.8705349 -0.4005711 -0.2858524 0
-0.2865964 0.05951561 -0.9562011 0
0.400039 0.9143306 -0.06299193 0
-0.1986827 0.07791674 -0.3749527 1

0.6070924 -0.05535763 -0.7927006 0
0.4821728 0.8185949 0.3121079 0
0.631623 -0.5716971 0.5236549 0
-0.2676732 0.1081645 -0.3397921 1

0.5348383 -0.1206787 -0.8362921 0
-0.04031233 0.9849768 -0.1679153 0
0.8439921 0.1235206 0.5219387 0
-0.2563169 0.09250295 -0.3937452 1

0.5660682 -0.04985996 -0.8228494 0
0.3715086 0.9064891 0.2006464 0
0.7358996 -0.419275 0.5316581 0
-0.2687534 0.1021144 -0.3736772 1

-0.3591794 -0.1664511 0.918305 0
-0.1388497 0.9825465 0.1237867 0
-0.9228818 -0.08304477 -0.3760222 0
-0.01148893 -0.2027635 -0.004300758 1

0.08578438 0.1199472 -0.989067 0
0.3670191 -0.9267188 -0.08055353 0
-0.9262494 -0.3560964 -0.123521 0
-0.04288645 -0.2573228 0.08466204 1

-0.4207538 -0.1236267 0.8987117 0
-0.2955226 0.9553105 -0.006943744 0
-0.8576903 -0.2685113 -0.4384851 0
-0.02219601 -0.1353074 0.003738378 1

0.2002872 0.04446059 -0.9787279 0
-0.9672876 -0.149774 -0.2047498 0
-0.1556913 0.9877201 0.01300839 0
0.02904382 -0.2234732 -0.1033337 1

0.2152439 -0.09407295 -0.9720187 0
0.1033284 -0.9875683 0.1184588 0
-0.9710786 -0.1259347 -0.2028477 0
-0.09683727 -0.2429645 -0.1299794 1

-0.5141316 -0.08694286 0.8532934 0
-0.3918213 0.9087838 -0.1434857 0
-0.7629842 -0.4081091 -0.5013006 0
-0.04590699 -0.05865899 0.003181252 1

-0.01023856 0.1323072 -0.9911557 0
0.9141228 -0.4005273 -0.06290831 0
-0.4053084 -0.9066821 -0.1168443 0
0.004883885 -0.3779424 0.07417738 1

-0.6018379 -0.07785615 0.7948141 0
-0.472302 0.8372368 -0.2756182 0
-0.643989 -0.5412699 -0.5406524 0
-0.08183546 0.02467287 -0.009975825 1

0.1916242 0.04033451 -0.9806393 0
-0.2618036 -0.9608521 -0.09067908 0
-0.9459066 0.2741111 -0.1735628 0
-0.0855114 -0.3512124 -0.1169951 1

-0.02402481 0.07593241 -0.9968234 0
-0.6904579 -0.7223538 -0.03838393 0
-0.7229739 0.6873423 0.0697825 0
0.1046699 -0.4216641 0.06731029 1

-0.6944093 -0.1013534 0.7124067 0
-0.3866909 0.8874908 -0.2506596 0
-0.6068493 -0.4495417 -0.6554743 0
-0.1305572 0.1110406 -0.03840805 1

0.1554772 -0.06101264 -0.9859535 0
-0.8668972 -0.4869629 -0.1065689 0
-0.4736207 0.8712895 -0.1286032 0
-0.1128294 -0.4514731 -0.1264571 1

-0.7341169 -0.6117401 -0.2946977 0
0.5792537 -0.3377366 -0.7418889 0
0.354313 -0.7153378 0.6022908 0
-0.09717897 0.1019189 -0.06928754 1

0.04143095 -0.01951227 -0.9989507 0
-0.9970928 0.06318729 -0.04258811 0
0.06395203 0.9978111 -0.01683758 0
0.03355511 -0.4960641 0.06335686 1

0.1833407 0.5851896 0.7898985 0
-0.6157025 -0.5580406 0.5563281 0
0.766353 -0.58834 0.2579913 0
-0.149827 0.09525657 0.000714778 1

-0.9648323 -0.1636237 0.2057326 0
-0.2201198 0.9307171 -0.2920841 0
-0.1436872 -0.3270981 -0.9340029 0
-0.1456873 0.1895657 -0.04198428 1

-0.3784429 -0.0866315 0.9215617 0
-0.3534257 -0.9066544 -0.2303658 0
0.8554948 -0.4128839 0.3124991 0
-0.2068697 0.04355603 0.05225668 1

-0.7694816 0.1878367 -0.6104227 0
0.2908193 -0.7478848 -0.5967349 0
-0.5686145 -0.6366991 0.520857 0
-0.04351568 0.07063031 -0.1380177 1

0.02153251 -0.9099661 -0.4141235 0
0.2133206 0.4088624 -0.8873138 0
0.9767449 -0.06923504 0.2029185 0
-0.2368917 -0.03346026 0.0326881 1

0.6047429 0.3495033 -0.7156352 0
-0.7950078 0.2114091 -0.5685676 0
-0.04742423 0.9127727 0.405706 0
-0.01875866 0.006963968 -0.1888169 1

0.1911106 -0.9333769 -0.3037834 0
0.0949427 0.3256142 -0.9407238 0
0.9769661 0.1509403 0.1508458 0
-0.197462 0.04211289 -0.1313209 1

0.5136315 -0.3536284 -0.7817479 0
-0.8030944 0.1225811 -0.583107 0
0.3020308 0.9273192 -0.2210353 0
-0.1657139 0.04604244 -0.2939152 1

0.1045028 -0.9887549 -0.1069718 0
0.132889 0.1204788 -0.9837811 0
0.9856063 0.08859247 0.1439852 0
-0.1899062 0.06863534 -0.2083124 1

0.3730302 -0.9268033 -0.04340589 0
0.3187239 0.1719386 -0.9321224 0
0.8713573 0.3338754 0.3595328 0
-0.1856483 0.03978068 -0.2112579 1

0.1747397 -0.9630035 -0.2051597 0
0.1969734 0.238343 -0.9509965 0
0.9647111 0.1257658 0.2313342 0
-0.1944817 0.09770793 -0.2054733 1

-0.09347284 -0.5126994 -0.853465 0
0.5034505 0.7152082 -0.4847836 0
0.8589534 -0.4749911 0.1912663 0
-0.1897085 0.07578158 -0.1458073 1

0.6016603 -0.1906214 -0.775673 0
-0.6676208 0.4131135 -0.6193706 0
0.4385064 0.890506 0.1212912 0
-0.2336172 0.05259502 -0.3456886 1

0.548123 -0.3380909 -0.7650202 0
-0.674369 0.3624139 -0.6433374 0
0.4947605 0.8685338 -0.02935055 0
-0.2494214 0.06774491 -0.3207669 1

0.8917288 -0.3152092 -0.3247508 0
-0.2038732 0.3608556 -0.9100655 0
0.4040493 0.8777395 0.2575227 0
-0.1679049 0.04969144 -0.3319241 1

0.5871102 -0.216134 -0.7801205 0
-0.6678047 0.415369 -0.6176614 0
0.4575355 0.8836033 0.09953205 0
-0.2144743 0.04834139 -0.3607611 1

5.359636 0.8280584 0.8275403 0
-1.048433 5.120506 1.666555 0
-0.520856 -1.78632 5.160811 0
-0.09076063 0.07264209 -0.3225871 1

-0.4196496 -0.8702562 -0.2579704 0
0.3464471 0.1091229 -0.9317009 0
0.8389688 -0.4803609 0.2557044 0
-0.1754597 0.09379482 -0.1650625 1

0.1993824 -0.9799111 -0.00455521 0
0.6976856 0.1386908 0.7028513 0
-0.6880999 -0.1433143 0.7113225 0
-0.1746812 0.04577702 -0.2434061 1

0.1686834 -0.9679319 -0.1861557 0
0.3891797 0.238921 -0.8896382 0
0.9055856 0.07761915 0.4170016 0
-0.1875124 0.1061312 -0.239116 1

-0.02895468 -0.9991593 -0.02902082 0
0.9352662 -0.03732625 0.3519718 0
-0.3527591 -0.01695089 0.9355606 0
-0.1847248 0.07336324 -0.2466895 1

0.6185896 -0.0375085 -0.7848185 0
-0.658384 0.5203912 -0.5438054 0
0.4288099 0.8531039 0.2972137 0
-0.1786211 0.06219101 -0.3577139 1

0.5036288 -0.2322169 -0.8321258 0
0.1589223 0.9716627 -0.1749721 0
0.8491774 -0.04412228 0.5262619 0
-0.270539 0.0790965 -0.340833 1

0.5501127 -0.1745368 -0.8166475 0
-0.4073034 0.7976338 -0.4448422 0
0.729027 0.5773365 0.367699 0
-0.2388048 0.06347477 -0.3832647 1

0.559892 -0.1229806 -0.8193881 0
-0.2022575 0.9387218 -0.2790946 0
0.8035006 0.3219902 0.5007091 0
-0.2593296 0.06852615 -0.3696938 1

-0.4263756 -0.9044153 -0.01539207 0
0.0825541 -0.02196272 -0.9963446 0
0.9007713 -0.4260876 0.08402771 0
-0.1608556 0.1036242 -0.194514 1

0.1809634 -0.9725936 -0.1459926 0
-0.5143549 -0.2201176 0.828847 0
-0.838267 -0.07489896 -0.5400916 0
-0.1512128 0.05038416 -0.2197756 1

0.1320606 -0.9807265 -0.1439984 0
0.8325184 0.1885878 -0.5209101 0
0.5380271 -0.05108966 0.8413782 0
-0.1744523 0.1141583 -0.2689722 1

-0.09270304 -0.9881172 -0.1225991 0
-0.03502384 -0.119817 0.992178 0
-0.9950776 0.09627198 -0.02350047 0
-0.1481591 0.07191783 -0.2329283 1

0.8726268 -0.3929639 -0.290004 0
-0.2886498 0.06401461 -0.9552925 0
0.3939601 0.9173231 -0.05756786 0
-0.1965744 0.07953918 -0.3816066 1

0.6060537 -0.04610756 -0.7940865 0
0.4773718 0.8196278 0.3167437 0
0.6362511 -0.5710381 0.5187489 0
-0.265699 0.1091008 -0.3461273 1

0.5341507 -0.1116069 -0.8379899 0
-0.04702547 0.9857901 -0.1612665 0
0.8440806 0.1255477 0.5213121 0
-0.2543353 0.0938735 -0.400203 1

0.5649416 -0.040677 -0.8241277 0
0.3659423 0.9075383 0.2060603 0
0.7395456 -0.4179951 0.5275916 0
-0.2667991 0.1032697 -0.3800501 1

-0.3975927 -0.197694 0.8960118 0
-0.1865091 0.9735399 0.1320389 0
-0.8984066 -0.1146167 -0.4239442 0
-0.02078685 -0.2012095 0.002619609 1

0.03651965 0.1431293 -0.9890302 0
0.5487729 -0.8299872 -0.09984984 0
-0.8351734 -0.5391063 -0.1088562 0
-0.05428097 -0.2586147 0.08898913 1

-0.4736793 -0.1508747 0.8676777 0
-0.3274776 0.9447476 -0.01449942 0
-0.8175489 -0.2910131 -0.4969155 0
-0.03474026 -0.1344123 0.01116595 1

0.1992805 0.003202975 -0.9799374 0
-0.9222713 -0.3373791 -0.1886562 0
-0.3312145 0.9413635 -0.06427903 0
0.02552636 -0.2184353 -0.09452805 1

0.1730572 -0.1439358 -0.9743378 0
-0.3748965 -0.9244221 0.06997463 0
-0.910771 0.353166 -0.2139389 0
-0.0944964 -0.2623413 -0.1190794 1

-0.5800207 -0.09590054 0.808937 0
-0.3943415 0.9019884 -0.1758172 0
-0.7127907 -0.4209751 -0.5609895 0
-0.06101511 -0.05861145 0.0100026 1

-0.05695799 0.1325804 -0.9895346 0
0.9674531 -0.2374415 -0.08750004 0
-0.2465572 -0.9623121 -0.1147411 0
0.017146 -0.3666438 0.07599291 1

-0.6781564 -0.06766528 0.731796 0
-0.4413393 0.8337032 -0.3319016 0
-0.5876423 -0.5480515 -0.5952445 0
-0.09717467 0.02409732 -0.006119148 1

0.2420476 -0.0549974 -0.9687045 0
-0.8302059 -0.5284639 -0.1774382 0
-0.5021665 0.8471726 -0.1735725 0
-0.135589 -0.3636677 -0.1114095 1

-0.03675795 0.0243292 -0.9990282 0
-0.08278368 -0.9963418 -0.02121779 0
-0.9958894 0.08192333 0.03863761 0
0.1227536 -0.3925631 0.06644136 1

-0.7649274 -0.07866321 0.6392949 0
-0.3520753 0.8821862 -0.3127141 0
-0.5393781 -0.4642836 -0.7025039 0
-0.1427024 0.1101005 -0.04035746 1

0.1446348 -0.1273932 -0.9812502 0
-0.9608828 0.2186288 -0.1700167 0
0.2361887 0.9674569 -0.09078862 0
-0.2222173 -0.4188105 -0.1299244 1

-0.6973782 -0.6183091 -0.3624329 0
0.6543539 -0.3430007 -0.6739225 0
0.2923778 -0.7071383 0.6437941 0
-0.1064254 0.100583 -0.06763848 1

0.02844802 0.0004933923 -0.9995955 0
-0.9995778 -0.005939774 -0.02845034 0
-0.005951509 0.9999826 0.0003241152 0
0.1142272 -0.4951829 0.064256 1

0.08813091 0.599056 0.7958422 0
-0.6706701 -0.5550418 0.4920673 0
0.7365016 -0.5771139 0.3528527 0
-0.1657966 0.094818 -0.003153204 1

-0.9708612 -0.177938 0.1605201 0
-0.2215 0.9219661 -0.3176731 0
-0.09146798 -0.3439716 -0.9345143 0
-0.1567907 0.1885706 -0.04755888 1

-0.4420639 -0.0442103 0.8958936 0
-0.3423423 -0.9148638 -0.2140695 0
0.8290846 -0.4013346 0.3892931 0
-0.2279319 0.04339528 0.04243514 1

-0.7748137 0.2314277 -0.5883067 0
0.2527722 -0.7395538 -0.623832 0
-0.5794564 -0.6320611 0.514518 0
-0.04580469 0.06880665 -0.1300721 1

0.05041384 -0.9211468 -0.3859366 0
0.2823617 0.3838085 -0.8791834 0
0.9579824 -0.06465051 0.2794457 0
-0.2570124 -0.03431833 0.02425087 1

0.6293892 0.3396764 -0.69892 0
-0.7726375 0.1773953 -0.6095588 0
-0.08306778 0.9236618 0.3740975 0
-0.02428659 0.005849481 -0.183178 1

0.1955066 -0.9363793 -0.2914984 0
0.09278107 0.3135615 -0.9450244 0
0.9763036 0.1577131 0.1481813 0
-0.2048213 0.0366239 -0.1382553 1

0.5181984 -0.3611153 -0.7752844 0
-0.7994896 0.1174528 -0.5890849 0
0.3037868 0.925095 -0.2278441 0
-0.1671068 0.03864062 -0.2958534 1

0.1092892 -0.9895639 -0.09391188 0
0.1317077 0.1080611 -0.9853812 0
0.9852456 0.0953227 0.1421429 0
-0.1974418 0.06215894 -0.2155969 1

0.3775474 -0.9254594 -0.03135193 0
0.3173185 0.1611116 -0.9345332 0
0.8699235 0.3428822 0.3544926 0
-0.1930441 0.0332889 -0.2181621 1

0.1793402 -0.964774 -0.1924795 0
0.1952324 0.2266624 -0.9542058 0
0.9642206 0.1335493 0.2290048 0
-0.2021582 0.09124392 -0.2131407 1

-0.09146655 -0.5244333 -0.8465248 0
0.4996448 0.7111691 -0.4945648 0
0.861388 -0.4681976 0.1969821 0
-0.1972418 0.07013494 -0.1531923 1

0.6062629 -0.1980939 -0.7701973 0
-0.6636666 0.4075799 -0.6272362 0
0.4381686 0.8914243 0.1156323 0
-0.234692 0.04473668 -0.3480966 1

0.5525951 -0.3454362 -0.7584936 0
-0.6702926 0.3566615 -0.6507691 0
0.4953244 0.8680245 -0.03445387 0
-0.25064 0.06012487 -0.3234136 1

0.8935367 -0.3185827 -0.3163814 0
-0.1981898 0.3524259 -0.914613 0
0.4028807 0.8799438 0.2517656 0
-0.1690657 0.0419355 -0.3339074 1

0.5917286 -0.2236411 -0.7744947 0
-0.66386 0.4098513 -0.6255492 0
0.4573261 0.8843114 0.09405427 0
-0.2154601 0.04033494 -0.3630124 1

5.356002 0.8652134 0.8129225 0
-1.072548 5.136976 1.599161 0
-0.508997 -1.720199 5.184404 0
-0.0983855 0.06513429 -0.3299806 1

-0.4155283 -0.8756487 -0.2461216 0
0.3453499 0.09844361 -0.9332968 0
0.8414686 -0.4728092 0.261499 0
-0.1830931 0.08796072 -0.1726943 1

0.2041857 -0.978897 0.008315347 0
0.697417 0.1514229 0.7004859 0
-0.6869627 -0.1372301 0.713618 0
-0.1821258 0.0389117 -0.2503944 1

0.1733195 -0.9694793 -0.1734077 0
0.3874703 0.2289964 -0.8929883 0
0.9054431 0.08758209 0.4153339 0
-0.1952504 0.09925389 -0.246897 1

-0.02406894 -0.9995865 -0.01574118 0
0.9356485 -0.02806952 0.3518153 0
-0.3521119 -0.006260529 0.9359374 0
-0.1923066 0.06640244 -0.2540369 1

0.6233172 -0.04507969 -0.7806687 0
-0.6548389 0.5155545 -0.5526206 0
0.4273892 0.8556702 0.2918341 0
-0.1796197 0.05419803 -0.3598773 1

0.5085566 -0.2401755 -0.8268529 0
0.160422 0.9699236 -0.1830655 0
0.845952 -0.03954636 0.5317906 0
-0.2716305 0.07129699 -0.3437125 1

0.5549721 -0.1823721 -0.8116319 0
-0.4042368 0.7936087 -0.4547284 0
0.7270476 0.580453 0.3667091 0
-0.2396469 0.05526716 -0.3858033 1

0.5647913 -0.1308475 -0.8147942 0
-0.2001348 0.9361558 -0.2890645 0
0.8005977 0.3263298 0.5025456 0
-0.2602512 0.0604533 -0.3724049 1

-0.4219418 -0.9066178 -0.003106982 0
0.08206487 -0.03477952 -0.9960202 0
0.9029013 -0.4205171 0.08907628 0
-0.1685549 0.09746975 -0.2022834 1

0.1856462 -0.9735477 -0.1331945 0
-0.5127727 -0.2116148 0.832036 0
-0.8382122 -0.08616592 -0.5384939 0
-0.1586662 0.0439471 -0.2268427 1

0.1367852 -0.9818926 -0.1310601 0
0.8312713 0.1857337 -0.5239192 0
0.5387745 -0.03728224 0.8416247 0
-0.1822478 0.1069479 -0.2768658 1

-0.08792675 -0.9900998 -0.1094154 0
-0.03384188 -0.1068083 0.9937038 0
-0.9955519 0.09107585 -0.02411529 0
-0.1557261 0.06531888 -0.240282 1

0.874189 -0.3960019 -0.2810272 0
-0.2828258 0.05520934 -0.9575812 0
0.3947191 0.9165884 -0.06373608 0
-0.19742 0.07132953 -0.3840393 1

0.6108336 -0.05375995 -0.7899316 0
0.4758165 0.8223584 0.3119698 0
0.6328355 -0.5664243 0.5279042 0
-0.2667449 0.1012486 -0.3492571 1

0.5391684 -0.1196376 -0.8336571 0
-0.04559851 0.9842603 -0.1707414 0
0.8409625 0.130072 0.5252267 0
-0.2550605 0.08551276 -0.4031185 1

0.5699069 -0.04859377 -0.8202711 0
0.3650996 0.9092762 0.1997972 0
0.7361441 -0.4133466 0.5359445 0
-0.2676419 0.09510148 -0.3831301 1

-0.4025688 -0.1791149 0.8976949 0
-0.2084147 0.9728481 0.100647 0
-0.8913482 -0.1465755 -0.4289685 0
-0.01457271 -0.2060053 0.006532681 1

0.05825877 0.09483039 -0.9937873 0
0.5703076 -0.8202069 -0.04483368 0
-0.8193626 -0.5641524 -0.1018667 0
-0.04773671 -0.2614897 0.09427397 1

-0.4831676 -0.1860458 0.8555325 0
-0.3455948 0.9383419 0.008876728 0
-0.8044335 -0.2913786 -0.5176728 0
-0.03002349 -0.1392959 0.01291419 1

0.1679298 -0.07774867 -0.9827282 0
-0.8124614 -0.5755006 -0.09330353 0
-0.5583065 0.8140972 -0.1598114 0
0.03309685 -0.2251503 -0.08959426 1

0.1435064 -0.1230088 -0.981975 0
-0.7515633 -0.6590972 -0.02727091 0
-0.6438623 0.7419298 -0.1870335 0
-0.07263544 -0.300045 -0.1017366 1

-0.6001178 -0.1120112 0.7920303 0
-0.404273 0.8968558 -0.1794799 0
-0.6902332 -0.4279056 -0.5835022 0
-0.05775195 -0.06400895 0.0136264 1

-0.03774697 0.1142491 -0.9927347 0
0.9790078 -0.1948977 -0.05965489 0
-0.2002972 -0.9741468 -0.104494 0
0.02649316 -0.3682459 0.08843853 1

-0.7100403 -0.05684621 0.7018625 0
-0.4322134 0.8220689 -0.3706672 0
-0.5559084 -0.5665433 -0.6082719 0
-0.0948222 0.01822919 -0.002831194 1

0.2777036 -0.0799716 -0.9573324 0
-0.9175774 -0.3171869 -0.239675 0
-0.2844861 0.9449852 -0.1614641 0
-0.1550147 -0.372289 -0.1047258 1

-0.1427639 -0.00152947 -0.9897556 0
0.4352566 -0.8982107 -0.06139407 0
-0.8889152 -0.4395625 0.1288978 0
0.1333621 -0.389521 0.08192657 1

-0.7937895 -0.06452212 0.6047603 0
-0.3437223 0.8679225 -0.3585601 0
-0.5017501 -0.4924909 -0.7111255 0
-0.1394085 0.1030322 -0.0410685 1

0.1634332 -0.1363258 -0.9770901 0
-0.8754207 0.4366298 -0.207347 0
0.4548935 0.8892524 -0.04798269 0
-0.2507598 -0.405386 -0.1297348 1

-0.6712944 -0.6374824 -0.3781268 0
0.6867258 -0.3429899 -0.6409098 0
0.2788751 -0.6899087 0.6680229 0
-0.1018627 0.0932101 -0.06645933 1

-0.07356244 -0.003779903 -0.9972834 0
-0.9534408 -0.2929969 0.07143903 0
-0.292471 0.9561062 0.01794966 0
0.1781921 -0.4820337 0.07560319 1

0.03091036 0.6223873 0.7820988 0
-0.689126 -0.5534967 0.4677037 0
0.7239821 -0.5534214 0.4117946 0
-0.1640454 0.08840191 -0.004598879 1

-0.9710405 -0.2091 0.1155739 0
-0.2362954 0.9119784 -0.3353503 0
-0.0352793 -0.3529484 -0.9349774 0
-0.1537529 0.1810827 -0.0515693 1

-0.446137 -0.02603467 0.8945858 0
-0.3406851 -0.9193797 -0.1966585 0
0.8275842 -0.3925087 0.4012997 0
-0.2278905 0.03712237 0.03873226 1

-0.7928428 0.2580088 -0.5521159 0
0.2187102 -0.7251474 -0.6529372 0
-0.5688287 -0.6384301 0.5184987 0
-0.03824294 0.06143475 -0.1258346 1

0.06196485 -0.9287018 -0.3656138 0
0.286593 0.3674472 -0.8847865 0
0.9560466 -0.04995673 0.2889282 0
-0.2568302 -0.04097492 0.02202698 1

0.6246052 0.3382151 -0.7039025 0
-0.77533 0.1607146 -0.6107653 0
-0.09344265 0.9272441 0.3626113 0
-0.01962448 -0.0002958775 -0.1814181 1

0.1975133 -0.9333326 -0.2997979 0
0.08880627 0.3216007 -0.9427016 0
0.9762695 0.1595724 0.1464063 0
-0.2038571 0.02694315 -0.1415148 1

0.5138294 -0.3519939 -0.7823552 0
-0.8033792 0.1224684 -0.5827377 0
0.300934 0.9279558 -0.2198567 0
-0.1629423 0.02941185 -0.2943166 1

0.1120891 -0.9884095 -0.1023854 0
0.1282482 0.1165623 -0.9848682 0
0.9853875 0.09726235 0.1398272 0
-0.1968025 0.0531354 -0.2186668 1

0.380342 -0.9239742 -0.04014324 0
0.3138523 0.1697794 -0.934169 0
0.8699637 0.3427048 0.3545657 0
-0.1923226 0.02430147 -0.221483 1

0.1817497 -0.9625903 -0.2009652 0
0.1914998 0.2351038 -0.9529186 0
0.964518 0.1347079 0.2270658 0
-0.2016021 0.0821842 -0.2159568 1

-0.09250391 -0.5177519 -0.8505152 0
0.4958474 0.7167787 -0.490269 0
0.8634689 -0.4670774 0.190421 0
-0.1964299 0.06059945 -0.1561996 1

0.6016767 -0.1888968 -0.776082 0
-0.668241 0.4132015 -0.6186426 0
0.4375377 0.8908327 0.122385 0
-0.230866 0.03595823 -0.3460639 1

0.5483078 -0.3364405 -0.7656152 0
-0.6749385 0.3625268 -0.6426761 0
0.4937781 0.8691275 -0.02830052 0
-0.246681 0.05105662 -0.3211178 1

0.8919993 -0.3137686 -0.3254021 0
-0.204509 0.3618573 -0.9095249 0
0.4031295 0.8778432 0.2586079 0
-0.1651471 0.03310978 -0.33232 1

0.5871541 -0.2144197 -0.7805603 0
-0.6684272 0.4154544 -0.6169303 0
0.456569 0.8839808 0.1006117 0
-0.2117222 0.03174651 -0.361147 1

5.355815 0.875414 0.8031851 0
-1.083559 5.120263 1.644691 0
-0.4871918 -1.764301 5.171662 0
-0.09811862 0.05736244 -0.3333326 1

-0.4135621 -0.8749059 -0.2520049 0
0.3420833 0.1071921 -0.9335356 0
0.8437686 -0.4722815 0.2549602 0
-0.1823989 0.07862931 -0.1755988 1

0.2072748 -0.9782827 -0.0003723875 0
0.6991538 0.1478679 0.6995134 0
-0.6842668 -0.1452519 0.7146193 0
-0.181524 0.03022313 -0.253702 1

0.1758041 -0.9674712 -0.1819141 0
0.3839222 0.2375418 -0.8922879 0
0.9064749 0.08702716 0.4131945 0
-0.1948264 0.09049284 -0.2496675 1

-0.02098893 -0.9994945 -0.02388126 0
0.9368411 -0.02800318 0.3486329 0
-0.3491255 -0.01505557 0.9369551 0
-0.1918024 0.05771053 -0.2570864 1

0.6184318 -0.03575265 -0.7850245 0
-0.6591052 0.5203869 -0.5429345 0
0.4279279 0.853182 0.2982592 0
-0.1758837 0.04563212 -0.3580902 1

0.5036777 -0.230526 -0.8325663 0
0.1577875 0.9720765 -0.1736975 0
0.8493598 -0.0438811 0.5259872 0
-0.2678163 0.06241155 -0.3411632 1

0.5501008 -0.1728146 -0.8170216 0
-0.4083109 0.7977771 -0.4436599 0
0.728472 0.5776566 0.3682955 0
-0.2360754 0.04688287 -0.383624 1

0.5598214 -0.1212437 -0.8196948 0
-0.2033813 0.9388707 -0.2777734 0
0.8032658 0.3222142 0.5009412 0
-0.2566025 0.05189288 -0.3700411 1

-0.4191087 -0.9078892 -0.00923416 0
0.07901937 -0.02634211 -0.996525 0
0.9044909 -0.4183819 0.08278111 0
-0.1679843 0.08842671 -0.2051542 1

0.1882709 -0.9718304 -0.1417744 0
-0.5094707 -0.2200561 0.8318744 0
-0.839639 -0.08438776 -0.536549 0
-0.1580058 0.03513896 -0.2301836 1

0.139443 -0.9803469 -0.1395554 0
0.8290228 0.1926518 -0.5249821 0
0.5415505 -0.04248941 0.8395938 0
-0.1819428 0.09847355 -0.2796127 1

-0.08517242 -0.9894406 -0.1172733 0
-0.03036088 -0.1150691 0.9928935 0
-0.9959037 0.08812758 -0.02023965 0
-0.1551752 0.05662966 -0.2434559 1

0.8729933 -0.3915918 -0.2907557 0
-0.2889638 0.06498291 -0.955132 0
0.3929158 0.9178419 -0.05642638 0
-0.1938626 0.06299239 -0.3819548 1

0.6059034 -0.04435323 -0.7943011 0
0.4765323 0.8197339 0.3177317 0
0.637023 -0.5710249 0.5178151 0
-0.2630114 0.09242833 -0.3464181 1

0.5340626 -0.1098739 -0.8382747 0
-0.04817244 0.985954 -0.1599209 0
0.8440714 0.1257897 0.5212684 0
-0.2516442 0.0772872 -0.4005173 1

0.5647776 -0.03892827 -0.8243245 0
0.3649758 0.9076689 0.2071954 0
0.7401479 -0.4178782 0.5268389 0
-0.2641134 0.08664197 -0.3803484 1

-0.4033833 -0.1054025 0.9089402 0
-0.151364 0.9873448 0.04731983 0
-0.9024251 -0.1184928 -0.4142326 0
-0.004180009 -0.2132072 0.008789479 1

0.03999284 0.05316122 -0.9977849 0
0.5495391 -0.8351659 -0.02247056 0
-0.8345103 -0.547423 -0.06261483 0
-0.03960907 -0.2617217 0.09971818 1

-0.4795448 -0.1628211 0.8622795 0
-0.2993618 0.9540418 0.01366227 0
-0.8248754 -0.2515819 -0.5062484 0
-0.01572187 -0.1454657 0.01152269 1

0.1769468 -0.09027752 -0.9800715 0
-0.7824898 -0.6169104 -0.0844489 0
-0.5969923 0.7818386 -0.1798016 0
0.04137414 -0.2403856 -0.08642326 1

0.1901554 -0.1641658 -0.9679312 0
-0.7017674 -0.7122017 -0.01707324 0
-0.6865593 0.6825088 -0.2506352 0
-0.0604577 -0.3206692 -0.09741329 1

-0.5894373 -0.08508954 0.8033203 0
-0.3767681 0.9086084 -0.1802122 0
-0.7145695 -0.4088893 -0.5676268 0
-0.03974088 -0.06891912 0.01261887 1

-0.06393924 0.1246137 -0.9901431 0
0.9908369 0.1262087 -0.04810005 0
0.1189708 -0.9841457 -0.1315416 0
0.03191762 -0.370425 0.09679346 1

-0.6900065 -0.03405697 0.7230015 0
-0.4279267 0.8248123 -0.369545 0
-0.5837549 -0.56438 -0.5836998 0
-0.07428904 0.01439673 -0.003905879 1

0.1774067 -0.1406261 -0.9740387 0
-0.9368964 -0.3270985 -0.1234172 0
-0.3012508 0.9344683 -0.1897816 0
-0.1373788 -0.398734 -0.09928469 1

-0.08420932 0.002841778 -0.9964442 0
0.7556595 -0.6516591 -0.06571913 0
-0.6495285 -0.7585067 0.05272835 0
0.1400778 -0.3566479 0.09154284 1

-0.7749086 -0.04615431 0.6303861 0
-0.3468083 0.864845 -0.3629971 0
-0.5284326 -0.4999126 -0.6861826 0
-0.1184331 0.09948277 -0.04202741 1

0.08227798 -0.1190446 -0.9894741 0
-0.7876403 0.6005405 -0.1377466 0
0.6106172 0.7906831 -0.04435301 0
-0.2351398 -0.4328653 -0.1121627 1

-0.7079591 -0.6266792 -0.3256796 0
0.6453365 -0.3866554 -0.6588159 0
0.2869406 -0.6765876 0.6781552 0
-0.0818349 0.08861917 -0.06836004 1

-0.02375609 0.0274227 -0.9993417 0
-0.2248342 -0.9741624 -0.02138709 0
-0.9741074 0.2241781 0.02930781 0
0.2179082 -0.4237666 0.08477399 1

0.04943301 0.6361367 0.7699913 0
-0.686488 -0.538325 0.4888152 0
0.7254589 -0.5527535 0.4100893 0
-0.1422485 0.08581209 -0.004650946 1

-0.970742 -0.2098042 0.1168001 0
-0.237357 0.9120322 -0.3344535 0
-0.0363557 -0.3523913 -0.9351463 0
-0.1323791 0.1774744 -0.05346037 1

-0.4091852 -0.01817546 0.9122704 0
-0.3502956 -0.9200599 -0.1754505 0
0.8425322 -0.3913561 0.3701081 0
-0.2058492 0.03593814 0.04063608 1

-0.7845435 0.2695057 -0.5584429 0
0.196171 -0.746471 -0.6358444 0
-0.588225 -0.6083979 0.5327697 0
-0.02204952 0.05279857 -0.1293942 1

0.05375621 -0.9417759 -0.3319164 0
0.2419474 0.3347767 -0.9107063 0
0.9687992 -0.03135023 0.2458566 0
-0.2356053 -0.0422169 0.02573236 1

0.6298022 0.3088652 -0.7127073 0
-0.7747716 0.1842532 -0.6047975 0
-0.05548216 0.9330881 0.3553429 0
-0.005349802 -0.01074734 -0.1835226 1

0.189628 -0.9354454 -0.2983005 0
0.08698997 0.3186247 -0.9438809 0
0.9779949 0.153037 0.1417946 0
-0.1908843 0.01966238 -0.1426004 1

0.5121953 -0.3553279 -0.7819194 0
-0.8036104 0.1230129 -0.5823046 0
0.3030952 0.9266124 -0.2225385 0
-0.1485644 0.02331138 -0.2953179 1

0.1046728 -0.9894273 -0.100384 0
0.1248023 0.1132089 -0.9857019 0
0.9866447 0.090648 0.1353328 0
-0.1839793 0.04561263 -0.2198476 1

0.3736404 -0.926734 -0.0394609 0
0.3109947 0.1652396 -0.9359371 0
0.8738852 0.3374317 0.3499496 0
-0.179715 0.01674092 -0.2226107 1

0.1740863 -0.9643455 -0.1993278 0
0.1890259 0.2313796 -0.9543231 0
0.9664178 0.1284566 0.2225664 0
-0.1885621 0.07470125 -0.21719 1

-0.09983316 -0.5191951 -0.8488049 0
0.498762 0.7120403 -0.4942016 0
0.8609704 -0.4726893 0.1878696 0
-0.1832836 0.05322886 -0.1574016 1

0.6004645 -0.1924399 -0.7761505 0
-0.6677642 0.4133059 -0.6190877 0
0.4399247 0.8900256 0.119671 0
-0.2165197 0.02989739 -0.3470188 1

0.5467289 -0.3398192 -0.7652519 0
-0.6746134 0.3625865 -0.6429837 0
0.4959681 0.867787 -0.03101024 0
-0.2322726 0.04510069 -0.322097 1

0.89089 -0.3168871 -0.3254193 0
-0.2044377 0.360025 -0.9102678 0
0.4056113 0.8774765 0.2559589 0
-0.1507954 0.02691668 -0.3333288 1

0.5858726 -0.2179371 -0.780549 0
-0.6679428 0.4155638 -0.617381 0
0.4589181 0.8830687 0.09789798 0
-0.1974009 0.02559775 -0.3621088 1

5.365281 0.8395615 0.7778854 0
-1.040299 5.131853 1.636477 0
-0.4772266 -1.747975 5.17813 0
-0.08576529 0.04885805 -0.334948 1

-0.4208075 -0.8725863 -0.2480205 0
0.3387862 0.1024563 -0.9352683 0
0.8415133 -0.4775939 0.2525058 0
-0.1692099 0.07111096 -0.1769064 1

0.2003684 -0.9797201 0.001192052 0
0.7032006 0.1446626 0.696119 0
-0.682174 -0.138642 0.7179255 0
-0.1690145 0.02250612 -0.2548907 1

0.1681891 -0.969137 -0.1802388 0
0.3817213 0.2326093 -0.8945287 0
0.9088463 0.08164889 0.4090627 0
-0.1818739 0.08287817 -0.2509504 1

-0.02813888 -0.9993775 -0.02127924 0
0.9381207 -0.03375281 0.34466 0
-0.3451637 -0.01026415 0.9384864 0
-0.1791133 0.05005693 -0.2582999 1

0.6176021 -0.03936264 -0.785505 0
-0.6582837 0.5206633 -0.5436658 0
0.4303838 0.8528544 0.2956508 0
-0.1615242 0.03939974 -0.3591212 1

0.5023066 -0.2339645 -0.8324355 0
0.160105 0.9712176 -0.1763603 0
0.8497381 -0.04469017 0.525308 0
-0.2533978 0.05645764 -0.3421521 1

0.5488913 -0.176332 -0.8170834 0
-0.4066893 0.7976676 -0.4453433 0
0.7302892 0.5767443 0.3661204 0
-0.2217364 0.04073822 -0.3846021 1

0.5587412 -0.1247931 -0.8198992 0
-0.2012447 0.9386658 -0.2800136 0
0.8045552 0.3214555 0.4993572 0
-0.2422379 0.04583573 -0.3710131 1

-0.4255357 -0.9049268 -0.005145893 0
0.07451716 -0.02937277 -0.9967871 0
0.9018683 -0.424552 0.07993181 0
-0.1548547 0.08073294 -0.2065481 1

0.1807983 -0.9734845 -0.1401426 0
-0.5074037 -0.2143874 0.8346134 0
-0.842528 -0.07978768 -0.5327106 0
-0.1453606 0.02731419 -0.2314863 1

0.1319218 -0.9816505 -0.1376916 0
0.8280802 0.1854891 -0.529034 0
0.5448669 -0.04422864 0.8373554 0
-0.1690642 0.0906933 -0.2809708 1

-0.0926536 -0.9891025 -0.1144188 0
-0.02687314 -0.1123872 0.9933012 0
-0.9953357 0.09510774 -0.0161671 0
-0.1424361 0.04875124 -0.2448247 1

0.871718 -0.3945717 -0.2905539 0
-0.2896928 0.06325021 -0.9550276 0
0.3952041 0.9166861 -0.05916819 0
-0.1794811 0.0567441 -0.383014 1

0.6050429 -0.04795525 -0.7947475 0
0.4789209 0.8193329 0.3151647 0
0.6360487 -0.5713093 0.5186982 0
-0.2485211 0.08644855 -0.3474892 1

0.5329942 -0.1134056 -0.8384846 0
-0.04580563 0.985657 -0.1624279 0
0.8448783 0.1249806 0.5201548 0
-0.2372434 0.07113826 -0.4015595 1

0.5639031 -0.04250288 -0.8247466 0
0.3674857 0.9072664 0.2045051 0
0.7395728 -0.4184037 0.5272294 0
-0.2496698 0.08057714 -0.3814034 1

-0.4448546 -0.07924721 0.8920898 0
-0.09895024 0.9943284 0.0389863 0
-0.8901198 -0.07092927 -0.4501731 0
0.0001288959 -0.2181394 0.01067676 1

0.06984395 0.07388627 -0.9948179 0
0.375905 -0.9256895 -0.04236057 0
-0.9240224 -0.3709984 -0.09242803 0
-0.04153585 -0.264249 0.1002025 1

-0.4981403 -0.1229147 0.8583404 0
-0.2629367 0.9647049 -0.01444995 0
-0.8262691 -0.2328873 -0.5128772 0
-0.007793505 -0.1498579 0.0127918 1

0.225689 -0.07794873 -0.9710761 0
-0.8168788 -0.5582769 -0.1450387 0
-0.5308235 0.825985 -0.1896716 0
0.04793039 -0.2481802 -0.08255345 1

0.1922852 -0.1718859 -0.9661686 0
-0.4569259 -0.8869883 0.0668627 0
-0.8684729 0.4286106 -0.2490939 0
-0.05837677 -0.3208334 -0.1014285 1

-0.5807527 -0.07607239 0.810518 0
-0.3704984 0.911236 -0.1799442 0
-0.7248845 -0.4047986 -0.5573875 0
-0.02888997 -0.07245573 0.01163242 1

-0.02974227 0.1038145 -0.9941518 0
0.9262455 0.3767417 0.01163068 0
0.3757458 -0.9204826 -0.1073628 0
0.00739104 -0.3847346 0.09468891 1

-0.65793 -0.05190589 0.7512883 0
-0.456296 0.8211201 -0.3428642 0
-0.5991012 -0.5683904 -0.563924 0
-0.06286322 0.01110107 -0.004867754 1

0.1733474 -0.1119013 -0.978483 0
-0.8361321 -0.5417165 -0.0861769 0
-0.5204169 0.8330794 -0.1874694 0
-0.1084607 -0.4180567 -0.09409969 1

-0.0435642 0.01029958 -0.9989975 0
0.7824799 -0.6213557 -0.04052839 0
-0.6211503 -0.783461 0.01900959 0
0.1085004 -0.3436093 0.09595853 1

-0.7409624 -0.07553676 0.6672849 0
-0.3872343 0.8598794 -0.3326518 0
-0.548657 -0.5048779 -0.6663886 0
-0.1099338 0.09580624 -0.04023695 1

0.09866098 -0.07568429 -0.9922389 0
-0.9482283 0.2953275 -0.1168115 0
0.3018762 0.9523937 -0.04262865 0
-0.1957073 -0.4745824 -0.1030918 1

-0.7311257 -0.6283081 -0.2658659 0
0.5975683 -0.4017251 -0.6939231 0
0.3291925 -0.6662177 0.6691684 0
-0.07432411 0.08578098 -0.06820656 1

0.001196921 0.05307294 -0.9985899 0
-0.1600203 -0.9857124 -0.05258034 0
-0.9871132 0.1598576 0.007312894 0
0.1890932 -0.4076068 0.09178425 1

0.05813694 0.6303452 0.7741351 0
-0.6586868 -0.5584807 0.5042136 0
0.7501681 -0.5392259 0.3827318 0
-0.1319146 0.08140731 -0.002019464 1

-0.9658884 -0.2182981 0.1393045 0
-0.2527491 0.9118024 -0.3236267 0
-0.05637121 -0.3477964 -0.935874 0
-0.126489 0.1735363 -0.04982098 1

-0.3574168 -0.03989191 0.9330927 0
-0.3354603 -0.926931 -0.1681249 0
0.8716192 -0.3731062 0.3179187 0
-0.1929397 0.02966601 0.04469418 1

-0.7799959 0.2413099 -0.5773872 0
0.214611 -0.7635559 -0.6090357 0
-0.5878338 -0.598959 0.5437825 0
-0.0189641 0.04856431 -0.1324931 1

0.05268393 -0.9309431 -0.3613446 0
0.1865665 0.3646521 -0.9122623 0
0.981029 -0.01935314 0.1928942 0
-0.2214355 -0.04907268 0.03041272 1

0.618023 0.2901217 -0.730669 0
-0.7859423 0.2061284 -0.5829288 0
-0.01850871 0.934527 0.3554111 0
-0.0006946019 -0.01643604 -0.1843393 1

0.1904348 -0.9377086 -0.2905817 0
0.08736295 0.3110119 -0.9463825 0
0.9778051 0.1548383 0.1411486 0
-0.186951 0.01832879 -0.1382076 1

0.5108324 -0.3576816 -0.781738 0
-0.8048804 0.1204778 -0.581079 0
0.3020232 0.9260395 -0.2263469 0
-0.1459741 0.02166629 -0.2920923 1

0.105393 -0.9901397 -0.09228544 0
0.1253376 0.1052888 -0.9865116 0
0.9865004 0.09240459 0.1351987 0
-0.1800154 0.04365575 -0.2156587 1

0.374281 -0.9267735 -0.03170826 0
0.3114647 0.1578464 -0.9370565 0
0.8734437 0.3408464 0.347736 0
-0.1757302 0.01476538 -0.2181847 1

0.174851 -0.9658152 -0.1913872 0
0.1894632 0.2237535 -0.9560537 0
0.9661944 0.1309062 0.22211 0
-0.1846192 0.07276189 -0.2132401 1

-0.0989618 -0.526134 -0.8446243 0
0.4985946 0.7083401 -0.4996583 0
0.8611681 -0.4705722 0.1922289 0
-0.1793635 0.05177909 -0.1532761 1

0.5990048 -0.1947167 -0.7767102 0
-0.6693028 0.4107316 -0.6191392 0
0.4395764 0.8907217 0.115706 0
-0.2140393 0.02802956 -0.3436764 1

0.5453897 -0.3420929 -0.7651946 0
-0.6761672 0.3599257 -0.6428465 0
0.4953263 0.8680012 -0.03501216 0
-0.2297513 0.04330808 -0.3187749 1

0.8904337 -0.3174196 -0.3261484 0
-0.2065371 0.3567532 -0.9110817 0
0.4055498 0.8786194 0.2521061 0
-0.1482851 0.02513915 -0.3301106 1

0.584421 -0.2202384 -0.7809913 0
-0.6694797 0.4129953 -0.61744 0
0.4585298 0.8837026 0.09391792 0
-0.1949484 0.02369046 -0.3587905 1

5.364238 0.8494421 0.7743411 0
-1.044725 5.144269 1.594131 0
-0.4792734 -1.706211 5.191855 0
-0.08173227 0.04603279 -0.3307213 1

-0.4200735 -0.8748528 -0.2411885 0
0.3392976 0.0950892 -0.9358609 0
0.8416744 -0.474965 0.256891 0
-0.1652896 0.06951177 -0.1729167 1

0.201019 -0.979544 0.009266965 0
0.702673 0.1507789 0.6953541 0
-0.6825266 -0.1332678 0.7186082 0
-0.1650136 0.02027565 -0.2505039 1

0.1689452 -0.9704553 -0.1722636 0
0.3821209 0.2255974 -0.8961529 0
0.9085382 0.08557528 0.4089447 0
-0.1779156 0.08066905 -0.2470616 1

-0.02746115 -0.9995363 -0.01318423 0
0.9379292 -0.03032576 0.3454988 0
-0.3457384 -0.002878234 0.9383269 0
-0.1751286 0.04779112 -0.2541428 1

0.6160215 -0.04166135 -0.7866269 0
-0.6597398 0.5183543 -0.5441071 0
0.4304197 0.8541507 0.2918318 0
-0.159075 0.03752625 -0.355924 1

0.5007598 -0.2364995 -0.8326511 0
0.1590983 0.9707096 -0.18003 0
0.8508395 -0.04232152 0.523719 0
-0.2509249 0.05458212 -0.3388257 1

0.5473374 -0.1787838 -0.8175929 0
-0.4081293 0.7958611 -0.4472537 0
0.7306522 0.5784822 0.3626376 0
-0.2193399 0.03873736 -0.3812861 1

0.5571473 -0.1272485 -0.8206064 0
-0.2024409 0.9375632 -0.2828309 0
0.8053601 0.3237029 0.4966003 0
-0.2398171 0.04386806 -0.3676728 1

-0.4249308 -0.9052243 0.001937717 0
0.07515442 -0.03741187 -0.9964701 0
0.9021009 -0.4232851 0.08392897 0
-0.1509224 0.07890242 -0.2026268 1

0.1815325 -0.9744689 -0.1321257 0
-0.5077783 -0.2079465 0.8360144 0
-0.8421448 -0.08467326 -0.532563 0
-0.1413774 0.0252893 -0.2271247 1

0.1326599 -0.9826474 -0.1296384 0
0.8282844 0.1817441 -0.5300135 0
0.5443772 -0.03706591 0.8380215 0
-0.1650924 0.08824897 -0.2771367 1

-0.091925 -0.990061 -0.1064438 0
-0.0274139 -0.1043397 0.9941641 0
-0.9953888 0.09430644 -0.01755002 0
-0.1384588 0.04661942 -0.2406349 1

0.8713845 -0.394996 -0.2909768 0
-0.2916861 0.05976992 -0.954645 0
0.3944725 0.9167365 -0.06313206 0
-0.1770923 0.05477643 -0.3798395 1

0.6034492 -0.05029399 -0.795814 0
0.479019 0.8207285 0.3113616 0
0.6374874 -0.5691006 0.5193595 0
-0.2460792 0.08455753 -0.3442759 1

0.5313547 -0.1159419 -0.839178 0
-0.04679321 0.9850611 -0.1657261 0
0.8458564 0.1273273 0.5179915 0
-0.2349018 0.06906867 -0.3983163 1

0.5622444 -0.04497203 -0.8257474 0
0.3672993 0.9082068 0.2006281 0
0.7409269 -0.4160986 0.5271524 0
-0.2472932 0.0785687 -0.3781674 1

-0.5031514 -0.07366029 0.8610533 0
-0.04487908 0.9972435 0.0590861 0
-0.8630322 -0.008914027 -0.5050703 0
-0.005390941 -0.2137403 0.009471795 1

0.1485624 0.07347149 -0.98617 0
-0.05320823 -0.9951978 -0.08215968 0
-0.9874706 0.0646782 -0.1439397 0
-0.05507103 -0.2593879 0.09505856 1

-0.531775 -0.07948542 0.8431473 0
-0.2324821 0.9710395 -0.0550849 0
-0.8143509 -0.2253094 -0.5348536 0
-0.009561339 -0.1451805 0.01289992 1

0.3081148 -0.03979897 -0.9505163 0
-0.7998968 -0.5517058 -0.2361903 0
-0.5150052 0.8330887 -0.2018238 0
0.04633457 -0.2443666 -0.08144471 1

0.2537255 -0.1751882 -0.9512794 0
-0.04272603 -0.9845319 0.1699162 0
-0.9663321 -0.002467712 -0.257286 0
-0.05776259 -0.3161646 -0.1121821 1

-0.5791619 -0.06585683 0.812548 0
-0.3646148 0.9124052 -0.1859372 0
-0.7291279 -0.4039549 -0.5524428 0
-0.02821431 -0.06727004 0.008480232 1

0.07684353 0.09419317 -0.9925839 0
0.9376293 0.3316953 0.104066 0
0.3390377 -0.9386725 -0.06282958 0
-0.06199649 -0.3889204 0.08436485 1

-0.6241112 -0.06729122 0.7784324 0
-0.4796239 0.8194833 -0.3137005 0
-0.6168031 -0.5691388 -0.5437232 0
-0.06164806 0.0163939 -0.008569477 1

0.1893503 -0.07951961 -0.9786843 0
-0.7168785 -0.6923063 -0.08244669 0
-0.6709931 0.717209 -0.1880943 0
