MeshAnim
1
15
47
30
-0.6933326 -0.1073307 0.7125798 0
-0.07318281 0.9942207 0.07854615 0
-0.716892 0.002310019 -0.6971804 0
0.01758254 -0.2929693 0.006580819 1

0.6032311 0.06813961 -0.7946504 0
-0.3061987 -0.9002061 -0.3096309 0
-0.7364472 0.4300999 -0.5221681 0
-0.05041601 -0.3419369 0.07626067 1

-0.7181963 -0.07946944 0.6912876 0
-0.259164 0.9525301 -0.1597506 0
-0.645777 -0.2938891 -0.7046994 0
0.0116496 -0.2246033 0.01110562 1

0.7086757 0.1846692 -0.6809379 0
-0.4162224 -0.6698696 -0.6148446 0
-0.5696822 0.719147 -0.3978567 0
0.09002569 -0.3200264 -0.07022552 1

0.7914076 0.07302424 -0.6069115 0
0.6051373 -0.2340863 0.7609288 0
-0.08650343 -0.9694697 -0.2294474 0
0.03585923 -0.4072021 -0.1502403 1

-0.7389659 -0.05810723 0.6712323 0
-0.3015752 0.9194233 -0.2524144 0
-0.6024796 -0.3889527 -0.6969463 0
-0.009144168 -0.1481779 -0.001711815 1

0.6337888 0.1933628 -0.7489477 0
0.6709508 -0.6192169 0.4079159 0
-0.3848853 -0.7610397 -0.5221896 0
-0.0902701 -0.4591056 0.03595984 1

-0.7569436 -0.03944652 0.6522885 0
-0.3409387 0.8753951 -0.3427012 0
-0.5574918 -0.4817959 -0.6760737 0
-0.03679743 -0.06387043 -0.02485722 1

0.7985592 0.1166783 -0.5904994 0
0.3986095 -0.8375962 0.3735551 0
-0.451014 -0.5336847 -0.7153791 0
0.1021886 -0.4328604 -0.06683452 1

0.6278412 0.07641009 -0.7745816 0
-0.4909756 -0.7333201 -0.4703027 0
-0.6039521 0.6755761 -0.4228931 0
-0.01702881 -0.5266996 0.08048814 1

-0.8003177 -0.0474169 0.597698 0
-0.2848318 0.907267 -0.3094141 0
-0.5276003 -0.4178731 -0.7396079 0
-0.07196799 0.02643365 -0.0602096 1

0.8042461 0.04283791 -0.5927509 0
-0.06412972 -0.9853194 -0.15822 0
-0.5908263 0.1652606 -0.7896917 0
0.1437818 -0.5202598 -0.02785571 1

-0.6757126 -0.6388811 -0.3677543 0
0.687579 -0.3663525 -0.626914 0
0.2657959 -0.6764737 0.6868303 0
-0.03372149 0.0150649 -0.08384878 1

0.7021734 0.0003317744 -0.7120059 0
-0.7113288 0.04393071 -0.7014852 0
0.03104636 0.9990345 0.0310831 0
-0.06759764 -0.6022291 0.03204853 1

0.3020056 0.5143037 0.802673 0
-0.7138122 -0.4360919 0.5479926 0
0.6318738 -0.7384549 0.2354141 0
-0.1000244 0.0117563 -0.02632047 1

-0.9359092 -0.2528036 0.2452838 0
-0.3125801 0.9170846 -0.247486 0
-0.1623808 -0.3082952 -0.9373294 0
-0.0811964 0.1057175 -0.06627665 1

-0.2125672 0.2751848 0.9375972 0
-0.6732492 -0.7366769 0.06357908 0
0.7082022 -0.6177218 0.3418615 0
-0.1661566 -0.02864617 0.02444915 1

-0.8914934 0.2156301 -0.3984263 0
0.1075707 -0.7535568 -0.648522 0
-0.4400775 -0.6210117 0.6485955 0
0.0299773 -0.01887482 -0.1419275 1

-0.2443883 -0.8956166 -0.3716789 0
0.428156 0.2442467 -0.8700727 0
0.8700327 -0.3717719 0.3237725 0
-0.2233462 -0.0912236 0.02984991 1

0.4489197 0.4620951 -0.7648135 0
-0.8887071 0.3200812 -0.32825 0
0.09311967 0.8270527 0.5543579 0
0.0391346 -0.08302397 -0.1971351 1

0.1908485 -0.9341431 -0.3015854 0
0.05428725 0.3168063 -0.9469355 0
0.9801173 0.1643492 0.1111741 0
-0.1442069 -0.04607767 -0.1309723 1

0.4916392 -0.354979 -0.795161 0
-0.8221459 0.111734 -0.5582044 0
0.2869972 0.9281734 -0.2369116 0
-0.1251407 -0.02385777 -0.2578114 1

0.112642 -0.9884886 -0.1010044 0
0.09309879 0.1117034 -0.989371 0
0.9892646 0.1020416 0.1046097 0
-0.1399767 -0.02027863 -0.2084625 1

0.3826374 -0.9226211 -0.04856623 0
0.2801394 0.1659527 -0.9455062 0
0.8804036 0.3481809 0.3219622 0
-0.1354754 -0.04910898 -0.211281 1

0.1786891 -0.9629244 -0.2021058 0
0.1569269 0.2306744 -0.9602935 0
0.9713106 0.1398784 0.1923276 0
-0.1448021 0.008764744 -0.2057401 1

-0.1200918 -0.5227615 -0.8439777 0
0.4752691 0.7161068 -0.5111854 0
0.8716062 -0.4625055 0.1624539 0
-0.1374433 -0.01247197 -0.1460875 1

0.578428 -0.1912102 -0.793007 0
-0.6903606 0.4031091 -0.6007543 0
0.4345385 0.8949537 0.1011657 0
-0.1947005 -0.01823986 -0.3074515 1

0.5265095 -0.3390368 -0.7796422 0
-0.6974328 0.3521841 -0.6241429 0
0.4861849 0.8723648 -0.05102694 0
-0.2098369 -0.003042459 -0.282147 1

0.8836595 -0.3101464 -0.35065 0
-0.2356111 0.3526018 -0.9056267 0
0.4045166 0.8828825 0.238506 0
-0.1285635 -0.02050048 -0.2957561 1

0.5639619 -0.2168732 -0.7968144 0
-0.6905099 0.4053749 -0.5990556 0
0.4529277 0.8880526 0.07886308 0
-0.1760085 -0.02244323 -0.3230932 1

3.725423 -1.438327 -0.2290043 0
1.434849 3.516627 1.254812 0
-0.2498766 -1.250822 3.791176 0
-0.1119773 0.02564865 -0.2962708 1

-0.4184176 -0.8779477 -0.2326695 0
0.3086427 0.1034858 -0.9455321 0
0.8542051 -0.4674386 0.2276718 0
-0.124179 0.005508721 -0.1660631 1

0.2113067 -0.9774166 -0.002452901 0
0.7226405 0.1545363 0.6737282 0
-0.658134 -0.1441361 0.7389756 0
-0.1258398 -0.04331946 -0.2438905 1

0.1734366 -0.9677254 -0.1828316 0
0.3513474 0.234228 -0.9064727 0
0.9200406 0.0929784 0.3806314 0
-0.1392494 0.01691669 -0.2397117 1

-0.01754953 -0.9996874 -0.01781645 0
0.9486123 -0.02227833 0.3156558 0
-0.315954 -0.01136135 0.9487069 0
-0.1363478 -0.01589304 -0.2470579 1

0.5937573 -0.03803181 -0.803745 0
-0.6796508 0.5110007 -0.5262637 0
0.4307288 0.8587389 0.2775622 0
-0.1401958 -0.008275807 -0.3212795 1

0.4790168 -0.2340203 -0.8460365 0
0.1450456 0.9716613 -0.1866457 0
0.8657397 -0.03330743 0.4993855 0
-0.2316742 0.007989347 -0.3016123 1

0.5254765 -0.1758477 -0.8324376 0
-0.4279319 0.791015 -0.4372295 0
0.7353565 0.5859804 0.340409 0
-0.2011662 -0.007674038 -0.3449188 1

0.5347255 -0.1242333 -0.8358437 0
-0.2189534 0.934984 -0.2790426 0
0.8161667 0.332222 0.4727586 0
-0.2212938 -0.002695203 -0.3307398 1

-0.4152979 -0.9096271 0.0103184 0
0.04410195 -0.03146204 -0.9985318 0
0.9086156 -0.4142328 0.05318245 0
-0.1108527 0.01520318 -0.1961582 1

0.1873229 -0.9718144 -0.1431324 0
-0.4790129 -0.2175848 0.8504142 0
-0.8575879 -0.09074002 -0.5062703 0
-0.1015317 -0.03817934 -0.2212391 1

0.1386402 -0.9805179 -0.1391548 0
0.8092539 0.1931608 -0.5547949 0
0.5708652 -0.03569481 0.8202673 0
-0.127459 0.02478629 -0.270133 1

-0.08501379 -0.9904055 -0.1089487 0
0.005001903 -0.1097674 0.9939452 0
-0.9963675 0.08395388 0.01428592 0
-0.09926051 -0.01675016 -0.2347167 1

0.8663272 -0.3878047 -0.3147779 0
-0.3192497 0.05475174 -0.9460878 0
0.3841316 0.9201141 -0.07637344 0
-0.1590425 0.008750856 -0.3447109 1

0.5810079 -0.04680063 -0.8125514 0
0.4801669 0.825807 0.2957752 0
0.6571681 -0.5620078 0.5022724 0
-0.2272593 0.03799379 -0.3072648 1

0.5083133 -0.1132077 -0.853699 0
-0.06047881 0.9841815 -0.166521 0
0.8590462 0.1362754 0.4934259 0
-0.2174823 0.02247262 -0.3615668 1

0.5389234 -0.04192702 -0.8413109 0
0.364548 0.9119948 0.1880711 0
0.7593859 -0.408054 0.5067797 0
-0.229382 0.03191 -0.3410946 1

-0.7330599 -0.1205008 0.6694047 0
-0.1043819 0.9924536 0.0643456 0
-0.6721068 -0.02270457 -0.740106 0
0.01413588 -0.2890218 0.00325253 1

0.6518214 0.03005859 -0.7577764 0
0.03908038 -0.999218 -0.006019801 0
-0.7573649 -0.02569036 -0.6524864 0
-0.05672164 -0.3392673 0.06906679 1

-0.7662905 -0.0509946 0.6404673 0
-0.2240665 0.9554719 -0.1920099 0
-0.6021571 -0.2906426 -0.7435952 0
0.006113946 -0.2208087 0.006746951 1

0.7952917 0.134735 -0.5910648 0
-0.5240441 -0.3373769 -0.7820197 0
-0.304777 0.9316778 -0.1977059 0
0.09189574 -0.3147061 -0.06867126 1

0.8522567 0.01477553 -0.5229151 0
0.3563685 -0.7481748 0.5596754 0
-0.3829624 -0.6633376 -0.6429024 0
0.02369757 -0.3586118 -0.1704419 1

-0.7837501 -0.04793098 0.6192241 0
-0.2693392 0.9246171 -0.2693319 0
-0.5596359 -0.3778702 -0.7375784 0
-0.01186381 -0.1441473 -0.008658781 1

0.6423467 0.1561097 -0.7503467 0
0.7130991 -0.4805098 0.5104902 0
-0.2808565 -0.8629834 -0.4199756 0
-0.05163503 -0.4693231 0.06828326 1

-0.7992238 -0.04776189 0.5991328 0
-0.311633 0.8853068 -0.3451331 0
-0.5139322 -0.4625481 -0.7224424 0
-0.03656116 -0.0593636 -0.03335545 1

0.8389414 0.1330119 -0.5277171 0
0.08509307 -0.9898065 -0.1142049 0
-0.5375284 0.05090609 -0.8417081 0
0.0627593 -0.4406196 -0.1090956 1

0.6256971 0.0692255 -0.7769881 0
-0.4515707 -0.7800467 -0.4331413 0
-0.6360716 0.6218806 -0.4568128 0
0.02620719 -0.5217758 0.1240086 1

-0.8359177 -0.06115738 0.5454369 0
-0.2676685 0.9130077 -0.3078479 0
-0.479161 -0.4033318 -0.7795693 0
-0.06870859 0.03196293 -0.06895868 1

0.8208541 0.07132835 -0.5666665 0
-0.3585502 -0.7079384 -0.6084945 0
-0.4445679 0.7026635 -0.5555393 0
0.07163839 -0.5439016 -0.1210124 1

-0.6640657 -0.6114207 -0.4303271 0
0.7181552 -0.3614807 -0.5946303 0
0.2080145 -0.7039152 0.6791418 0
-0.0290355 0.02081448 -0.09023336 1

0.6980433 0.000298813 -0.7160552 0
-0.7124928 0.09992085 -0.6945287 0
0.07134132 0.9949955 0.06996209 0
-0.02030307 -0.602118 0.07939652 1

0.2158155 0.4967205 0.8406501 0
-0.7599871 -0.4550957 0.4640126 0
0.6130608 -0.7390242 0.2792847 0
-0.09906721 0.01676887 -0.03735879 1

-0.9324849 -0.2726404 0.2369371 0
-0.3318321 0.9057152 -0.2637568 0
-0.1426868 -0.3245726 -0.9350364 0
-0.07777671 0.1113399 -0.07395598 1

-0.2393932 0.2795916 0.9297954 0
-0.6516817 -0.7561485 0.05958793 0
0.7197237 -0.5916654 0.3632218 0
-0.1694774 -0.02539414 0.00563039 1

-0.8841031 0.2683874 -0.3825316 0
0.05325493 -0.7554104 -0.6530843 0
-0.4642475 -0.5977654 0.6535676 0
0.03749593 -0.01267391 -0.1453212 1

-0.2288923 -0.9064021 -0.3550266 0
0.4286775 0.2335878 -0.8727386 0
0.8739818 -0.3519549 0.3350877 0
-0.2248349 -0.08962566 0.01069211 1

0.4863195 0.4303268 -0.7604686 0
-0.873518 0.2608016 -0.4110346 0
0.02145219 0.864177 0.5027309 0
0.04202942 -0.07698077 -0.2009172 1

0.1926118 -0.9383525 -0.2870459 0
0.0550127 0.3023895 -0.9515957 0
0.9797319 0.1674975 0.1098652 0
-0.1455992 -0.04644984 -0.1506228 1

0.4937 -0.3667488 -0.7885152 0
-0.823107 0.09553546 -0.5597929 0
0.2806344 0.925402 -0.2547074 0
-0.1194382 -0.02877229 -0.276896 1

0.1142329 -0.9897459 -0.08575541 0
0.09418145 0.09672087 -0.9908456 0
0.9889797 0.1051108 0.1042645 0
-0.1413094 -0.02183086 -0.2284928 1

0.3840642 -0.9226803 -0.03399494 0
0.2810859 0.1519141 -0.9475826 0
0.8794802 0.3543771 0.3176973 0
-0.1367619 -0.05069417 -0.2308651 1

0.1803695 -0.9656295 -0.1871536 0
0.1577966 0.2162176 -0.9635094 0
0.9708591 0.1442556 0.1913722 0
-0.1461813 0.007243335 -0.2262203 1

-0.1182528 -0.5357689 -0.8360431 0
0.4748529 0.7089287 -0.5214739 0
0.8720845 -0.458663 0.1705787 0
-0.1388664 -0.01306885 -0.1662412 1

0.5793829 -0.2023877 -0.7895283 0
-0.6933072 0.3869279 -0.6079575 0
0.4285334 0.8996258 0.08386269 0
-0.1890545 -0.02457005 -0.326597 1

0.5284681 -0.3502793 -0.7733216 0
-0.7000451 0.33552 -0.6303678 0
0.4802695 0.8744891 -0.06789947 0
-0.2042828 -0.008995473 -0.3015786 1

0.8855892 -0.3108137 -0.3451485 0
-0.238351 0.3336838 -0.912055 0
0.3986493 0.8899724 0.2214239 0
-0.122899 -0.02616185 -0.314896 1

0.5650887 -0.2282156 -0.7928385 0
-0.6934711 0.3892248 -0.6063022 0
0.4469597 0.892425 0.06168586 0
-0.1703408 -0.02894479 -0.3421657 1

3.727835 -1.436067 -0.2023934 0
1.428056 3.537528 1.202731 0
-0.2528062 -1.193152 3.809525 0
-0.1132673 0.02279192 -0.3169574 1

-0.4168234 -0.8820249 -0.2197514 0
0.3096818 0.0894968 -0.946619 0
0.8546086 -0.4626259 0.2358429 0
-0.1256035 0.004624546 -0.1864727 1

0.2127567 -0.9770222 0.01273765 0
0.7215605 0.1658906 0.6721841 0
-0.6588517 -0.1338209 0.7402749 0
-0.1270938 -0.04538882 -0.2635472 1

0.1750999 -0.9701434 -0.1678148 0
0.3521434 0.2208842 -0.9095082 0
0.919421 0.1001599 0.3803064 0
-0.1405978 0.01488394 -0.2603056 1

-0.01604664 -0.999868 -0.002567381 0
0.9482455 -0.01603254 0.3171344 0
-0.3171334 0.002654321 0.9483774 0
-0.1376384 -0.01802981 -0.2671461 1

0.5936746 -0.04934198 -0.8031914 0
-0.6832951 0.4962892 -0.5355418 0
0.4250396 0.8667545 0.2609192 0
-0.1346238 -0.01450449 -0.3406415 1

0.4802414 -0.2468693 -0.8416795 0
0.1384131 0.9688829 -0.2052034 0
0.866147 -0.01795223 0.4994674 0
-0.2262019 0.001515985 -0.3212389 1

0.5263132 -0.1881365 -0.8292163 0
-0.4334345 0.7796389 -0.4519938 0
0.7315254 0.5973011 0.3287891 0
-0.1956064 -0.01476395 -0.3642554 1

0.5352125 -0.1365352 -0.8336102 0
-0.2253677 0.9280005 -0.2966903 0
0.8140991 0.3466611 0.4659067 0
-0.2157614 -0.009651482 -0.350163 1

-0.4139633 -0.9099851 0.02369565 0
0.0454081 -0.04664117 -0.9978793 0
0.9091604 -0.4120092 0.06062871 0
-0.1122536 0.01387835 -0.2166958 1

0.1889421 -0.9736049 -0.1280407 0
-0.4797626 -0.2052905 0.8530441 0
-0.8568134 -0.09974677 -0.5058874 0
-0.102822 -0.03986698 -0.2409468 1

0.1402673 -0.9823194 -0.123991 0
0.8096663 0.1858791 -0.5566772 0
0.5698823 -0.02230769 0.8214236 0
-0.1287808 0.02230555 -0.2908287 1

-0.08340966 -0.9920801 -0.09391434 0
0.003910661 -0.09456804 0.9955111 0
-0.996508 0.08266797 0.01176736 0
-0.1005655 -0.01864278 -0.2547473 1

0.8687955 -0.387889 -0.307794 0
-0.3199951 0.03456016 -0.9467888 0
0.3778862 0.9210582 -0.09409669 0
-0.1535944 0.001945198 -0.364383 1

0.580981 -0.05836267 -0.8118221 0
0.4747062 0.8345094 0.27973 0
0.6611474 -0.5478947 0.5125389 0
-0.2219917 0.03143632 -0.3274645 1

0.5087192 -0.1260299 -0.8516581 0
-0.06718282 0.9803998 -0.1852113 0
0.8583075 0.1514373 0.490281 0
-0.2121322 0.01494938 -0.3814661 1

0.5388529 -0.0543216 -0.8406469 0
0.3584648 0.9178482 0.1704649 0
0.7623262 -0.3931978 0.5140573 0
-0.2240869 0.02469474 -0.3611711 1

-0.7589173 -0.1201616 0.6400045 0
-0.1482163 0.9889053 0.009913173 0
-0.634095 -0.08733581 -0.7683073 0
0.00527884 -0.2895229 -0.006597887 1

0.7162278 0.06006134 -0.6952773 0
0.3559144 -0.8884183 0.2898932 0
-0.6002856 -0.4550888 -0.6576864 0
-0.06653941 -0.3396015 0.05829564 1

-0.7963936 -0.05644419 0.6021389 0
-0.2135669 0.9577373 -0.1926875 0
-0.5658148 -0.282052 -0.7747905 0
-0.005709401 -0.2216349 -0.006881708 1

0.8285303 0.07213702 -0.5552786 0
-0.5051874 -0.3314037 -0.7968424 0
-0.241503 0.9407275 -0.238135 0
0.08741254 -0.3152063 -0.07348379 1

0.8281537 -0.09827941 -0.5518178 0
-0.01981653 -0.9890262 0.1464067 0
-0.560151 -0.1103123 -0.8210131 0
0.02166834 -0.3583346 -0.1771834 1

-0.8120683 -0.06107511 0.5803575 0
-0.2672966 0.9229775 -0.2768846 0
-0.5187461 -0.3799768 -0.765846 0
-0.02284474 -0.1447918 -0.0223418 1

0.6749436 0.1702231 -0.7179661 0
0.7002504 -0.4544909 0.5505339 0
-0.2325955 -0.8743353 -0.4259544 0
-0.02021444 -0.455236 0.09602746 1

-0.8258845 -0.06901082 0.5596002 0
-0.3167811 0.8778257 -0.3592656 0
-0.4664383 -0.4739826 -0.746844 0
-0.04735478 -0.06015837 -0.04773104 1

0.8561763 -0.1423202 -0.4966967 0
-0.3682689 -0.8423713 -0.3934324 0
-0.3624095 0.5197652 -0.7736303 0
0.01949623 -0.4667423 -0.1611357 1

0.6115879 0.03747044 -0.7902888 0
-0.2455976 -0.9405413 -0.2346572 0
-0.752092 0.3376065 -0.5660209 0
0.05622522 -0.5048484 0.156124 1

-0.8539006 -0.09497651 0.5116966 0
-0.2896545 0.903585 -0.3156495 0
-0.4323821 -0.4177485 -0.799082 0
-0.08003329 0.0303964 -0.08479214 1

0.8155749 -0.1745332 -0.5517029 0
-0.5785856 -0.2603965 -0.7729378 0
-0.008758038 0.9495959 -0.3133551 0
-0.01893101 -0.5546401 -0.2021887 1

-0.6399084 -0.612565 -0.4639844 0
0.745259 -0.3474843 -0.5690727 0
0.1873669 -0.7099428 0.6788777 0
-0.03910604 0.02029103 -0.1041234 1

0.6803831 0.003048368 -0.7328505 0
-0.7328559 0.00431389 -0.6803703 0
0.00108742 0.9999862 0.005169101 0
0.0309295 -0.601721 0.1319551 1

0.1297553 0.5009409 0.8556996 0
-0.7753128 -0.4867116 0.4024948 0
0.6181049 -0.7156608 0.3252326 0
-0.1114956 0.01438284 -0.05471322 1

-0.9315093 -0.2912887 0.2178105 0
-0.3421265 0.9049836 -0.2528921 0
-0.1234503 -0.3100901 -0.9426581 0
-0.0918941 0.1093959 -0.08992186 1

-0.2760042 0.2435961 0.9297756 0
-0.6119929 -0.7904548 0.02542451 0
0.7411389 -0.5619987 0.367248 0
-0.1833257 -0.03070933 -0.01742345 1

-0.8714843 0.2981605 -0.3893786 0
0.05050507 -0.7351789 -0.6759892 0
-0.4878161 -0.6087794 0.6256382 0
0.02993636 -0.0119006 -0.1568435 1

-0.206645 -0.8842031 -0.4189075 0
0.4469287 0.295567 -0.8443313 0
0.8703751 -0.3616984 0.3340983 0
-0.2353118 -0.09785503 -0.01526375 1

0.5187463 0.4263917 -0.7410077 0
-0.8548496 0.2469348 -0.4563503 0
-0.0116035 0.8701801 0.4925972 0
0.03423578 -0.07448524 -0.2143894 1

0.1880746 -0.932875 -0.3072011 0
0.05482012 0.3222661 -0.9450606 0
0.9806237 0.1609012 0.1117503 0
-0.1527025 -0.04322308 -0.171328 1

0.4898141 -0.3535082 -0.7969404 0
-0.8247968 0.108278 -0.5549652 0
0.2824757 0.9291437 -0.2385362 0
-0.1237811 -0.02884001 -0.2987447 1

0.1097919 -0.9881881 -0.1069145 0
0.09303182 0.1173094 -0.9887285 0
0.9895914 0.09860808 0.1048125 0
-0.1484291 -0.01697671 -0.2486655 1

0.3799938 -0.9234002 -0.05419577 0
0.2802429 0.1707657 -0.9446182 0
0.881515 0.3437613 0.3236661 0
-0.1440109 -0.04580253 -0.2516569 1

0.175872 -0.9622119 -0.2078893 0
0.1572092 0.2359238 -0.9589711 0
0.971779 0.1359742 0.192761 0
-0.1531709 0.01206356 -0.2457688 1

-0.1219054 -0.5173996 -0.8470167 0
0.4771048 0.7177756 -0.5071191 0
0.8703508 -0.4659362 0.1593532 0
-0.1458494 -0.009547651 -0.1862463 1

0.5759804 -0.1894058 -0.7952182 0
-0.6943042 0.4001347 -0.5981923 0
0.4314955 0.8966703 0.09896463 0
-0.19356 -0.02351576 -0.3481087 1

0.5246845 -0.3374239 -0.7815697 0
-0.701274 0.3491708 -0.6215262 0
0.482619 0.8741996 -0.05342188 0
-0.2086534 -0.008363247 -0.3227517 1

0.883435 -0.3069339 -0.354026 0
-0.2405878 0.3512139 -0.9048571 0
0.4020701 0.8845566 0.2364301 0
-0.1273686 -0.02551597 -0.3366771 1

0.5615979 -0.2151264 -0.7989545 0
-0.6944554 0.4024011 -0.5964941 0
0.4498217 0.8898281 0.07659218 0
-0.1749147 -0.0276556 -0.3638229 1

3.721229 -1.44752 -0.2390453 0
1.445329 3.505027 1.275078 0
-0.2519598 -1.272589 3.783787 0
-0.1203333 0.02939123 -0.3362109 1

-0.4210024 -0.8753591 -0.2377062 0
0.3085687 0.1082191 -0.9450264 0
0.8529612 -0.471207 0.2245477 0
-0.1325417 0.008513451 -0.2061202 1

0.208526 -0.9779815 -0.008339131 0
0.7233387 0.1484808 0.6743406 0
-0.6582541 -0.1466496 0.7383738 0
-0.1343716 -0.0398469 -0.2842352 1

0.1706135 -0.9671122 -0.1886418 0
0.3516597 0.2386054 -0.9052089 0
0.9204493 0.08810322 0.3808038 0
-0.1476082 0.0204013 -0.2796937 1

-0.02039868 -0.9995104 -0.02374168 0
0.9486678 -0.02684633 0.3151338 0
-0.3156166 -0.01609483 0.9487506 0
-0.1448028 -0.01237243 -0.2872356 1

0.5906776 -0.03617539 -0.8060962 0
-0.6837112 0.5081062 -0.5238006 0
0.4285311 0.8605347 0.2753935 0
-0.1391499 -0.01334971 -0.36216 1

0.4765232 -0.2326258 -0.8478272 0
0.1405602 0.9721124 -0.1877246 0
0.8678529 -0.02971565 0.4959321 0
-0.2306107 0.002574265 -0.342135 1

0.5228129 -0.174268 -0.8344444 0
-0.4327166 0.789133 -0.4359192 0
0.7344544 0.588982 0.3371603 0
-0.2002162 -0.01299471 -0.3855553 1

0.5318499 -0.1226201 -0.8379142 0
-0.2236619 0.9339877 -0.2786444 0
0.8167688 0.3356065 0.4693157 0
-0.2203059 -0.008085728 -0.3712984 1

-0.4178785 -0.9084891 0.005088151 0
0.04362455 -0.02565948 -0.9987186 0
0.9074551 -0.4171211 0.05035511 0
-0.1191996 0.01834863 -0.2361626 1

0.1845034 -0.9714763 -0.1489732 0
-0.4792994 -0.2212671 0.8493019 0
-0.8580392 -0.0852965 -0.5064523 0
-0.1100402 -0.03491038 -0.2615636 1

0.1357976 -0.9800647 -0.1450276 0
0.8095844 0.1941508 -0.5539666 0
0.5710801 -0.04218452 0.8198099 0
-0.1358074 0.02841777 -0.3100724 1

-0.08787173 -0.9894959 -0.11479 0
0.005075991 -0.1156792 0.993274 0
-0.9961191 0.0866979 0.01518762 0
-0.1077133 -0.01340806 -0.2749147 1

0.866545 -0.3846392 -0.3180449 0
-0.3232418 0.05302333 -0.9448299 0
0.3802822 0.921543 -0.07838422 0
-0.1581555 0.003592074 -0.3855245 1

0.5779268 -0.0449978 -0.814847 0
0.4781679 0.8278027 0.2934253 0
0.6613292 -0.5592121 0.4999259 0
-0.2263338 0.03259236 -0.3478206 1

0.505324 -0.1117054 -0.855669 0
-0.06492852 0.9838535 -0.1667836 0
0.8604836 0.139837 0.4899118 0
-0.2167146 0.01708013 -0.4021533 1

0.5357093 -0.04030134 -0.8434403 0
0.3617884 0.9134884 0.1861407 0
0.7629713 -0.4048642 0.5039447 0
-0.2285684 0.02648264 -0.3816385 1

-0.7699517 -0.1050423 0.6293969 0
-0.1703576 0.9843944 -0.04411218 0
-0.6149412 -0.1411868 -0.775831 0
0.003328178 -0.2908052 -0.003874332 1

0.6437343 -0.07074111 -0.7619723 0
0.2466671 -0.9233906 0.294118 0
-0.7244042 -0.3772873 -0.5769687 0
-0.06876854 -0.3391714 0.06200191 1

-0.8073737 -0.05651475 0.5873277 0
-0.2059264 0.9598017 -0.1907226 0
-0.5529395 -0.2749307 -0.7865566 0
-0.009158442 -0.2232951 -0.007882421 1

0.8285488 0.02817663 -0.5592075 0
-0.4749234 -0.4936341 -0.7285419 0
-0.2965718 0.8692131 -0.3956183 0
0.08746426 -0.3179427 -0.0676237 1

0.8295585 -0.1369375 -0.5413696 0
-0.2205693 -0.9709869 -0.09237795 0
-0.5130128 0.1960424 -0.8356947 0
0.02565857 -0.3821834 -0.1624349 1

-0.8207403 -0.06291174 0.5678271 0
-0.2745552 0.915053 -0.2954614 0
-0.501004 -0.3983969 -0.7682936 0
-0.02568075 -0.1462863 -0.02318486 1

0.6621667 0.1626368 -0.7314947 0
0.7328495 -0.3443099 0.586841 0
-0.156419 -0.9246619 -0.3471789 0
-0.03666293 -0.4593577 0.1002836 1

-0.8318872 -0.07220887 0.5502267 0
-0.3365043 0.8540555 -0.3966788 0
-0.4412805 -0.5151455 -0.7347766 0
-0.05085639 -0.06237954 -0.05027751 1

0.8206084 -0.2816487 -0.4972686 0
-0.5509123 -0.621255 -0.5572592 0
-0.1519794 0.7312428 -0.6649709 0
0.001481849 -0.4886138 -0.1725605 1

0.5852523 0.041511 -0.8097879 0
0.3500969 -0.9137399 0.2061834 0
-0.7313767 -0.4041735 -0.5493014 0
0.04333526 -0.4969427 0.1643434 1

-0.8526974 -0.1115255 0.510362 0
-0.3224977 0.880944 -0.3463135 0
-0.4109775 -0.4598912 -0.7871451 0
-0.0855695 0.02572316 -0.09119809 1

0.7796338 -0.286187 -0.5570175 0
-0.5610303 0.07600208 -0.8242991 0
0.2782382 0.9551549 -0.1013058 0
-0.05600339 -0.553439 -0.230708 1

-0.6297936 -0.6343054 -0.4483488 0
0.7521112 -0.3537089 -0.5560747 0
0.1941365 -0.6874205 0.6998317 0
-0.04408147 0.01610655 -0.1095589 1

0.7150786 -0.002813637 -0.6990384 0
-0.681458 -0.2256987 -0.6961864 0
-0.1558134 0.9741932 -0.1633098 0
0.07939405 -0.5910548 0.1855796 1

0.07418492 0.5354016 0.8413334 0
-0.7704842 -0.5048474 0.3892087 0
0.6331279 -0.6771074 0.3750666 0
-0.1170067 0.009931386 -0.06097592 1

-0.9308686 -0.2994568 0.2093066 0
-0.3468098 0.9044437 -0.2484037 0
-0.11492 -0.3038208 -0.9457729 0
-0.1004496 0.1039939 -0.09895548 1

-0.296928 0.2307458 0.9266014 0
-0.5699722 -0.8213723 0.02189463 0
0.766137 -0.5216359 0.3754072 0
-0.1883894 -0.03684103 -0.02491707 1

-0.8630602 0.2904345 -0.4132495 0
0.07417269 -0.7364077 -0.67246 0
-0.4996255 -0.6110251 0.6140218 0
0.02559574 -0.01666182 -0.1610748 1

-0.1909288 -0.8706817 -0.4532768 0
0.4484399 0.3333992 -0.8293049 0
0.8731828 -0.3616054 0.3267929 0
-0.236806 -0.106613 -0.02305721 1

0.5298592 0.4197102 -0.7369481 0
-0.8480854 0.2615514 -0.4608062 0
-0.0006553382 0.8691573 0.4945356 0
0.03190993 -0.07935107 -0.2183203 1

0.1893951 -0.9299725 -0.3150879 0
0.05191541 0.3299314 -0.9425765 0
0.9805279 0.1621615 0.1107675 0
-0.1539175 -0.04498827 -0.176344 1

0.481281 -0.3503805 -0.803494 0
-0.8267052 0.1233107 -0.5489566 0
0.2914229 0.9284546 -0.2303142 0
-0.1248565 -0.03100395 -0.3034992 1

0.1117 -0.9870573 -0.1150699 0
0.09047285 0.1254148 -0.9879706 0
0.9896151 0.09994579 0.103311 0
-0.1498815 -0.01811504 -0.2534787 1

0.381882 -0.9220983 -0.0624591 0
0.277669 0.1789289 -0.9438667 0
0.8815137 0.3431026 0.3243678 0
-0.1454073 -0.04690617 -0.2567108 1

0.177488 -0.9601292 -0.2159861 0
0.1544603 0.2439287 -0.9574136 0
0.9719261 0.1365682 0.1915964 0
-0.1546799 0.01089066 -0.2503389 1

-0.1227475 -0.5108783 -0.8508447 0
0.4743542 0.7228557 -0.5024617 0
0.8717347 -0.4652775 0.1536089 0
-0.1471726 -0.01117975 -0.1910082 1

0.5692757 -0.1872691 -0.8005347 0
-0.6932239 0.4141509 -0.5898473 0
0.4420021 0.8907356 0.1059468 0
-0.1948535 -0.0243817 -0.3523954 1

0.5164157 -0.3348479 -0.7881575 0
-0.7008936 0.3635188 -0.6136793 0
0.4919992 0.8693279 -0.04696581 0
-0.2096319 -0.009334564 -0.3267913 1

0.8779248 -0.3128922 -0.3624178 0
-0.2418429 0.3634893 -0.8996599 0
0.4132314 0.8774817 0.2434457 0
-0.128624 -0.02723581 -0.3413727 1

0.5545869 -0.2127876 -0.8044593 0
-0.6933402 0.4164005 -0.5881245 0
0.4601227 0.8839301 0.08339618 0
-0.1763457 -0.02855951 -0.3682614 1

3.723814 -1.437365 -0.2592165 0
1.440638 3.497894 1.299733 0
-0.2403691 -1.30335 3.774057 0
-0.1220909 0.0290131 -0.3407151 1

-0.4196426 -0.8743554 -0.2437281 0
0.30613 0.1164502 -0.9448408 0
0.8545084 -0.4711077 0.2187991 0
-0.1339508 0.00706917 -0.2107677 1

0.2106407 -0.9774218 -0.01664451 0
0.7245811 0.1446772 0.6738334 0
-0.6562113 -0.1539972 0.7386962 0
-0.1358569 -0.04066908 -0.2892627 1

0.1722849 -0.9651946 -0.1967663 0
0.3490292 0.2466086 -0.9040813 0
0.9211389 0.08708245 0.3793682 0
-0.1492144 0.01951158 -0.2842087 1

-0.01827145 -0.9993308 -0.03168979 0
0.9494554 -0.02727603 0.3127158 0
-0.3133706 -0.02437439 0.9493184 0
-0.1463551 -0.01319462 -0.2920191 1

0.5856138 -0.03410318 -0.8098724 0
-0.6810049 0.5211985 -0.5143777 0
0.4396461 0.8527541 0.2819967 0
-0.1404149 -0.01466876 -0.3666558 1

0.4690443 -0.2288224 -0.8530169 0
0.1502874 0.972446 -0.1782213 0
0.8702939 -0.04460412 0.4905094 0
-0.2315768 0.002051294 -0.3459289 1

0.5160562 -0.1711263 -0.8392866 0
-0.426401 0.798478 -0.4249887 0
0.7428786 0.5771904 0.3390911 0
-0.2016064 -0.01338857 -0.3896888 1

0.5256469 -0.1195475 -0.8422611 0
-0.2148509 0.9393247 -0.2674106 0
0.8231249 0.3215239 0.4680683 0
-0.2215584 -0.008410156 -0.3752635 1

-0.415881 -0.9094183 -0.001214266 0
0.04135451 -0.01757803 -0.9989902 0
0.9084785 -0.415511 0.04491937 0
-0.1207001 0.01717347 -0.2407613 1

0.1862767 -0.9698453 -0.1571662 0
-0.4768361 -0.2291049 0.84861 0
-0.859028 -0.08313395 -0.5051343 0
-0.1114837 -0.03586048 -0.2666086 1

0.1375993 -0.9785722 -0.1531767 0
0.8078663 0.2003556 -0.554265 0
0.5730783 -0.04748 0.8181242 0
-0.1375019 0.02779645 -0.3145496 1

-0.08597805 -0.9887376 -0.1224989 0
0.007641435 -0.1236051 0.9923023 0
-0.9962679 0.08437999 0.01818252 0
-0.1092348 -0.01424712 -0.2797926 1

0.8603779 -0.3907852 -0.3271648 0
-0.328036 0.06667477 -0.9423094 0
0.3900542 0.9180641 -0.07082604 0
-0.1593644 0.002730489 -0.3897278 1

0.5727159 -0.04269022 -0.8186417 0
0.4890182 0.8192845 0.2993901 0
0.6579195 -0.5717962 0.4900935 0
-0.2269989 0.0320794 -0.3513207 1

0.4991431 -0.1081512 -0.8597441 0
-0.05493471 0.986235 -0.1559566 0
0.8647767 0.1250744 0.4863311 0
-0.2178642 0.01704228 -0.4058702 1

0.53039 -0.03722218 -0.8469364 0
0.3729866 0.9073921 0.1937023 0
0.7612934 -0.4186337 0.4951551 0
-0.229495 0.0263558 -0.3851879 1

-0.7687407 -0.07117198 0.6355882 0
-0.1375789 0.9889255 -0.05566299 0
-0.6245877 -0.1302339 -0.7700191 0
0.008901376 -0.289476 0.004515055 1

0.6492786 -0.08202545 -0.7561145 0
0.303289 -0.8837754 0.35631 0
-0.6974619 -0.4606656 -0.5489391 0
-0.06432557 -0.3345583 0.07146511 1

-0.8051256 -0.009067256 0.593035 0
-0.1735573 0.9597173 -0.220954 0
-0.5671424 -0.2808213 -0.7742667 0
-0.001343487 -0.2216406 -0.0002799709 1

0.8126049 -0.01978125 -0.5824791 0
-0.4540267 -0.6481188 -0.6113932 0
-0.3654215 0.7612823 -0.5356458 0
0.09164561 -0.3202264 -0.0594155 1

0.8311148 -0.1518744 -0.5349602 0
-0.3057799 -0.9283105 -0.2115141 0
-0.4644854 0.3393727 -0.8179728 0
0.03255937 -0.4045714 -0.1389811 1

-0.813051 -0.02655752 0.5815864 0
-0.2627155 0.9082038 -0.3258012 0
-0.5195465 -0.4176847 -0.7453932 0
-0.01526869 -0.1446386 -0.018008 1

0.6430022 0.1318727 -0.7544254 0
0.7588722 -0.2425118 0.6044015 0
-0.1032531 -0.9611439 -0.2560101 0
-0.0248502 -0.4495884 0.1178416 1

-0.8181567 -0.04474042 0.5732521 0
-0.3440504 0.8368949 -0.4257187 0
-0.4607049 -0.5455322 -0.7001041 0
-0.03935867 -0.06135988 -0.04788268 1

0.8068275 -0.2667215 -0.5271518 0
-0.5907864 -0.3654657 -0.7193093 0
-0.0008005798 0.8917928 -0.4524434 0
-0.0009573288 -0.5063241 -0.1621653 1

0.6321434 -0.02627293 -0.7744059 0
0.417912 -0.8300405 0.3692998 0
-0.6524908 -0.5570839 -0.5137249 0
0.05798863 -0.476061 0.1838183 1

-0.837796 -0.09073684 0.5383908 0
-0.3308084 0.8688425 -0.3683457 0
-0.4343543 -0.4867027 -0.7579293 0
-0.07485022 0.02497256 -0.09179898 1

0.7780236 -0.2427739 -0.5794309 0
-0.4569442 0.4142761 -0.7871324 0
0.4311395 0.8771752 0.2113824 0
-0.06260327 -0.5444587 -0.237222 1

-0.6572114 -0.6388944 -0.399859 0
0.7244354 -0.389051 -0.5690629 0
0.2080058 -0.6636666 0.7185266 0
-0.03385556 0.0144009 -0.1107339 1

0.7247221 -0.02474163 -0.688597 0
-0.3024784 -0.909339 -0.285674 0
-0.6191 0.4153199 -0.6665019 0
0.1010322 -0.5615524 0.2218549 1

0.07396278 0.5708969 0.8176836 0
-0.7647763 -0.4937558 0.4139113 0
0.6400366 -0.655959 0.4000889 0
-0.1055681 0.01064891 -0.06013979 1

-0.9311018 -0.2927093 0.217648 0
-0.3441123 0.9027933 -0.2579743 0
-0.1209798 -0.3150958 -0.9413176 0
-0.08980983 0.1029558 -0.101935 1

-0.2767189 0.2585334 0.9255199 0
-0.5567866 -0.8281201 0.06485352 0
0.7832083 -0.4973708 0.3731046 0
-0.1764219 -0.03509587 -0.02179233 1

-0.8593453 0.2665518 -0.4364358 0
0.08521244 -0.7668553 -0.6361383 0
-0.5042466 -0.5838521 0.6362799 0
0.0332577 -0.02164167 -0.1634531 1

-0.2016115 -0.8929206 -0.4025491 0
0.4154476 0.2942275 -0.8607168 0
0.8869926 -0.3407683 0.3116423 0
-0.2237185 -0.105441 -0.0162833 1

0.5293306 0.4107412 -0.7423617 0
-0.8483446 0.267585 -0.4568484 0
0.01099831 0.8716021 0.490091 0
0.04051172 -0.08692282 -0.2176066 1

0.1961081 -0.9324949 -0.3033067 0
0.05931598 0.3200276 -0.9455497 0
0.9787868 0.167439 0.1180719 0
-0.1469282 -0.05105668 -0.1753762 1

0.4934383 -0.3576489 -0.7928468 0
-0.8199567 0.112812 -0.5611995 0
0.2901547 0.9270172 -0.2375908 0
-0.1163027 -0.03746039 -0.3020539 1

0.1167931 -0.9877577 -0.1034129 0
0.09912798 0.1151995 -0.988384 0
0.9881967 0.1051855 0.1113691 0
-0.142286 -0.02499479 -0.2527548 1

0.3862074 -0.9211091 -0.04900958 0
0.2856865 0.1699656 -0.9431304 0
0.877056 0.3502426 0.3287906 0
-0.1376645 -0.05379999 -0.2556356 1

0.1834046 -0.9616375 -0.2040005 0
0.1623444 0.2343005 -0.9585134 0
0.9695395 0.1426774 0.1990885 0
-0.1472318 0.004022479 -0.2499715 1

-0.1127562 -0.5204741 -0.8463999 0
0.4760428 0.7194083 -0.5058013 0
0.8721637 -0.4599547 0.1666504 0
-0.1401856 -0.01737928 -0.1903401 1

0.5806345 -0.1940965 -0.7906899 0
-0.6872888 0.4037758 -0.603821 0
0.4364607 0.8940313 0.1010459 0
-0.1856789 -0.03175569 -0.3519406 1

0.5282961 -0.3417671 -0.7772381 0
-0.6944103 0.3528271 -0.6271425 0
0.4885671 0.8710387 -0.05092949 0
-0.2008626 -0.01647455 -0.326715 1

0.8840573 -0.3130106 -0.3470843 0
-0.2316347 0.3515706 -0.9070524 0
0.4059415 0.8822827 0.2383043 0
-0.1195879 -0.03416264 -0.3400161 1

0.5661163 -0.2197297 -0.7945008 0
-0.6874382 0.406045 -0.6021268 0
0.4549081 0.8870437 0.07881814 0
-0.1669444 -0.03603435 -0.367511 1

3.731897 -1.424471 -0.2093301 0
1.414213 3.517614 1.275301 0
-0.2700716 -1.263833 3.785471 0
-0.1138795 0.02131176 -0.3402325 1

-0.4137879 -0.8786641 -0.2381789 0
0.3144102 0.1075997 -0.9431696 0
0.8543569 -0.465158 0.2317378 0
-0.1268555 0.0007118583 -0.2101717 1

0.2147756 -0.9766545 -0.004186761 0
0.7176976 0.1549183 0.6789047 0
-0.6624063 -0.1488172 0.734215 0
-0.1278379 -0.04787213 -0.2881632 1

0.1780441 -0.9665185 -0.1847763 0
0.3563972 0.2383655 -0.9034173 0
0.9172137 0.09499435 0.3869042 0
-0.1414874 0.01230282 -0.2838802 1

-0.01389566 -0.9996806 -0.02110988 0
0.9466149 -0.01995229 0.3217497 0
-0.322068 -0.01551217 0.9465898 0
-0.138422 -0.02047282 -0.2913116 1

0.5963887 -0.04097695 -0.8016492 0
-0.6765588 0.5117735 -0.5294872 0
0.4319593 0.8581429 0.2774926 0
-0.1311022 -0.02195448 -0.3656006 1

0.4812958 -0.2367501 -0.843981 0
0.1481438 0.9709545 -0.1878863 0
0.8639491 -0.03460174 0.5023896 0
-0.2226055 -0.005422533 -0.3462742 1

0.5278565 -0.178671 -0.830328 0
-0.4244345 0.7913093 -0.4400967 0
0.7356787 0.5847276 0.3418637 0
-0.1919902 -0.02124077 -0.3894486 1

0.537248 -0.1270862 -0.8337947 0
-0.2156308 0.9350327 -0.2814566 0
0.8153944 0.3310036 0.4749408 0
-0.2121532 -0.01618552 -0.3753471 1

-0.4121347 -0.9111107 0.004722208 0
0.05069849 -0.02810743 -0.9983186 0
0.9097111 -0.4112023 0.0577763 0
-0.1133683 0.0105496 -0.2401485 1

0.1916865 -0.9706859 -0.1450009 0
-0.4837539 -0.221992 0.8465827 0
-0.8539547 -0.09213371 -0.5121262 0
-0.1036958 -0.04271919 -0.2653378 1

0.1430101 -0.9795731 -0.1413677 0
0.812152 0.1977829 -0.5488995 0
0.5656475 -0.03631407 0.8238473 0
-0.1295276 0.02031112 -0.3141988 1

-0.08079894 -0.9903443 -0.1126493 0
-0.001066238 -0.112933 0.9936023 0
-0.99673 0.08040212 0.008068621 0
-0.1014129 -0.0212391 -0.2787321 1

0.8664062 -0.3905602 -0.3111328 0
-0.3158906 0.05386106 -0.9472659 0
0.3867221 0.9190006 -0.07670863 0
-0.1498259 -0.004922211 -0.3891265 1

0.5836471 -0.04972932 -0.8104833 0
0.4812515 0.825119 0.2959329 0
0.6540287 -0.5627666 0.5055108 0
-0.2180953 0.02456051 -0.3519652 1

0.5109246 -0.1160258 -0.8517596 0
-0.05741535 0.9840309 -0.1684839 0
0.8577061 0.1349866 0.4961041 0
-0.2081731 0.008917153 -0.4062058 1

0.5416732 -0.0448009 -0.8393946 0
0.3662186 0.9114053 0.1876818 0
0.7566205 -0.4090641 0.5100909 0
-0.2201183 0.01842123 -0.3857911 1

-0.7593246 -0.0289884 0.6500661 0
-0.07563399 0.9961678 -0.04392391 0
-0.6463016 -0.08251958 -0.7586071 0
0.01488201 -0.2906807 0.01375536 1

0.6568322 -0.08404984 -0.749338 0
0.3042513 -0.8797374 0.3653676 0
-0.6899296 -0.4679721 -0.5522674 0
-0.05975366 -0.3317323 0.08173472 1

-0.7909169 0.05714376 0.6092497 0
-0.1378396 0.953405 -0.2683642 0
-0.5961969 -0.2962325 -0.7461873 0
0.008869231 -0.2222874 0.009781858 1

0.7928513 -0.07044572 -0.6053303 0
-0.4730154 -0.697423 -0.5383844 0
-0.3842442 0.7131892 -0.5862744 0
0.09426312 -0.325939 -0.05208386 1

0.8055233 -0.1834677 -0.5634469 0
-0.3148653 -0.9380416 -0.1447002 0
-0.5019885 0.2939691 -0.8133816 0
0.03270573 -0.4167004 -0.1221483 1

-0.7911723 0.01959736 0.6112791 0
-0.2461416 0.9047647 -0.3475849 0
-0.5598755 -0.4254608 -0.711001 0
-0.002190197 -0.1457918 -0.01175009 1

0.6226553 0.08503155 -0.7778625 0
0.7817525 -0.1109295 0.6136429 0
-0.03410883 -0.9901841 -0.1355444 0
-0.02015303 -0.4462368 0.1292901 1

-0.7870134 -0.01573304 0.6167353 0
-0.347432 0.8373837 -0.4219947 0
-0.5098048 -0.5463891 -0.6644983 0
-0.02476041 -0.06282848 -0.04362225 1

0.8377333 -0.1603963 -0.5219927 0
-0.5451741 -0.3006871 -0.7825424 0
-0.03143938 0.9401386 -0.3393393 0
-0.001806796 -0.5195197 -0.1380089 1

0.6796405 -0.08064878 -0.7290986 0
0.4724051 -0.7122646 0.5191464 0
-0.5611795 -0.6972627 -0.4459847 0
0.06518342 -0.4583459 0.1962756 1

-0.8114165 -0.0588342 0.5814995 0
-0.3215591 0.8757465 -0.3600942 0
-0.4880603 -0.4791729 -0.7295139 0
-0.0606008 0.02355433 -0.08715437 1

0.8160639 -0.1187164 -0.5656384 0
-0.4358784 0.5162672 -0.7372097 0
0.3795394 0.8481599 0.369561 0
-0.0586933 -0.550895 -0.2196638 1

-0.7050654 -0.6200941 -0.3440439 0
0.6701885 -0.4240802 -0.6091002 0
0.2317974 -0.6600297 0.7145843 0
-0.02093038 0.01170129 -0.1080497 1

0.7250615 -0.04140978 -0.6874381 0
-0.1911678 -0.971065 -0.1431355 0
-0.6616197 0.2351982 -0.7119979 0
0.1138396 -0.5317068 0.249746 1

0.1151904 0.5823616 0.8047274 0
-0.7549787 -0.4751531 0.4519259 0
0.6455529 -0.6596095 0.3849376 0
-0.08989064 0.01049763 -0.05364789 1

-0.9322063 -0.277341 0.2325368 0
-0.3336928 0.9073986 -0.2554935 0
-0.1401448 -0.3157685 -0.9384295 0
-0.07357663 0.1018863 -0.09733529 1

-0.2253434 0.2737972 0.9350162 0
-0.5619614 -0.8204945 0.1048269 0
0.7958767 -0.501821 0.3387566 0
-0.1598368 -0.03352368 -0.01177853 1

-0.8606794 0.2462151 -0.4456557 0
0.08641104 -0.791962 -0.6044246 0
-0.5017608 -0.5587255 0.6603497 0
0.04115732 -0.0275864 -0.1644781 1

-0.2224025 -0.9088446 -0.3529009 0
0.3646635 0.258149 -0.8946396 0
0.904189 -0.32766 0.2740095 0
-0.2075729 -0.103221 -0.002873928 1

0.5171524 0.404671 -0.7541848 0
-0.8545318 0.2938057 -0.4283151 0
0.04825714 0.865979 0.4977463 0
0.04851336 -0.09500498 -0.2159318 1

0.1958827 -0.9344134 -0.2974929 0
0.06143302 0.3144674 -0.9472784 0
0.9787012 0.1672799 0.1190024 0
-0.1401694 -0.05550539 -0.168237 1

0.5002203 -0.3614457 -0.7868522 0
-0.8162825 0.1063445 -0.5677798 0
0.288899 0.9263087 -0.2418463 0
-0.1094447 -0.04069573 -0.2951048 1

0.1161313 -0.9884433 -0.09743559 0
0.1011493 0.1093591 -0.9888426 0
0.9880701 0.1049803 0.1126803 0
-0.1353541 -0.02989835 -0.2457568 1

0.3854975 -0.9217114 -0.04289629 0
0.2876672 0.1642269 -0.9435452 0
0.8767207 0.3513946 0.328455 0
-0.1307523 -0.05872375 -0.248461 1

0.182961 -0.9629666 -0.1980436 0
0.1644115 0.2285773 -0.9595425 0
0.9692751 0.1429982 0.2001434 0
-0.1402799 -0.0008611083 -0.2431521 1

-0.1115655 -0.5252947 -0.8435751 0
0.477653 0.7160418 -0.5090505 0
0.8714362 -0.4597284 0.1710231 0
-0.1333684 -0.0219214 -0.1833835 1

0.5868788 -0.1976023 -0.7851919 0
-0.6842381 0.3974376 -0.6114423 0
0.4328872 0.8961009 0.09804069 0
-0.1784806 -0.03555435 -0.3455219 1

0.5349147 -0.3453458 -0.7711045 0
-0.6910311 0.3463086 -0.6344653 0
0.4861501 0.8722424 -0.05339926 0
-0.1938926 -0.02015084 -0.32051 1

0.8875024 -0.3125146 -0.3386358 0
-0.2262671 0.3446384 -0.9110587 0
0.401426 0.8851888 0.2351555 0
-0.1124693 -0.0376671 -0.333111 1

0.5724699 -0.2233074 -0.7889309 0
-0.6844068 0.399718 -0.6097649 0
0.4515149 0.8890216 0.07599334 0
-0.159622 -0.03987867 -0.3609289 1

3.731053 -1.428881 -0.1937661 0
1.414804 3.523759 1.257564 0
-0.2785317 -1.241544 3.792228 0
-0.1067372 0.01587379 -0.333447 1

-0.4140914 -0.879679 -0.2338678 0
0.3163365 0.101837 -0.9431653 0
0.8534985 -0.4645373 0.2361047 0
-0.1199839 -0.00395745 -0.2032941 1

0.2139305 -0.9768473 0.001914978 0
0.7165117 0.1582486 0.6793888 0
-0.6639618 -0.1439701 0.7337767 0
-0.1208572 -0.05299383 -0.2810033 1

0.1775589 -0.967731 -0.1788017 0
0.3583605 0.2327958 -0.904093 0
0.9165428 0.09645434 0.3881312 0
-0.1344624 0.007216871 -0.2770971 1

-0.01472754 -0.9997745 -0.0153194 0
0.9459699 -0.01889486 0.3237042 0
-0.3239206 -0.009724744 0.9460346 0
-0.1314113 -0.02560419 -0.2843316 1

0.6022249 -0.04451089 -0.7970847 0
-0.674382 0.5059728 -0.5377735 0
0.42724 0.8614004 0.2746921 0
-0.1238393 -0.02567047 -0.3588597 1

0.4880595 -0.2409377 -0.8388963 0
0.1463979 0.9701253 -0.1934553 0
0.8604451 -0.02839494 0.5087517 0
-0.2155302 -0.009302557 -0.3402985 1

0.5343366 -0.1826172 -0.825309 0
-0.4237915 0.7869223 -0.4485022 0
0.7313583 0.5894103 0.3430897 0
-0.1845573 -0.02531546 -0.3831448 1

0.5435889 -0.1310272 -0.8290614 0
-0.2165831 0.9323946 -0.2893651 0
0.810927 0.3368563 0.4784611 0
-0.2048365 -0.02022952 -0.369222 1

-0.4129385 -0.9107125 0.009220988 0
0.05261415 -0.03396139 -0.9980375 0
0.909238 -0.4116428 0.06194046 0
-0.10643 0.005693972 -0.2333012 1

0.1911203 -0.9716785 -0.1389762 0
-0.4855922 -0.2166436 0.8469161 0
-0.8530381 -0.09437723 -0.5132443 0
-0.09675507 -0.0477289 -0.2581613 1

0.1424291 -0.9805024 -0.1353864 0
0.8133898 0.1938847 -0.548458 0
0.5640134 -0.03200554 0.8251453 0
-0.1224367 0.01503819 -0.3074385 1

-0.08144459 -0.9909134 -0.1070418 0
-0.003095955 -0.1071468 0.9942387 0
-0.9966732 0.08130652 0.005658686 0
-0.09442738 -0.02632898 -0.2716759 1

0.8698413 -0.3898742 -0.3022819 0
-0.3092878 0.04639192 -0.9498363 0
0.38434 0.9196991 -0.08022982 0
-0.1424485 -0.008859336 -0.3826341 1

0.5895745 -0.0533642 -0.8059492 0
0.4765037 0.8286616 0.2937076 0
0.6521857 -0.5572005 0.5139861 0
-0.2110747 0.02065545 -0.3461621 1

0.5173595 -0.1201743 -0.8472882 0
-0.05933493 0.9826707 -0.1756066 0
0.8537087 0.1411256 0.5012636 0
-0.2007158 0.004675329 -0.4002224 1

0.5477927 -0.0487681 -0.8351916 0
0.3619734 0.9138377 0.1840537 0
0.7542538 -0.4031404 0.5182465 0
-0.2128366 0.01427966 -0.3799587 1

-0.7457813 0.00886457 0.666132 0
-0.02276787 0.9989882 -0.03878428 0
-0.6658018 -0.044091 -0.7448249 0
0.01211536 -0.2944012 0.01549367 1

0.6338153 -0.08594726 -0.7686946 0
0.04799223 -0.9875228 0.1499856 0
-0.7719942 -0.1319545 -0.6217822 0
-0.06316059 -0.3316954 0.08491686 1

-0.767853 0.1010911 0.6325998 0
-0.1252099 0.9447443 -0.3029531 0
-0.628271 -0.3118311 -0.7127672 0
0.009713181 -0.2257656 0.01189089 1

0.7961568 -0.06364775 -0.6017337 0
-0.4680092 -0.6951102 -0.5457006 0
-0.3835387 0.7160802 -0.5832044 0
0.08806274 -0.3335707 -0.05216026 1

0.7991762 -0.2382102 -0.5518818 0
-0.1740627 -0.9704982 0.1668398 0
-0.5753431 -0.03727242 -0.8170625 0
0.02715684 -0.4240311 -0.1231768 1

-0.7606037 0.04840172 0.6474097 0
-0.2430542 0.9034648 -0.3530951 0
-0.6020023 -0.4259211 -0.6754144 0
-0.0003329134 -0.149965 -0.01241626 1

0.5819085 0.03151068 -0.8126436 0
0.8036259 0.1310273 0.580532 0
0.1247714 -0.990878 0.05092309 0
-0.05691403 -0.460229 0.1044386 1

-0.7468821 -0.0001093922 0.6649566 0
-0.3550923 0.8455449 -0.3987021 0
-0.562207 -0.5339043 -0.6315612 0
-0.02262003 -0.06712079 -0.04479369 1

0.86576 -0.07991347 -0.4940381 0
-0.4060748 -0.6891588 -0.6001363 0
