MeshAnim
1
319
47
30
-0.9961078 -0.05942778 0.06509621 0
-0.05067265 0.9903823 0.1287447 0
-0.07212114 0.124945 -0.9895389 0
0.005242101 -0.1685369 0.007338901 1

0.9381734 -0.1365736 -0.318086 0
-0.109939 -0.9888627 0.1003208 0
-0.3282444 -0.05914821 -0.9427392 0
-0.09448097 -0.2124622 0.009005137 1

-0.9992176 -0.02336287 0.03191188 0
-0.02284092 0.9996009 0.01662386 0
-0.03228752 0.01588195 -0.9993524 0
0.001667194 -0.1002806 0.01494801 1

0.9664506 0.1821924 0.1810512 0
0.2391574 -0.8954042 -0.3755733 0
0.09368737 0.4062728 -0.9089363 0
0.1087243 -0.2001456 -0.005762214 1

0.9622012 0.06264285 0.2650377 0
0.01340114 -0.9828986 0.1836605 0
0.2720101 -0.1731667 -0.9465854 0
0.1398478 -0.3166719 -0.05463867 1

-0.9997537 -0.01150382 0.01897597 0
-0.01169247 0.9998831 -0.009860528 0
-0.01886032 -0.01007999 -0.9997713 0
-0.0001654257 -0.0200786 0.0162818 1

0.892831 -0.1323214 -0.4305162 0
0.1858039 -0.7625289 0.6196988 0
-0.4102804 -0.633278 -0.6562234 0
-0.1087904 -0.3411703 0.02206265 1

-0.9999845 -0.0001701675 0.005545639 0
-0.0003698394 0.999351 -0.03602184 0
-0.005535912 -0.03602335 -0.9993355 0
-0.001237579 0.07160676 0.01537763 1

0.9248136 -0.07991382 0.3719327 0
0.2183242 -0.6891587 -0.6909378 0
0.3115362 0.7201904 -0.6198959 0
0.1413167 -0.424408 -0.03450754 1

0.7789469 0.08123267 -0.6218061 0
-0.4007557 -0.6981813 -0.5932435 0
-0.4823242 0.7112975 -0.5112917 0
-0.08850793 -0.4244082 0.08970925 1

-0.9956819 -0.03476829 -0.08607241 0
-0.02955199 0.9976909 -0.06115327 0
0.08799984 -0.05834565 -0.9944102 0
-0.001275731 0.1746978 0.01166169 1

0.9531336 -0.001377333 0.3025472 0
0.3025213 0.01819596 -0.952969 0
-0.004192609 0.9998336 0.01776004 0
0.1640978 -0.4963186 -0.1066038 1

-0.2959686 -0.02271745 -0.9549275 0
0.7461244 -0.629702 -0.2162721 0
-0.5964066 -0.7765046 0.2033221 0
0.04264989 0.1598194 0.01181746 1

0.8281158 0.001608998 -0.5605548 0
-0.5597463 0.05614138 -0.8267602 0
0.0301401 0.9984216 0.04739223 0
-0.1297844 -0.4963186 0.0286072 1

-0.3102166 0.04809245 0.9494486 0
-0.8233858 -0.5127972 -0.243053 0
0.4751857 -0.8571617 0.1986769 0
-0.04519 0.1598104 0.01264062 1

-0.9931311 -0.05535682 0.103082 0
-0.06713518 0.9911472 -0.1145428 0
-0.09582867 -0.1206765 -0.9880556 0
-0.005626758 0.2523459 0.03062884 1

-0.6993644 0.124504 0.7038382 0
-0.481766 -0.8095303 -0.3355035 0
0.5280067 -0.5737244 0.6261385 0
-0.1214738 0.1123015 -0.009877399 1

-0.3995586 -0.1882159 -0.8971775 0
0.5607157 -0.8244429 -0.07675809 0
-0.7252244 -0.533731 0.4349489 0
0.1117725 0.1014824 -0.00821846 1

-0.3974088 -0.8022627 -0.4454669 0
0.7438686 0.002611157 -0.6683207 0
0.5373321 -0.5969656 0.5957404 0
-0.1623977 0.04353547 -0.03837694 1

-0.5909529 0.8029321 0.07794163 0
-0.3620837 -0.1776656 -0.9150575 0
-0.7208814 -0.5689773 0.3957207 0
0.1595053 0.03129888 -0.01475276 1

-0.2549784 -0.9374386 0.2370553 0
0.898127 -0.3204378 -0.301144 0
0.3582656 0.1361206 0.9236434 0
-0.02490283 0.04401809 -0.1619077 1

0.9936786 0.04906394 -0.1009723 0
-0.08079429 -0.3119138 -0.9466687 0
-0.07794205 0.9488428 -0.305978 0
0.09257504 -0.001542211 -0.1838989 1

-0.3567819 -0.9006203 0.2481734 0
0.7903424 -0.149364 0.5941795 0
-0.498062 0.4081344 0.7650886 0
0.0484454 0.01770872 -0.1867287 1

-0.453306 -0.8749607 0.1701701 0
0.6583622 -0.199957 0.725656 0
-0.6008937 0.4409778 0.6666824 0
0.03532674 -0.007234126 -0.178657 1

-0.2312467 -0.9415312 0.2450386 0
0.9600911 -0.2615743 -0.0990148 0
0.1573215 0.2123626 0.964444 0
0.0616446 0.04278374 -0.1951688 1

0.4884135 -0.8637457 -0.1240781 0
0.745526 0.3391475 0.5737335 0
-0.453479 -0.3727227 0.809589 0
0.008108437 0.06127292 -0.1659179 1

0.9741325 0.06216063 -0.2172605 0
-0.1897164 0.7473069 -0.6368203 0
0.122775 0.6615651 0.7397687 0
0.08915664 -0.03089374 -0.2642796 1

0.9660836 0.09206605 -0.2412592 0
-0.2088986 0.8278612 -0.5205836 0
0.151801 0.5533261 0.8190157 0
0.05611246 -0.02894205 -0.2621208 1

0.5519844 0.3012919 0.7775194 0
0.7901919 0.1087701 -0.6031299 0
-0.266289 0.9473078 -0.1780391 0
0.1168642 0.002750099 -0.2131292 1

0.9893703 -0.03187576 -0.1418806 0
-0.08037817 0.6932102 -0.7162394 0
0.1211837 0.7200302 0.6832793 0
0.1123013 -0.0226385 -0.2614685 1

1.965445 0.7467573 5.067108 0
1.398811 5.142788 -1.300485 0
-4.927125 1.757922 1.652076 0
0.1706349 -0.05605176 -0.1363924 1

-0.1897555 -0.7866355 -0.5875351 0
0.9814528 -0.1685901 -0.09125779 0
-0.02726599 -0.5939547 0.8040363 0
0.03288576 0.06617379 -0.1497829 1

-0.4755983 -0.8782222 0.05031877 0
-0.3527332 0.2427987 0.9036747 0
-0.8058448 0.4120371 -0.4252529 0
0.05806747 -0.01406911 -0.1536393 1

-0.3143609 -0.9252223 0.2124638 0
0.6719428 -0.0587722 0.7382677 0
-0.6705746 0.3748459 0.6401719 0
0.09560544 0.03352284 -0.1986693 1

-0.3699815 -0.9238894 0.09768414 0
-0.6745074 0.3394325 0.6556104 0
-0.6388689 0.1766751 -0.7487541 0
0.07928887 0.0119068 -0.163555 1

0.8058892 0.3211234 0.4974158 0
0.5195324 0.01937652 -0.854231 0
-0.2839517 0.946839 -0.1512186 0
0.1378744 0.004488409 -0.2353044 1

0.9484829 0.1873409 -0.2555067 0
-0.1050761 0.9468101 0.3041539 0
0.2988967 -0.261637 0.9177183 0
0.04952169 -0.003065199 -0.2783816 1

0.978359 0.1099281 -0.1752987 0
-0.04600646 0.9415634 0.3336791 0
0.2017355 -0.318393 0.9262443 0
0.1093728 0.002617598 -0.2875636 1

0.9550904 0.1842159 -0.2320921 0
-0.07659083 0.910122 0.4071995 0
0.2862447 -0.3711362 0.8833582 0
0.08194087 -0.002028912 -0.2888955 1

-0.7289698 -0.5828509 -0.3590095 0
0.6489983 -0.421639 -0.6332631 0
0.2177257 -0.6946263 0.6856311 0
0.0671797 0.06608725 -0.1486839 1

-0.4056801 -0.9139189 -0.01327525 0
-0.8952136 0.3943626 0.207535 0
-0.1844351 0.09607704 -0.9781374 0
0.04618111 -0.005955875 -0.1232538 1

-0.3312978 -0.9381359 0.1007115 0
-0.4258768 0.2439305 0.871279 0
-0.8419449 0.2457622 -0.4803439 0
0.1181598 0.03155839 -0.1738936 1

-0.2363209 -0.9658501 0.1062376 0
-0.6552618 0.07767809 -0.7513976 0
0.7174848 -0.2471844 -0.6512414 0
0.05292341 0.02519011 -0.1379246 1

0.6489919 0.3270952 0.6868902 0
0.7529877 -0.1471479 -0.6413714 0
-0.108715 0.9334646 -0.3417963 0
0.161093 0.00739038 -0.2607329 1

0.9452102 0.2649249 -0.1907677 0
0.03387472 0.5016035 0.8644341 0
0.3247 -0.8235344 0.4651464 0
0.04616201 0.02612019 -0.2689668 1

0.9763733 0.175491 -0.1260878 0
-0.0006776564 0.5859783 0.8103266 0
0.2160898 -0.7910957 0.5722525 0
0.1076034 0.03849649 -0.2748451 1

0.9530116 0.2283348 -0.1990777 0
0.02621417 0.5925406 0.8051136 0
0.3017972 -0.7725016 0.5587126 0
0.07913543 0.0316655 -0.2738299 1

-0.995948 -0.05968598 0.0672696 0
-0.05064589 0.990365 0.128888 0
-0.07431426 0.1249588 -0.9893749 0
0.005294214 -0.1685081 0.007378319 1

0.9373949 -0.1371507 -0.3201256 0
-0.1111093 -0.9889312 0.09833424 0
-0.3300688 -0.05660908 -0.9422579 0
-0.09441369 -0.2124591 0.009260891 1

-0.9991475 -0.02366431 0.0338241 0
-0.02310882 0.9995931 0.0167208 0
-0.03420601 0.0159249 -0.9992879 0
0.001718391 -0.100253 0.01499748 1

0.9667898 0.1826214 0.178793 0
0.2385324 -0.895937 -0.3746989 0
0.09175921 0.404903 -0.9097437 0
0.1087556 -0.2000898 -0.005949819 1

0.9624381 0.06314842 0.2640554 0
0.01392569 -0.9827766 0.1842725 0
0.271144 -0.1736738 -0.9467409 0
0.1397978 -0.3166854 -0.05471248 1

-0.9997111 -0.01180858 0.0209316 0
-0.01201544 0.99988 -0.009784237 0
-0.02081355 -0.01003291 -0.999733 0
-0.000135723 -0.0200516 0.01633906 1

0.8925503 -0.1320416 -0.431183 0
0.1864929 -0.7624903 0.6195393 0
-0.4105778 -0.6333826 -0.6559362 0
-0.1088754 -0.3411761 0.02205984 1

-0.9999714 -0.0004854985 0.007540204 0
-0.0007564016 0.9993527 -0.03596688 0
-0.007517856 -0.03597157 -0.9993246 0
-0.001237492 0.07163346 0.01544188 1

0.9248817 -0.07974586 0.3717992 0
0.2182842 -0.68927 -0.6908394 0
0.3113616 0.7201025 -0.6200858 0
0.1413242 -0.4244081 -0.03451426 1

0.7789485 0.08116796 -0.6218124 0
-0.4008856 -0.6980489 -0.5933116 0
-0.4822134 0.7114349 -0.5112052 0
-0.08851776 -0.4244099 0.08968903 1

-0.9960367 -0.03522842 -0.08166897 0
-0.03028251 0.9976766 -0.0610278 0
0.08362915 -0.0583128 -0.9947892 0
-0.001315522 0.1747247 0.01173162 1

0.9531823 -0.0012208 0.3023939 0
0.3023657 0.01809188 -0.9530203 0
-0.004307423 0.9998358 0.01761403 0
0.1641012 -0.4963304 -0.1066003 1

-0.2978655 -0.02275952 -0.9543365 0
0.7458898 -0.6294554 -0.217794 0
-0.5957553 -0.7767033 0.2044692 0
0.04261502 0.1598601 0.01179895 1

0.8281051 0.00152937 -0.5605708 0
-0.5597528 0.05632949 -0.8267432 0
0.03031223 0.998411 0.04750289 0
-0.1298076 -0.4963065 0.02857994 1

-0.3083374 0.04794385 0.9500681 0
-0.8237075 -0.5130436 -0.241438 0
0.4758509 -0.8570226 0.1976822 0
-0.04522306 0.1598234 0.01279732 1

-0.992456 -0.05653355 0.1087899 0
-0.06890415 0.9911417 -0.113536 0
-0.1014076 -0.1201755 -0.9875597 0
-0.005618478 0.252371 0.03071737 1

-0.6979983 0.124246 0.7052385 0
-0.4821794 -0.8096638 -0.3345859 0
0.5294352 -0.5735919 0.6250527 0
-0.1215367 0.1122917 -0.009571077 1

-0.3994653 -0.1906001 -0.8967157 0
0.5622128 -0.8235477 -0.0754044 0
-0.7241159 -0.5342667 0.4361365 0
0.1117158 0.1015459 -0.008377956 1

-0.3980437 -0.8023642 -0.4447173 0
0.7425336 0.00288168 -0.6698028 0
0.5387071 -0.5968283 0.594635 0
-0.1624957 0.04351425 -0.03799267 1

-0.5906309 0.8028548 0.08111291 0
-0.3647891 -0.1759891 -0.9143068 0
-0.7197806 -0.5696069 0.3968172 0
0.1595762 0.03143859 -0.01479701 1

-0.2528027 -0.9379987 0.2371704 0
0.8989009 -0.3183774 -0.30102 0
0.357866 0.1370942 0.9236541 0
-0.02524759 0.04404694 -0.1617974 1

0.993569 0.05138182 -0.1008986 0
-0.07998511 -0.3122338 -0.9466322 0
-0.08014369 0.9486148 -0.3061161 0
0.09214581 -0.001092553 -0.1838043 1

-0.3546931 -0.9014173 0.2482745 0
0.7906387 -0.1474256 0.5942693 0
-0.4990825 0.4070787 0.7649862 0
0.04816418 0.01790577 -0.1866082 1

-0.4512703 -0.8759952 0.170259 0
0.658766 -0.1983085 0.7257419 0
-0.6019824 0.4396666 0.6665663 0
0.03510332 -0.007066578 -0.178534 1

-0.2290621 -0.9420347 0.2451564 0
0.9607098 -0.2593393 -0.09889411 0
0.1567403 0.2128715 0.9644264 0
0.06130536 0.04301047 -0.1950508 1

0.4904459 -0.8626179 -0.1239099 0
0.7446802 0.3409765 0.573748 0
-0.4526748 -0.3736655 0.8096046 0
0.007723534 0.06137836 -0.1658072 1

0.9740015 0.06441641 -0.2171901 0
-0.1914179 0.7467712 -0.6369392 0
0.121162 0.661954 0.7396867 0
0.08880281 -0.03046313 -0.2641815 1

0.9658847 0.09429955 -0.2411937 0
-0.2107985 0.8272967 -0.5207154 0
0.1504355 0.5537945 0.8189514 0
0.05575402 -0.02858868 -0.2620255 1

0.5512127 0.3026944 0.7775222 0
0.7899836 0.1105405 -0.6030811 0
-0.2684969 0.9466559 -0.1781922 0
0.1164272 0.003252685 -0.2130333 1

0.989454 -0.02957354 -0.141796 0
-0.08194656 0.6929204 -0.7163423 0
0.1194381 0.7204074 0.6831894 0
0.1119278 -0.02215323 -0.2613696 1

1.963253 0.7520987 5.067169 0
1.386876 5.145862 -1.301117 0
-4.931371 1.746619 1.651396 0
0.1705218 -0.05556095 -0.1362505 1

-0.187862 -0.7871636 -0.5874366 0
0.9818529 -0.1663043 -0.09114882 0
-0.02594426 -0.5938995 0.8041209 0
0.03248791 0.06633973 -0.1496708 1

-0.4735447 -0.8793265 0.05040628 0
-0.353379 0.2421039 0.9036091 0
-0.8067708 0.4100866 -0.4253824 0
0.05785784 -0.01384461 -0.1535134 1

-0.3122115 -0.9259251 0.212572 0
0.6720148 -0.05709041 0.7383341 0
-0.6715062 0.3733678 0.6400595 0
0.09528808 0.03382862 -0.1985471 1

-0.3678251 -0.9247393 0.09778746 0
-0.6753572 0.3379475 0.655503 0
-0.6392164 0.1750691 -0.7488349 0
0.07901918 0.01217955 -0.163431 1

0.805093 0.3230827 0.4974365 0
0.519555 0.02047717 -0.8541917 0
-0.2861606 0.9461494 -0.1513731 0
0.1374351 0.005037248 -0.235207 1

0.9480615 0.1895307 -0.2554559 0
-0.1073225 0.9466033 0.304014 0
0.2994353 -0.2608077 0.9177787 0
0.04910382 -0.002729654 -0.2782905 1

0.9781125 0.1121995 -0.1752347 0
-0.04824311 0.9414992 0.3335447 0
0.2024069 -0.3177903 0.9263049 0
0.1089422 0.003092289 -0.2874684 1

0.9546744 0.1864246 -0.2320403 0
-0.07875958 0.9099963 0.4070669 0
0.2870431 -0.370341 0.8834329 0
0.08152137 -0.001618743 -0.2888018 1

-0.7275717 -0.5846092 -0.3589872 0
0.6500387 -0.4202102 -0.6331456 0
0.2192927 -0.6940143 0.6857513 0
0.06678187 0.06633365 -0.1485689 1

-0.4035375 -0.9148685 -0.0131766 0
-0.8961529 0.3922951 0.2074005 0
-0.1845751 0.09550201 -0.9781675 0
0.04594988 -0.005754739 -0.1231301 1

-0.3291085 -0.9388948 0.1008201 0
-0.4265222 0.2430596 0.8712067 0
-0.8424766 0.2437194 -0.4804522 0
0.1178448 0.03192061 -0.1737691 1

-0.2340674 -0.9663855 0.1063584 0
-0.6553771 0.07603355 -0.7514655 0
0.7181181 -0.2455985 -0.6511438 0
0.05262049 0.02540481 -0.1378048 1

0.6481668 0.3287127 0.6868973 0
0.7533832 -0.1454694 -0.6412899 0
-0.1108774 0.9331596 -0.3419348 0
0.1606489 0.007990122 -0.2606341 1

0.9446013 0.267116 -0.1907279 0
0.03262729 0.5018015 0.8643674 0
0.3265939 -0.8227057 0.4652872 0
0.04567492 0.02644908 -0.2688799 1

0.975969 0.1777645 -0.1260331 0
-0.002118729 0.5860875 0.8102451 0
0.2178991 -0.7905072 0.5723797 0
0.1070875 0.03896868 -0.2747549 1

0.9524892 0.2305432 -0.1990322 0
0.02475815 0.5927124 0.8050336 0
0.3035638 -0.7717137 0.5588443 0
0.07863561 0.03207111 -0.2737411 1

-0.9958042 -0.0599197 0.06916358 0
-0.0506296 0.9903474 0.1290296 0
-0.07622738 0.1249865 -0.9892259 0
0.005335905 -0.1684744 0.007426908 1

0.9367164 -0.1377169 -0.3218641 0
-0.112191 -0.9889755 0.09664786 0
-0.3316257 -0.05442137 -0.9418401 0
-0.09435806 -0.2124486 0.00949736 1

-0.9990796 -0.02395458 0.03558186 0
-0.0233675 0.9995854 0.01682482 0
-0.03597014 0.01597788 -0.9992252 0
0.001758798 -0.1002205 0.01505599 1

0.9670584 0.183123 0.1768175 0
0.2380818 -0.8964854 -0.3736731 0
0.09008615 0.4034607 -0.9105515 0
0.1087791 -0.2000315 -0.006099703 1

0.9626069 0.0638103 0.2632805 0
0.01459331 -0.9826663 0.184809 0
0.2705096 -0.1740563 -0.9468522 0
0.1397626 -0.3166986 -0.05472886 1

-0.9996664 -0.01210962 0.02281426 0
-0.01233349 0.999877 -0.00969781 0
-0.02269403 -0.00997594 -0.9996927 0
-0.0001160721 -0.02001971 0.01640592 1

0.8921123 -0.1320768 -0.4320781 0
0.1870335 -0.7625757 0.6192711 0
-0.4112836 -0.6332726 -0.6556004 0
-0.1089606 -0.3411714 0.02207682 1

-0.9999542 -0.0008188449 0.009535931 0
-0.001160704 0.9993548 -0.03589917 0
-0.009500388 -0.03590856 -0.9993101 0
-0.001247004 0.07166505 0.01551666 1

0.9250554 -0.07929108 0.3714645 0
0.218196 -0.6895732 -0.6905648 0
0.3109075 0.7198626 -0.6205921 0
0.1413622 -0.4244092 -0.03447185 1

0.778958 0.08098956 -0.6218241 0
-0.4012378 -0.6976862 -0.5935 0
-0.4819053 0.711811 -0.5109722 0
-0.08854391 -0.4244144 0.08967674 1

-0.9963544 -0.03581119 -0.07743151 0
-0.03112121 0.9976556 -0.06095033 0
0.07943266 -0.05831833 -0.995133 0
-0.001366739 0.1747565 0.01181338 1

0.9533058 -0.0007969514 0.3020064 0
0.3019722 0.01781213 -0.9531505 0
-0.004619766 0.9998413 0.01722113 0
0.16413 -0.496363 -0.1065292 1

-0.2997621 -0.02279614 -0.9537417 0
0.745663 -0.6291929 -0.2193239 0
-0.5950876 -0.776915 0.2056064 0
0.04256878 0.1599065 0.01179206 1

0.8280802 0.001310099 -0.5606084 0
-0.559764 0.05684501 -0.8267002 0
0.03078471 0.9983823 0.04780544 0
-0.12987 -0.4962738 0.02854823 1

-0.3064564 0.04777897 0.9506849 0
-0.8240169 -0.513302 -0.2398275 0
0.4765297 -0.8568771 0.1966754 0
-0.04526711 0.1598406 0.01296573 1

-0.9917756 -0.05786964 0.1141589 0
-0.07081555 0.991089 -0.112818 0
-0.1066129 -0.1199744 -0.987036 0
-0.005634035 0.2524012 0.03081323 1

-0.6966305 0.1239674 0.7066386 0
-0.4825768 -0.8098023 -0.3336765 0
0.5308725 -0.5734567 0.6239568 0
-0.1216094 0.1122849 -0.009253453 1

-0.3993469 -0.1929928 -0.8962564 0
0.5637378 -0.822628 -0.0740477 0
-0.7229948 -0.5348245 0.4373113 0
0.1116486 0.1016167 -0.008526575 1

-0.3986633 -0.8024675 -0.4439753 0
0.7411945 0.00317293 -0.6712831 0
0.5400913 -0.5966879 0.5935193 0
-0.1626022 0.04349577 -0.03759781 1

-0.5902823 0.8027749 0.0843761 0
-0.3675385 -0.1742337 -0.9135416 0
-0.7186669 -0.570259 0.3978977 0
0.1596387 0.03158766 -0.01483014 1

-0.2505772 -0.9385698 0.2372721 0
0.8996955 -0.3162608 -0.3008776 0
0.3574345 0.1380797 0.9236749 0
-0.02560159 0.04408216 -0.1616762 1

0.993452 0.05376691 -0.1008086 0
-0.07913993 -0.3125358 -0.9466036 0
-0.08240224 0.9483832 -0.3062341 0
0.09170017 -0.000619024 -0.183696 1

-0.3525563 -0.9022317 0.2483599 0
0.790925 -0.1454461 0.5943764 0
-0.5001422 0.4059851 0.7648754 0
0.04787545 0.01811391 -0.1864754 1

-0.4491857 -0.8770521 0.1703304 0
0.6591601 -0.1966271 0.7258416 0
-0.6031091 0.4383125 0.6664398 0
0.03487365 -0.006888568 -0.1783991 1

-0.2268279 -0.9425478 0.2452613 0
0.9613402 -0.2570468 -0.09875306 0
0.1561231 0.2133797 0.9644143 0
0.06095725 0.04324889 -0.1949199 1

0.4925282 -0.8614554 -0.1237372 0
0.7437968 0.3428417 0.5737827 0
-0.451866 -0.3746394 0.8096067 0
0.007328287 0.0614922 -0.1656848 1

0.9738644 0.06674065 -0.2171036 0
-0.1931572 0.7462336 -0.6370448 0
0.1194931 0.6623303 0.7396214 0
0.08843583 -0.03000692 -0.2640699 1

0.9656778 0.09660146 -0.2411114 0
-0.2127433 0.8267254 -0.5208321 0
0.1490196 0.5542507 0.8189015 0
0.05538236 -0.02821195 -0.2619176 1

0.5504054 0.3041135 0.7775404 0
0.7897731 0.112376 -0.6030178 0
-0.2707627 0.9459847 -0.1783283 0
0.1159738 0.003781438 -0.2129231 1

0.9895361 -0.02720298 -0.141697 0
-0.0835485 0.6926377 -0.7164309 0
0.1176336 0.7207729 0.683117 0
0.1115404 -0.02164096 -0.2612568 1

1.960886 0.7575052 5.067279 0
1.374666 5.148995 -1.301675 0
-4.93573 1.735007 1.650615 0
0.1704034 -0.0550521 -0.1360941 1

-0.185908 -0.787693 -0.5873487 0
0.9822592 -0.1639602 -0.09101827 0
-0.02460743 -0.5938494 0.8041999 0
0.03207893 0.06651521 -0.1495463 1

-0.4714388 -0.8804534 0.0504756 0
-0.3540583 0.2413795 0.903537 0
-0.8077058 0.4080908 -0.4255273 0
0.05764162 -0.01360857 -0.153375 1

-0.3100121 -0.9266424 0.2126655 0
0.6720687 -0.05537595 0.7384155 0
-0.6724707 0.3718435 0.6399345 0
0.09496235 0.0341481 -0.1984113 1

-0.3656159 -0.925606 0.09787457 0
-0.6762382 0.3364161 0.6553826 0
-0.6395522 0.1734314 -0.748929 0
0.07874156 0.01246488 -0.163294 1

0.804263 0.3250817 0.4974766 0
0.519587 0.02163136 -0.8541439 0
-0.2884276 0.9454389 -0.1515109 0
0.1369795 0.005614042 -0.2350951 1

0.9476261 0.1917878 -0.2553864 0
-0.1096354 0.946377 0.3038935 0
0.2999747 -0.259978 0.9178382 0
0.04867139 -0.002370924 -0.2781861 1

0.977856 0.1145384 -0.1751533 0
-0.05054656 0.9414188 0.3334304 0
0.2030832 -0.3171936 0.9263616 0
0.1084964 0.003594339 -0.287359 1

0.9542444 0.1887002 -0.2319698 0
-0.08099408 0.9098511 0.4069534 0
0.2878501 -0.3695449 0.8835038 0
0.08108718 -0.001183033 -0.2886944 1

-0.7261274 -0.586403 -0.3589862 0
0.6511149 -0.4187363 -0.6330166 0
0.2208821 -0.6933917 0.6858713 0
0.06637267 0.06659156 -0.1484406 1

-0.4013396 -0.9158361 -0.01309468 0
-0.8971146 0.390172 0.2072482 0
-0.1846962 0.09492415 -0.978201 0
0.04571094 -0.005543172 -0.1229941 1

-0.3268656 -0.9396679 0.1009135 0
-0.4272 0.2421553 0.8711266 0
-0.8430061 0.2416308 -0.4805783 0
0.1175208 0.03229767 -0.1736306 1

-0.2317594 -0.9669297 0.106466 0
-0.6554751 0.07435714 -0.7515477 0
0.7187771 -0.2439641 -0.6510313 0
0.05230837 0.0256303 -0.1376724 1

0.6473055 0.3303551 0.6869218 0
0.7537939 -0.1437259 -0.6412003 0
-0.1130952 0.9328498 -0.3420542 0
0.1601886 0.008620024 -0.2605202 1

0.9439728 0.2693718 -0.1906678 0
0.03133282 0.5019792 0.8643121 0
0.3285326 -0.8218616 0.4654146 0
0.04517121 0.02680051 -0.2687792 1

0.9755495 0.1801038 -0.1259596 0
-0.00361095 0.5861747 0.8101768 0
0.2197502 -0.7899129 0.5724927 0
0.106554 0.03946757 -0.2746498 1

0.9519496 0.2328171 -0.198967 0
0.02325013 0.5928639 0.8049672 0
0.3053705 -0.7709145 0.5589635 0
0.07811873 0.03250146 -0.273638 1

-0.9956656 -0.06014401 0.07094129 0
-0.050619 0.9903308 0.1291613 0
-0.07802362 0.1250105 -0.9890828 0
0.005370258 -0.1684366 0.007481503 1

0.9360824 -0.1382934 -0.3234577 0
-0.1132406 -0.9890032 0.09512855 0
-0.3330563 -0.05241962 -0.9414487 0
-0.09431006 -0.2124331 0.009728349 1

-0.9990077 -0.02425221 0.03735493 0
-0.02363326 0.9995775 0.01692302 0
-0.03774957 0.0160234 -0.9991588 0
0.001791623 -0.1001838 0.01511983 1

0.9672858 0.183706 0.1749589 0
0.2377447 -0.8970664 -0.3724911 0
0.08852086 0.4019008 -0.9113944 0
0.1087961 -0.1999702 -0.006231346 1

0.9627297 0.0646141 0.2626348 0
0.01538175 -0.9825531 0.185346 0
0.2700285 -0.1743983 -0.9469266 0
0.1397358 -0.3167129 -0.05470668 1

-0.9996154 -0.0124255 0.02479051 0
-0.01266719 0.9998736 -0.009616123 0
-0.02466789 -0.009926443 -0.9996464 0
-0.0001045689 -0.01998371 0.01647763 1

0.8915299 -0.1323433 -0.4331974 0
0.1875022 -0.7627555 0.6189081 0
-0.4123319 -0.6330005 -0.6552045 0
-0.1090492 -0.3411594 0.02211006 1

-0.9999309 -0.001188297 0.01169667 0
-0.001606796 0.9993564 -0.03583543 0
-0.01164656 -0.03585175 -0.9992893 0
-0.0012661 0.07170075 0.01559587 1

0.9253061 -0.0786262 0.3709811 0
0.2180691 -0.6900231 -0.6901553 0
0.3102498 0.7195044 -0.6213363 0
0.1414218 -0.424411 -0.0343908 1

0.7789736 0.08072641 -0.6218389 0
-0.4017585 -0.6971458 -0.593783 0
-0.4814463 0.7123703 -0.5106255 0
-0.08858137 -0.4244221 0.08967035 1

-0.996659 -0.03646178 -0.07308652 0
-0.03203165 0.9976299 -0.06089684 0
0.0751337 -0.05835231 -0.9954646 0
-0.001431856 0.1747924 0.01189916 1

0.9534838 -0.0001782663 0.3014449 0
0.3014022 0.01740503 -0.9533385 0
-0.005076636 0.9998487 0.0166491 0
0.1641763 -0.4964119 -0.1064055 1

-0.3018139 -0.02284914 -0.9530929 0
0.7454193 -0.6289045 -0.2209733 0
-0.5943553 -0.7771468 0.2068443 0
0.042509 0.1599586 0.01178199 1

0.8280445 0.0009861216 -0.5606617 0
-0.5597778 0.05761401 -0.8266376 0
0.03148677 0.9983387 0.04825897 0
-0.1299611 -0.4962258 0.0285127 1

-0.304419 0.04760852 0.9513476 0
-0.8243439 -0.5135915 -0.2380778 0
0.4772695 -0.8567132 0.1955928 0
-0.04532412 0.1598601 0.01314546 1

-0.9910345 -0.05936371 0.1196936 0
-0.07291862 0.9910011 -0.112248 0
-0.111953 -0.1199695 -0.9864451 0
-0.005666537 0.252436 0.03091098 1

-0.6951474 0.1236678 0.7081499 0
-0.4829983 -0.80996 -0.3326825 0
0.5324309 -0.5732985 0.6227729 0
-0.1216967 0.1122776 -0.008911613 1

-0.399351 -0.1954121 -0.8957305 0
0.5652899 -0.8216761 -0.07277159 0
-0.7217797 -0.5354088 0.4386017 0
0.1115662 0.1016955 -0.008689443 1

-0.3993258 -0.8025877 -0.443162 0
0.739741 0.003486928 -0.6728828 0
0.5415925 -0.5965244 0.5923144 0
-0.1627253 0.04347509 -0.03717153 1

-0.5899094 0.8026814 0.08780442 0
-0.3704737 -0.1724308 -0.9126976 0
-0.7174652 -0.5709381 0.3990909 0
0.1596885 0.03174746 -0.01488438 1

-0.2482509 -0.939151 0.2374178 0
0.900463 -0.3140825 -0.3008633 0
0.3571248 0.1390964 0.9236419 0
-0.02599337 0.0441196 -0.1615456 1

0.9933094 0.05622791 -0.1008699 0
-0.07841428 -0.3128366 -0.9465646 0
-0.08477929 0.9481412 -0.3063344 0
0.09120738 -0.000125885 -0.1835943 1

-0.3503188 -0.903063 0.248504 0
0.7913024 -0.1434063 0.5943697 0
-0.5011161 0.4048607 0.7648337 0
0.04754666 0.0183292 -0.1863436 1

-0.4470128 -0.8781334 0.1704742 0
0.659669 -0.1948933 0.7258468 0
-0.604166 0.4369193 0.6663972 0
0.03460691 -0.006704152 -0.1782632 1

-0.2244915 -0.9430692 0.2454067 0
0.9619685 -0.254687 -0.09874958 0
0.1556295 0.2139052 0.9643778 0
0.06056609 0.04349518 -0.1947923 1

0.4946492 -0.8602548 -0.1236289 0
0.7429678 0.3447607 0.5737062 0
-0.4509112 -0.3756357 0.8096773 0
0.006893261 0.06161028 -0.1655579 1

0.9736831 0.06914029 -0.2171652 0
-0.1950492 0.7456798 -0.6371166 0
0.1178853 0.6627072 0.7395418 0
0.08801175 -0.02953076 -0.2639647 1

0.9654208 0.09897768 -0.2411758 0
-0.214829 0.8261355 -0.5209118 0
0.1476852 0.5547106 0.8188319 0
0.05495402 -0.02781785 -0.2618107 1

0.5496899 0.3055684 0.7774761 0
0.7894573 0.1142744 -0.603074 0
-0.2731261 0.9452882 -0.1784178 0
0.1154684 0.004331589 -0.2128232 1

0.989593 -0.02475587 -0.141749 0
-0.08531186 0.692348 -0.7165026 0
0.1158773 0.7211389 0.6830309 0
0.1110956 -0.02110699 -0.2611539 1

1.959187 0.7630836 5.067099 0
1.361904 5.152183 -1.302474 0
-4.93994 1.723056 1.650537 0
0.1702567 -0.05452669 -0.135956 1

-0.1839833 -0.7882351 -0.5872272 0
0.9826577 -0.161548 -0.091029 0
-0.02311295 -0.5937911 0.8042874 0
0.03163199 0.0666967 -0.1494211 1

-0.4692618 -0.8816074 0.05062068 0
-0.3546214 0.2406365 0.9035142 0
-0.8087257 0.4060333 -0.4255583 0
0.05739229 -0.01336426 -0.153239 1

-0.3077158 -0.9273739 0.2128116 0
0.6722292 -0.05360881 0.7383998 0
-0.6733639 0.3702754 0.639904 0
0.09459341 0.03447789 -0.1982834 1

-0.363326 -0.9264914 0.09802252 0
-0.6770439 0.3348411 0.6553574 0
-0.6400048 0.1717426 -0.7489318 0
0.07842745 0.0127598 -0.1631625 1

0.8034791 0.3271374 0.4973959 0
0.519484 0.02282986 -0.8541752 0
-0.2907881 0.9447013 -0.1515993 0
0.1364682 0.006214082 -0.2349965 1

0.9471316 0.1941172 -0.2554602 0
-0.1119734 0.9461347 0.3037949 0
0.3006717 -0.259129 0.9178503 0
0.04817786 -0.001995385 -0.2780817 1

0.9775582 0.1169524 -0.1752204 0
-0.05287097 0.941327 0.3333291 0
0.2039233 -0.3165846 0.9263853 0
0.1079873 0.004117668 -0.2872587 1

0.9537589 0.1910488 -0.2320438 0
-0.08323578 0.9096918 0.4068573 0
0.2888179 -0.3687295 0.8835286 0
0.08058999 -0.0007279813 -0.288592 1

-0.72469 -0.5882461 -0.358875 0
0.6521244 -0.4172198 -0.6329783 0
0.2226174 -0.6927441 0.6859645 0
0.06592547 0.06685787 -0.1483166 1

-0.3990776 -0.916826 -0.01294686 0
-0.8980678 0.3879862 0.2072231 0
-0.1849643 0.09432518 -0.9782079 0
0.0454428 -0.005323857 -0.1228589 1

-0.324541 -0.9404571 0.1010622 0
-0.4277661 0.241227 0.8711065 0
-0.8436171 0.2394787 -0.4805836 0
0.1171573 0.03268671 -0.1735033 1

-0.2293678 -0.9674835 0.1066152 0
-0.6556829 0.07262902 -0.7515354 0
0.7193545 -0.2422838 -0.6510211 0
0.05196273 0.02586365 -0.1375419 1

0.6465192 0.3320411 0.6868492 0
0.7541139 -0.1419205 -0.6412264 0
-0.1154356 0.9325275 -0.342151 0
0.1596683 0.009275019 -0.2604233 1

0.9432889 0.2716992 -0.1907501 0
0.03013132 0.5021513 0.8642548 0
0.3306028 -0.8209897 0.4654869 0
0.04460559 0.02716833 -0.2686779 1

0.9750912 0.1825171 -0.1260337 0
-0.005024983 0.5862535 0.8101122 0
0.2217471 -0.7893 0.5725677 0
0.1059563 0.03998744 -0.2745534 1

0.9513561 0.2351636 -0.1990457 0
0.02181912 0.593009 0.8049002 0
0.3073193 -0.7700899 0.5590316 0
0.07753853 0.03295076 -0.2735392 1

-0.99552 -0.06037398 0.07276582 0
-0.05060927 0.9903165 0.1292751 0
-0.07986604 0.1250133 -0.9889354 0
0.005400358 -0.1683956 0.007538942 1

0.9354362 -0.1389009 -0.3250625 0
-0.1143164 -0.9890211 0.093644 0
-0.3345009 -0.05043799 -0.9410448 0
-0.09426557 -0.212415 0.009967646 1

-0.9989247 -0.02457571 0.03931315 0
-0.02392241 0.9995692 0.01700285 0
-0.03971407 0.01604412 -0.9990823 0
0.001820076 -0.1001438 0.01518527 1

0.9675009 0.1843791 0.1730509 0
0.2374615 -0.8976979 -0.371148 0
0.0869155 0.4001789 -0.9123062 0
0.1088081 -0.1999052 -0.006364227 1

0.9628288 0.06554604 0.2620397 0
0.01627002 -0.9824228 0.185959 0
0.2696227 -0.1747833 -0.9469713 0
0.1397109 -0.31673 -0.05466478 1

-0.999553 -0.01277479 0.02702697 0
-0.01303716 0.9998693 -0.009553582 0
-0.02690141 -0.009901617 -0.9995891 0
-9.931624E-05 -0.01994434 0.01654948 1

0.890816 -0.1327584 -0.4345366 0
0.1879742 -0.7629997 0.6184637 0
-0.4136575 -0.632619 -0.6547372 0
-0.1091447 -0.3411437 0.02215613 1

-0.999898 -0.001611888 0.01418637 0
-0.00211883 0.9993571 -0.03579186 0
-0.01411957 -0.03581826 -0.9992586 0
-0.001294772 0.07173967 0.01567345 1

0.9256059 -0.07782753 0.3704007 0
0.2179134 -0.6905748 -0.6896523 0
0.3094633 0.7190617 -0.6222404 0
0.1414943 -0.4244139 -0.03428171 1

0.7789939 0.08040676 -0.6218547 0
-0.4023942 -0.6964803 -0.594133 0
-0.4808818 0.7130568 -0.5101988 0
-0.08862539 -0.4244331 0.08966791 1

-0.9969697 -0.03712532 -0.0683601 0
-0.03297698 0.9976025 -0.06084339 0
0.07045503 -0.0584047 -0.9958037 0
-0.001513346 0.1748314 0.01198125 1

0.9536968 0.0005632937 0.3007698 0
0.3007177 0.01692009 -0.9535633 0
-0.005626172 0.9998569 0.01596723 0
0.1642326 -0.4964723 -0.1062439 1

-0.3041765 -0.0229402 -0.9523395 0
0.7451329 -0.6285804 -0.2228535 0
-0.5935097 -0.7774062 0.2082929 0
0.04243334 0.1600162 0.01175408 1

0.8280019 0.0005918816 -0.560725 0
-0.5597915 0.05856192 -0.8265616 0
0.03234793 0.9982837 0.04882067 0
-0.1300706 -0.4961681 0.0284742 1

-0.3020693 0.04744309 0.9521047 0
-0.8247168 -0.513931 -0.2360447 0
0.4781175 -0.8565186 0.1943699 0
-0.04539605 0.1598805 0.01333624 1

-0.9901653 -0.06101465 0.1258969 0
-0.07525933 0.9908901 -0.1116816 0
-0.1179358 -0.1200581 -0.9857369 0
-0.005709053 0.2524742 0.03100521 1

-0.6934342 0.1233463 0.7098836 0
-0.4834825 -0.8101513 -0.331511 0
0.5342225 -0.5730973 0.6214226 0
-0.1218032 0.1122665 -0.00853248 1

-0.3996244 -0.1978759 -0.8950672 0
0.5668699 -0.8206845 -0.07166091 0
-0.7203879 -0.5360242 0.4401356 0
0.111464 0.1017832 -0.008891544 1

-0.4000881 -0.8027394 -0.4421982 0
0.7380619 0.003826056 -0.6747224 0
0.543318 -0.5963179 0.5909405 0
-0.1628729 0.04344779 -0.03669288 1

-0.589512 0.8025637 0.09147066 0
-0.3737357 -0.1706121 -0.9117089 0
-0.7160984 -0.5716493 0.4005246 0
0.1597208 0.0319196 -0.01499192 1

-0.2457725 -0.9397408 0.2376629 0
0.9011562 -0.3118364 -0.3011243 0
0.3570906 0.1401633 0.923494 0
-0.02645134 0.044155 -0.161407 1

0.9931233 0.0587737 -0.1012497 0
-0.07796346 -0.3131532 -0.9464971 0
-0.0873359 0.9478824 -0.3064175 0
0.09063671 0.0003823042 -0.1835191 1

-0.3479283 -0.9039113 0.2487784 0
0.7918726 -0.1412873 0.5941179 0
-0.5018806 0.4037112 0.7649401 0
0.04714558 0.01854795 -0.1862262 1

-0.4447128 -0.8792413 0.1707782 0
0.6604164 -0.1930875 0.7256498 0
-0.6050461 0.4354902 0.666534 0
0.03427256 -0.006516874 -0.1781371 1

-0.2220004 -0.9435967 0.2456441 0
0.9625803 -0.25225 -0.09904191 0
0.1554193 0.2144648 0.9642872 0
0.06009787 0.04374564 -0.1946837 1

0.4967981 -0.8590117 -0.1236562 0
0.7422862 0.3467513 0.573389 0
-0.4496699 -0.3766469 0.8098979 0
0.006389223 0.06172878 -0.1654336 1

0.9734202 0.07162109 -0.2175393 0
-0.1972081 0.7450972 -0.6371335 0
0.1164556 0.6630992 0.739417 0
0.08748665 -0.02904046 -0.2638847 1

0.9650722 0.1014344 -0.2415504 0
-0.2171515 0.8255157 -0.5209311 0
0.1465632 0.5551892 0.818709 0
0.05442543 -0.02741241 -0.2617185 1

0.5491928 0.3070781 0.7772324 0
0.7889342 0.1162335 -0.6033844 0
-0.2756267 0.9445597 -0.1784299 0
0.1148752 0.004898787 -0.2127576 1

0.9896002 -0.0222244 -0.1421178 0
-0.08736363 0.6920385 -0.7165547 0
0.1142758 0.7215185 0.6828998 0
0.1105498 -0.02055693 -0.2610835 1

1.958999 0.7689359 5.066287 0
1.348307 5.155417 -1.303818 0
-4.943743 1.710734 1.651968 0
0.1700585 -0.05398622 -0.1358692 1

-0.182177 -0.7888013 -0.5870299 0
0.9830347 -0.1590571 -0.09134445 0
-0.02131865 -0.5937116 0.8043956 0
0.03112051 0.066881 -0.1493063 1

-0.4669944 -0.8827925 0.05093306 0
-0.3549193 0.2398847 0.9035974 0
-0.8099068 0.4038977 -0.4253448 0
0.05708355 -0.01311463 -0.1531197 1

-0.3052759 -0.9281195 0.2130754 0
0.6726208 -0.05176946 0.7381745 0
-0.6740832 0.3686657 0.6400762 0
0.09414683 0.0348146 -0.1981852 1

-0.360928 -0.927398 0.09830553 0
-0.6776674 0.3332247 0.6555368 0
-0.6407013 0.1699831 -0.7487376 0
0.07804856 0.01306129 -0.163055 1

0.8028202 0.3292665 0.4970543 0
0.5191032 0.02406337 -0.8543728 0
-0.2932772 0.9439305 -0.1516046 0
0.1358617 0.0068326 -0.2349391 1

0.9465325 0.1965248 -0.2558395 0
-0.1142959 0.9458802 0.3037221 0
0.3016825 -0.2582416 0.9177685 0
0.0475767 -0.001609504 -0.2779902 1

0.9771878 0.1194483 -0.1756017 0
-0.05517008 0.9412284 0.3332348 0
0.2050856 -0.3159451 0.9263471 0
0.1073668 0.004656434 -0.2871902 1

0.9531765 0.1934762 -0.2324252 0
-0.08542575 0.9095239 0.4067782 0
0.2900982 -0.3678764 0.8834648 0
0.07998154 -0.0002598763 -0.2885127 1

-0.7233124 -0.590153 -0.3585231 0
0.6529658 -0.415663 -0.6331354 0
0.2246221 -0.6920578 0.6860037 0
0.06541386 0.06712985 -0.1482138 1

-0.3967429 -0.9178428 -0.01265301 0
-0.898982 0.3857301 0.2074706 0
-0.1855449 0.09368734 -0.9781595 0
0.04512417 -0.005099595 -0.1227368 1

-0.3221066 -0.9412646 0.101334 0
-0.4280765 0.2402831 0.8712149 0
-0.8443924 0.2372453 -0.48033 0
0.1167238 0.03308517 -0.1734127 1

-0.2268627 -0.9680469 0.1068585 0
-0.6561277 0.07082932 -0.7513189 0
0.7197432 -0.240559 -0.6512309 0
0.05155942 0.02610195 -0.1374274 1

0.6459195 0.3337889 0.6865661 0
0.7542361 -0.1400561 -0.6414922 0
-0.1179653 0.9321851 -0.3422206 0
0.1590444 0.009950101 -0.2603749 1

0.9425142 0.2741044 -0.1911373 0
0.02916221 0.5023326 0.8641825 0
0.3328909 -0.8200786 0.4654623 0
0.04393288 0.02754605 -0.2685885 1

0.9745706 0.1850125 -0.1264221 0
-0.006230894 0.5863375 0.8100429 0
0.2239942 -0.7886564 0.5725802 0
0.1052482 0.04052246 -0.2744885 1

0.9506726 0.2375887 -0.1994316 0
0.02059381 0.5931614 0.8048199 0
0.3095113 -0.7692275 0.5590094 0
0.07684901 0.03341269 -0.2734628 1

-0.995354 -0.06062461 0.07480025 0
-0.0505956 0.9903057 0.1293627 0
-0.08191767 0.1249771 -0.9887721 0
0.005429287 -0.1683522 0.007596061 1

0.9347203 -0.1395608 -0.3268348 0
-0.1154794 -0.9890344 0.0920635 0
-0.3360993 -0.04831095 -0.9405867 0
-0.09422034 -0.2123968 0.01022905 1

-0.9988218 -0.0249435 0.04162631 0
-0.0242513 0.9995605 0.01705191 0
-0.04203335 0.01602233 -0.9989878 0
0.001847367 -0.1001012 0.01524862 1

0.9677308 0.185151 0.1709272 0
0.2371736 -0.8983965 -0.3696382 0
0.0851215 0.3982498 -0.9133189 0
0.1088164 -0.1998358 -0.006517825 1

0.9629261 0.0665929 0.2614169 0
0.01723784 -0.9822612 0.1867242 0
0.2692142 -0.1752954 -0.9469928 0
0.1396817 -0.3167516 -0.0546219 1

-0.9994723 -0.01317594 0.02969028 0
-0.01346404 0.9998639 -0.009524444 0
-0.02956075 -0.009919169 -0.9995137 0
-9.841193E-05 -0.01990241 0.01661676 1

0.889984 -0.1332405 -0.4360914 0
0.1885243 -0.763279 0.6179515 0
-0.4151955 -0.6321806 -0.6541868 0
-0.1092509 -0.3411271 0.02221182 1

-0.9998504 -0.002107501 0.01716902 0
-0.002720937 0.9993559 -0.03578426 0
-0.01708255 -0.03582566 -0.999212 0
-0.001333012 0.07178116 0.01574341 1

0.9259273 -0.07697046 0.369776 0
0.2177396 -0.6911836 -0.6890973 0
0.3086231 0.7185689 -0.623226 0
0.1415712 -0.4244177 -0.03415495 1

0.7790183 0.08005796 -0.6218693 0
-0.4030929 -0.695742 -0.5945243 0
-0.480257 0.7138165 -0.509725 0
-0.08867145 -0.424447 0.08966766 1

-0.9973009 -0.03774685 -0.06297784 0
-0.03391996 0.9975756 -0.06076621 0
0.06511892 -0.05846601 -0.9961632 0
-0.001613699 0.1748728 0.01205198 1

0.9539251 0.001356754 0.3000416 0
0.2999803 0.01640535 -0.9538044 0
-0.006216437 0.9998648 0.01524264 0
0.1642913 -0.4965397 -0.1060592 1

-0.3070045 -0.02309135 -0.9514278 0
0.7447762 -0.6282111 -0.2250759 0
-0.5925002 -0.7777001 0.2100616 0
0.04233946 0.1600794 0.01169371 1

0.8279566 0.0001605079 -0.5607923 0
-0.5598028 0.05961629 -0.8264786 0
0.03329966 0.9982214 0.04944948 0
-0.1301887 -0.4961061 0.02843367 1

-0.2992513 0.04729375 0.9530015 0
-0.8251624 -0.51434 -0.233584 0
0.4791197 -0.8562815 0.1929419 0
-0.04548476 0.1599001 0.01353786 1

-0.9890867 -0.06282124 0.1332697 0
-0.07788023 0.9907676 -0.1109708 0
-0.125068 -0.1201388 -0.9848476 0
-0.005754617 0.2525148 0.03109039 1

-0.6913745 0.1230029 0.711949 0
-0.4840678 -0.8103909 -0.3300682 0
0.5363578 -0.5728323 0.6198253 0
-0.1219332 0.1122483 -0.008102898 1

-0.4003131 -0.2004025 -0.8941971 0
0.5684789 -0.8196456 -0.07080159 0
-0.7187358 -0.5366749 0.4420394 0
0.1113371 0.1018805 -0.009157807 1

-0.4010074 -0.8029377 -0.4410038 0
0.7360439 0.004191648 -0.6769208 0
0.5453739 -0.5960482 0.5893164 0
-0.1630526 0.04340917 -0.03614074 1

-0.5890884 0.8024118 0.09544746 0
-0.377465 -0.1688094 -0.9105073 0
-0.7144894 -0.5723972 0.4023262 0
0.1597309 0.03210533 -0.01518504 1

-0.2430909 -0.9403371 0.2380612 0
0.9017266 -0.3095171 -0.3018085 0
0.3574858 0.1412993 0.9231678 0
-0.02700405 0.04418397 -0.1612612 1

0.9928751 0.06141326 -0.102116 0
-0.07794295 -0.3135027 -0.9463832 0
-0.09013418 0.9475995 -0.3064822 0
0.08995739 0.0009013414 -0.1834901 1

-0.3453318 -0.9047754 0.2492543 0
0.7927362 -0.1390702 0.5934887 0
-0.5023101 0.4025434 0.7652734 0
0.04663965 0.01876628 -0.1861363 1

-0.4422458 -0.8803777 0.1713294 0
0.661527 -0.1911902 0.7251405 0
-0.6056411 0.4340293 0.6669466 0
0.03383961 -0.006330848 -0.1780313 1

-0.2193021 -0.9441289 0.2460235 0
0.9631609 -0.2497263 -0.09978969 0
0.1556529 0.2150762 0.9641135 0
0.05951824 0.04399627 -0.1946097 1

0.4989635 -0.8577217 -0.1238914 0
0.7418433 0.3488313 0.5727004 0
-0.4480002 -0.3776645 0.8103489 0
0.005786594 0.06184357 -0.1653188 1

0.9730373 0.0741905 -0.2183904 0
-0.1997491 0.7444716 -0.6370733 0
0.1153207 0.6635193 0.7392182 0
0.08681665 -0.02854186 -0.2638487 1

0.9645889 0.1039777 -0.2423987 0
-0.2198072 0.8248541 -0.5208656 0
0.1457851 0.555702 0.8185 0
0.05375307 -0.02700192 -0.261654 1

0.5490406 0.308662 0.7767125 0
0.7880997 0.1182516 -0.6040827 0
-0.278305 0.9437927 -0.1783314 0
0.1141585 0.005478144 -0.2127502 1

0.9895331 -0.01960015 -0.142969 0
-0.08983178 0.6916947 -0.7165812 0
0.112936 0.721924 0.6826944 0
0.1098594 -0.01999629 -0.2610687 1

1.961167 0.7751679 5.064498 0
1.333596 5.158689 -1.306004 0
-4.946872 1.698011 1.655722 0
0.1697856 -0.0534324 -0.1358664 1

-0.1805794 -0.7894025 -0.5867153 0
0.9833753 -0.156478 -0.09212846 0
-0.01908159 -0.5935977 0.8045357 0
0.03051757 0.06706452 -0.1492131 1

-0.4646176 -0.8840125 0.05150351 0
-0.3548014 0.2391347 0.9038422 0
-0.811324 0.4016674 -0.424755 0
0.05668871 -0.01286307 -0.1530315 1

-0.3026453 -0.9288781 0.2135208 0
0.673368 -0.04983767 0.7376261 0
-0.6745232 0.3670169 0.64056 0
0.0935878 0.03515446 -0.1981377 1

-0.3583943 -0.9283279 0.09879707 0
-0.6780007 0.3315699 0.6560307 0
-0.6417698 0.1681332 -0.74824 0
0.07757626 0.0133661 -0.1629896 1

0.802366 0.3314861 0.4963123 0
0.5182994 0.02532268 -0.8548246 0
-0.2959304 0.9431203 -0.1514909 0
0.1351206 0.007464767 -0.2349501 1

0.9457828 0.199016 -0.2566859 0
-0.1165621 0.9456171 0.3036809 0
0.3031639 -0.2572962 0.9175459 0
0.04682134 -0.001219809 -0.2779236 1

0.9767132 0.1220338 -0.1764632 0
-0.05739863 0.9411276 0.3331431 0
0.206729 -0.3152567 0.9262162 0
0.1065865 0.005204558 -0.2871763 1

0.9524549 0.1959887 -0.2332768 0
-0.0875058 0.9093535 0.4067173 0
0.2918431 -0.3669668 0.8832683 0
0.07921336 0.0002148151 -0.2884744 1

-0.7220479 -0.5921369 -0.3577999 0
0.6535358 -0.4140683 -0.6335919 0
0.2270196 -0.6913185 0.6859598 0
0.06481104 0.06740415 -0.1481491 1

-0.3943264 -0.9188904 -0.01213367 0
-0.8998255 0.3833966 0.2081379 0
-0.186604 0.09299237 -0.9780243 0
0.04473345 -0.004873335 -0.1226403 1

-0.3195339 -0.9420911 0.1017961 0
-0.4279862 0.2393331 0.8715205 0
-0.8454148 0.2349129 -0.4796769 0
0.1161898 0.03348994 -0.1733836 1

-0.224215 -0.9686204 0.107247 0
-0.6569363 0.06893849 -0.750788 0
0.7198352 -0.2387924 -0.6517789 0
0.05107402 0.02634209 -0.1373427 1

0.6456172 0.3356177 0.6859586 0
0.754054 -0.1381357 -0.6421227 0
-0.1207524 0.9318151 -0.3422566 0
0.1582729 0.01064044 -0.2604064 1

0.941613 0.2765945 -0.1919917 0
0.028565 0.5025389 0.8640828 0
0.3354838 -0.8191158 0.4652959 0
0.04310767 0.02792728 -0.2685232 1

0.9739632 0.1875981 -0.1272911 0
-0.00709933 0.5864408 0.8099613 0
0.2265959 -0.7879685 0.5725032 0
0.104383 0.04106665 -0.274478 1

0.9498618 0.2400993 -0.2002876 0
0.01970262 0.5933354 0.8047142 0
0.3120491 -0.7683133 0.5588559 0
0.07600375 0.03388119 -0.2734268 1

-0.9951527 -0.06091075 0.07720745 0
-0.05057319 0.9902999 0.1294158 0
-0.08434135 0.1248839 -0.98858 0
0.005460131 -0.1683072 0.007649699 1

0.933875 -0.1402944 -0.3289304 0
-0.1167921 -0.9890467 0.09025779 0
-0.3379901 -0.04587303 -0.940031 0
-0.09416995 -0.2123807 0.01052633 1

-0.9986887 -0.02537385 0.04446409 0
-0.02463629 0.9995509 0.01705796 0
-0.04487696 0.01594015 -0.9988654 0
0.001876706 -0.1000566 0.01530615 1

0.9680018 0.1860303 0.1684211 0
0.2368241 -0.8991793 -0.3679558 0
0.08298984 0.3960679 -0.9144632 0
0.1088221 -0.1997615 -0.006711584 1

0.9630437 0.06774259 0.2606879 0
0.0182664 -0.9820536 0.1877167 0
0.2687259 -0.1760177 -0.9469975 0
0.1396419 -0.3167791 -0.05459671 1

-0.999364 -0.01364718 0.03294694 0
-0.01396851 0.9998569 -0.009542691 0
-0.032812 -0.009996817 -0.9994115 0
-9.996304E-05 -0.01985866 0.01667478 1

0.8890465 -0.1337089 -0.4378569 0
0.1892267 -0.7635632 0.6173854 0
-0.4168813 -0.6317385 -0.6535416 0
-0.1093713 -0.3411127 0.02227406 1

-0.9997799 -0.002692822 0.02080846 0
-0.003437351 0.999352 -0.03582817 0
-0.0206985 -0.03589179 -0.9991413 0
-0.001380821 0.07182431 0.01579976 1

0.9262429 -0.07612911 0.3691596 0
0.2175584 -0.6918035 -0.6885322 0
