MeshAnim
1
15
47
30
-0.909675 0.06141563 -0.4107548 0
-0.1095166 0.9185308 0.3798779 0
0.4006214 0.39055 -0.8288385 0
-0.003624524 -0.2957908 0.01055442 1

0.9718105 0.08068156 0.2215282 0
0.1716759 -0.8861788 -0.4303656 0
0.161591 0.4562649 -0.8750489 0
-0.09225085 -0.3246217 -0.04593501 1

-0.9447057 -0.01893612 -0.3273723 0
-0.04692129 0.9958644 0.07779828 0
0.3245451 0.08885716 -0.9416873 0
-0.01065153 -0.2321413 0.03563352 1

0.8004544 0.02628639 0.5988171 0
0.4122261 -0.7494023 -0.5181367 0
0.435135 0.6615928 -0.6106983 0
0.0940202 -0.3365727 0.03666291 1

0.7810094 0.0008748211 0.6245186 0
-0.5763169 -0.3842292 0.7212676 0
0.2405892 -0.9232375 -0.2995823 0
0.1476666 -0.4340987 -0.03076648 1

-0.9840066 -0.04862656 -0.1713665 0
-0.02182499 0.9876827 -0.154941 0
0.17679 -0.1487229 -0.9729475 0
-0.01441621 -0.1522391 0.04187559 1

0.9527082 -0.002087444 0.3038793 0
-0.1717986 -0.8285396 0.5329236 0
0.2506636 -0.5599267 -0.7897151 0
-0.06990592 -0.4399647 -0.1019504 1

-0.9994597 -0.02805073 -0.01712701 0
-0.01971908 0.928699 -0.3703102 0
0.02629328 -0.3697725 -0.9287503 0
-0.01641748 -0.06167251 0.0276681 1

0.7037565 0.09723435 0.703756 0
0.1978532 -0.9782247 -0.06269711 0
0.682335 0.1833639 -0.7076699 0
0.08449618 -0.4762142 0.04829204 1

0.9786203 0.08123252 0.1889535 0
0.1911661 -0.6981817 -0.689926 0
0.07587947 0.7112972 -0.6987838 0
-0.08865954 -0.5304084 -0.04377621 1

-0.9982293 -0.05741467 0.015551 0
-0.05944537 0.9722486 -0.2262719 0
-0.002128065 -0.2267958 -0.9739401 0
-0.01845166 0.03413028 -0.01053235 1

0.7403333 0.03829166 0.6711487 0
0.5928134 -0.5079568 -0.6249419 0
0.3169845 0.8605312 -0.3987572 0
0.1051413 -0.5782876 0.04174989 1

-0.4139242 -0.1597087 -0.896192 0
0.8783882 -0.3285044 -0.3471589 0
-0.2389585 -0.9309019 0.2762622 0
0.02574341 0.02148265 -0.004393315 1

0.9623361 0.03048908 0.2701472 0
0.2684723 0.04985623 -0.9619964 0
-0.04279891 0.9982911 0.03979296 0
-0.06897008 -0.6023188 -0.1148363 1

0.2575492 0.5208549 0.8138664 0
-0.8821329 -0.2170062 0.4180309 0
0.3943475 -0.8256019 0.4035735 0
-0.06206097 0.01913708 -0.005583466 1

-0.9852964 -0.1651158 0.04390618 0
-0.1708095 0.9461116 -0.2751313 0
0.003888369 -0.2785855 -0.9604036 0
-0.02294492 0.1138384 -0.004673106 1

-0.565442 0.177797 0.8053966 0
-0.4820464 -0.863592 -0.1477847 0
0.6692584 -0.4718021 0.5740175 0
-0.1437875 -0.0009678006 0.03314566 1

-0.8251309 0.5301344 -0.1952351 0
-0.1013196 -0.478847 -0.872032 0
-0.5557818 -0.6997595 0.4488244 0
0.1071192 -0.00895077 -0.03655488 1

-0.2302239 -0.8495987 -0.4745308 0
0.5796645 0.2719531 -0.7681347 0
0.7816561 -0.4519115 0.4298719 0
-0.1847353 -0.0743261 0.02059201 1

0.6817089 0.551838 -0.4803621 0
-0.6226072 0.0927577 -0.7770176 0
-0.3842306 0.8287768 0.4068123 0
0.09849401 -0.04971421 -0.1107896 1

0.286177 -0.9098583 -0.3004347 0
0.02714804 0.3211215 -0.9466489 0
0.9577923 0.262753 0.1165985 0
-0.07759146 -0.024059 -0.1213882 1

0.529388 -0.3030955 -0.79239 0
-0.8261781 0.02809519 -0.5627082 0
0.1928164 0.9525462 -0.2355376 0
-0.01659342 -0.03256822 -0.2544194 1

0.2127714 -0.9719422 -0.1002856 0
0.08677334 0.1210258 -0.9888496 0
0.9732416 0.2016968 0.1100895 0
-0.07556829 0.002072334 -0.1988562 1

0.4744092 -0.8790832 -0.04635547 0
0.2671101 0.1939255 -0.9439521 0
0.8388016 0.4354375 0.3268121 0
-0.06815363 -0.02615231 -0.201647 1

0.2764466 -0.93977 -0.2010216 0
0.1380575 0.2458381 -0.9594291 0
0.9510612 0.2374785 0.1977034 0
-0.08332642 0.03047615 -0.1961633 1

-0.061838 -0.5318431 -0.8445825 0
0.4030902 0.7608142 -0.5086062 0
0.9130687 -0.3718938 0.1673332 0
-0.07418408 0.01006609 -0.1364688 1

0.5991334 -0.1313802 -0.7897967 0
-0.7243467 0.3313324 -0.6045996 0
0.3411176 0.9343224 0.1033474 0
-0.08609279 -0.03400624 -0.3044398 1

0.5623799 -0.2837097 -0.776684 0
-0.7260975 0.2799613 -0.6280162 0
0.3956155 0.9171318 -0.04855639 0
-0.1028282 -0.02042842 -0.2792215 1

0.9124235 -0.2189471 -0.3457542 0
-0.2651642 0.3272398 -0.9069743 0
0.3117237 0.9192262 0.2405241 0
-0.02013167 -0.02956176 -0.292383 1

0.5873609 -0.1583754 -0.7936779 0
-0.7247342 0.333571 -0.6029019 0
0.3602326 0.9293265 0.08114651 0
-0.06698615 -0.03628975 -0.3199783 1

3.85319 -1.053372 -0.2081851 0
1.064205 3.643315 1.262432 0
-0.1428313 -1.271484 3.789846 0
-0.05188077 0.05064136 -0.2865119 1

-0.3260197 -0.9157134 -0.2349054 0
0.3017961 0.1346659 -0.9438139 0
0.8958966 -0.3785953 0.2324549 0
-0.06269944 0.02930754 -0.1563721 1

0.3092596 -0.950977 -0.001189619 0
0.6995263 0.2266397 0.6777149 0
-0.6442215 -0.210422 0.735324 0
-0.05897393 -0.01940101 -0.2342031 1

0.2716004 -0.9450879 -0.181776 0
0.3308167 0.2690456 -0.9045303 0
0.9037665 0.1855364 0.3857235 0
-0.07844038 0.03916472 -0.2301044 1

0.08392577 -0.9963129 -0.01782082 0
0.9442281 0.07379832 0.3209169 0
-0.3184185 -0.04376007 0.9469398 0
-0.07218898 0.006821156 -0.2374312 1

0.5989309 0.02256665 -0.8004829 0
-0.7250238 0.4397283 -0.530075 0
0.3400328 0.8978477 0.2797281 0
-0.03280268 -0.01856923 -0.3179722 1

0.5048593 -0.184019 -0.8433589 0
0.04691749 0.9814182 -0.1860568 0
0.8619258 0.05436403 0.5041119 0
-0.1255639 -0.01165807 -0.2988081 1

0.5451139 -0.121446 -0.829519 0
-0.5034455 0.7437627 -0.4397272 0
0.6703683 0.6573189 0.3442938 0
-0.09339076 -0.0241366 -0.3419441 1

0.5491068 -0.06915876 -0.8328859 0
-0.3109848 0.9081009 -0.2804308 0
0.7757385 0.4130014 0.477137 0
-0.1139961 -0.02122647 -0.3278762 1

-0.3210513 -0.9470274 0.008098967 0
0.05258557 -0.02636423 -0.9982687 0
0.9456009 -0.3200692 0.05826402 0
-0.0502576 0.0403164 -0.1863938 1

0.285611 -0.947767 -0.1420008 0
-0.459199 -0.2653977 0.8477622 0
-0.8411676 -0.1769236 -0.5110142 0
-0.03543742 -0.01183516 -0.2114175 1

0.2380375 -0.9613605 -0.138292 0
0.7885761 0.2744177 -0.5503117 0
0.5669974 0.0219412 0.8234273 0
-0.06734001 0.04820257 -0.2604604 1

0.01637341 -0.9938712 -0.1093281 0
0.01060167 -0.1091638 0.9939675 0
-0.99981 -0.01743383 0.008749425 0
-0.03527452 0.009720147 -0.2248843 1

0.9028494 -0.2979745 -0.3099592 0
-0.3179871 0.02246515 -0.9478289 0
0.2893917 0.9543096 -0.0744694 0
-0.05314868 -0.003530562 -0.3415096 1

0.5871829 0.0125547 -0.8093571 0
0.3924507 0.8700857 0.2982172 0
0.707954 -0.4927409 0.5059721 0
-0.1241793 0.01864117 -0.3044428 1

0.521812 -0.06085871 -0.8508869 0
-0.1589248 0.9730545 -0.1670581 0
0.838126 0.2223999 0.4980794 0
-0.1125849 0.004208386 -0.3586873 1

0.5449777 0.01315183 -0.8383477 0
0.2692889 0.9441581 0.1898663 0
0.7940295 -0.3292308 0.5110033 0
-0.1254904 0.01238525 -0.3382823 1

-0.927873 0.100935 -0.358976 0
-0.04037926 0.9298127 0.3658112 0
0.3707036 0.3539215 -0.8586725 0
-0.0002917911 -0.2925805 0.00658972 1

0.9538879 0.2454913 0.1727189 0
0.2999039 -0.7555719 -0.582382 0
-0.01246813 0.6073263 -0.7943547 0
-0.09342043 -0.3178117 -0.04407929 1

-0.961972 0.005633317 -0.27309 0
-0.01488996 0.9972193 0.07302132 0
0.272742 0.07431079 -0.9592131 0
-0.002602465 -0.2282013 0.0306641 1

0.811112 -0.05165529 0.5826054 0
0.1645077 -0.9357333 -0.3119946 0
0.5612793 0.3489056 -0.7504868 0
0.0965202 -0.3378837 0.02790554 1

0.7804767 -0.1241273 0.6127385 0
-0.6250906 -0.1719549 0.7613761 0
0.01085584 -0.9772533 -0.2117977 0
0.1179289 -0.4596583 -0.01269688 1

-0.9932137 -0.02535028 -0.1135072 0
-0.007722139 0.9881766 -0.1531252 0
0.1160469 -0.1512095 -0.9816664 0
-0.003797146 -0.1481903 0.03652289 1

0.9546652 0.1445031 0.2602561 0
0.08465642 -0.969968 0.2280249 0
0.2853903 -0.1956549 -0.9382278 0
-0.05438565 -0.4161551 -0.1198807 1

-0.9989192 -0.007219508 0.04591405 0
-0.02346095 0.931096 -0.3640189 0
-0.04012233 -0.3647026 -0.9302592 0
-0.004505234 -0.05757844 0.02248191 1

0.7693223 0.104699 0.6302234 0
0.038726 -0.9923081 0.1175787 0
0.6376862 -0.06604994 -0.7674594 0
0.04941242 -0.4785064 0.07075795 1

0.9825056 0.04032242 0.1818153 0
0.1463134 -0.7711291 -0.6196389 0
0.1152178 0.6354007 -0.7635385 0
-0.04514452 -0.5220373 -0.09498945 1

-0.9957443 -0.03902383 0.08348879 0
-0.05867209 0.9670449 -0.2477535 0
-0.07106912 -0.2515975 -0.9652191 0
-0.006925419 0.03847158 -0.01506955 1

0.7764726 0.009045638 0.6300861 0
0.5629073 -0.4593923 -0.6870914 0
0.2832415 0.8881875 -0.3617974 0
0.0534533 -0.5820494 0.08302677 1

-0.4865813 -0.153053 -0.8601242 0
0.8347246 -0.3720005 -0.4060178 0
-0.2578244 -0.9155275 0.3087656 0
0.03729251 0.02487403 -0.01179324 1

0.9639313 -0.004636757 0.2661103 0
0.2660485 -0.01092976 -0.9638978 0
0.007377878 0.9999295 -0.009301942 0
-0.03007475 -0.6014609 -0.1588101 1

0.3164855 0.5190796 0.7939733 0
-0.8581693 -0.1999784 0.4728155 0
0.4042061 -0.8310024 0.382168 0
-0.05044204 0.02435666 -0.007445213 1

-0.9872664 -0.1497858 0.05356485 0
-0.1590405 0.9364544 -0.312665 0
-0.003328174 -0.3172027 -0.948352 0
-0.009720534 0.1183716 -0.01105963 1

-0.5228142 0.1711363 0.8350918 0
-0.4798304 -0.8687872 -0.122359 0
0.7045767 -0.4646731 0.5363308 0
-0.1299485 0.005829394 0.0363595 1

-0.830916 0.5079383 -0.2271061 0
-0.08058493 -0.5137314 -0.8541582 0
-0.550531 -0.6914325 0.4677999 0
0.1146232 -0.009588897 -0.04940762 1

-0.2634522 -0.8578916 -0.4411526 0
0.5256665 0.2557798 -0.8113276 0
0.8088685 -0.4456448 0.383579 0
-0.1707079 -0.06797034 0.02596563 1

0.6690264 0.5358943 -0.5149963 0
-0.6711395 0.1378792 -0.7283963 0
-0.3193361 0.8329507 0.4519047 0
0.1077631 -0.05332202 -0.1221208 1

0.2837717 -0.9108394 -0.2997429 0
0.02624515 0.3198537 -0.9471038 0
0.9585329 0.2608945 0.1146704 0
-0.07354501 -0.02069253 -0.1239982 1

0.5277614 -0.3058712 -0.7924083 0
-0.8273311 0.02612868 -0.5611067 0
0.1923309 0.9517144 -0.239267 0
-0.01629533 -0.02783543 -0.2567631 1

0.2105692 -0.9725133 -0.09939288 0
0.08538112 0.1195797 -0.9891469 0
0.9738436 0.1997978 0.1082143 0
-0.07159606 0.005335391 -0.2015028 1

0.4724903 -0.8801339 -0.04601629 0
0.2659447 0.1921586 -0.9446426 0
0.8402539 0.4340967 0.3248601 0
-0.0642451 -0.02290827 -0.2042699 1

0.2741443 -0.9406036 -0.2002755 0
0.1369755 0.2443217 -0.9599717 0
0.951884 0.235738 0.195819 0
-0.07929021 0.0337587 -0.1988335 1

-0.06435613 -0.5327916 -0.8437963 0
0.4038352 0.7593175 -0.5102502 0
0.9125656 -0.373592 0.1662932 0
-0.07009132 0.01340598 -0.1391282 1

0.5975116 -0.1341483 -0.7905595 0
-0.7255864 0.3292169 -0.6042687 0
0.3413272 0.9346766 0.09937474 0
-0.08589727 -0.02944833 -0.3066353 1

0.5607853 -0.2864307 -0.7768382 0
-0.7273849 0.277764 -0.6275016 0
0.3955134 0.9169541 -0.05257934 0
-0.1025809 -0.01578218 -0.2814306 1

0.9117124 -0.2201613 -0.3468571 0
-0.2670254 0.3240629 -0.9075688 0
0.3122149 0.9200611 0.2366636 0
-0.01991152 -0.02496201 -0.2947297 1

0.5857313 -0.1611569 -0.794322 0
-0.7259704 0.3314615 -0.602578 0
0.3603967 0.9296031 0.07715234 0
-0.06682248 -0.03178626 -0.3222049 1

3.850625 -1.061708 -0.2132344 0
1.073928 3.642689 1.255991 0
-0.1391877 -1.266337 3.791706 0
-0.04795277 0.05374259 -0.2892601 1

-0.3283261 -0.915328 -0.2331894 0
0.3005067 0.1328268 -0.9444858 0
0.8954877 -0.3801739 0.2314518 0
-0.05859956 0.03259784 -0.1590752 1

0.307266 -0.9516237 -0.0004841983 0
0.7011259 0.2260398 0.6762612 0
-0.6434364 -0.2081316 0.7366623 0
-0.0551055 -0.01621777 -0.2368497 1

0.2693188 -0.9458866 -0.1810152 0
0.3298739 0.2671954 -0.9054229 0
0.9047934 0.1841354 0.3839839 0
-0.07444249 0.04239362 -0.2327938 1

0.08181043 -0.9965087 -0.0166829 0
0.9449132 0.07223006 0.3192534 0
-0.3169336 -0.04188225 0.9475231 0
-0.06827096 0.01002783 -0.2400896 1

0.5972871 0.01976023 -0.8017844 0
-0.726111 0.437873 -0.5301229 0
0.3406045 0.8988199 0.275884 0
-0.03263503 -0.01405901 -0.3203311 1

0.5031281 -0.1869738 -0.8437436 0
0.04653386 0.9807605 -0.1895884 0
0.8629583 0.05612464 0.5021487 0
-0.1253567 -0.007080317 -0.301001 1

0.5434107 -0.1243531 -0.8302056 0
-0.504348 0.7422209 -0.441295 0
0.6710723 0.6585171 0.3406137 0
-0.09327213 -0.01971 -0.344159 1

0.5473967 -0.07207787 -0.8337638 0
-0.3115613 0.907115 -0.2829704 0
0.7767152 0.4146658 0.474095 0
-0.1138486 -0.01675051 -0.3300592 1

-0.323019 -0.9463417 0.009846285 0
0.05086932 -0.02775046 -0.9983202 0
0.9450247 -0.3219751 0.05710369 0
-0.04618466 0.04354227 -0.1891316 1

0.2833899 -0.9485442 -0.14126 0
-0.4583426 -0.2633511 0.8488634 0
-0.8423851 -0.175814 -0.5093892 0
-0.03151532 -0.008672178 -0.2141131 1

0.2357943 -0.9620332 -0.1374546 0
0.7882322 0.2720612 -0.5519722 0
0.5684115 0.02180582 0.8224558 0
-0.06337367 0.05136949 -0.2631798 1

0.01411116 -0.9940425 -0.1080808 0
0.01202682 -0.107915 0.9940878 0
-0.9998286 -0.01532785 0.01043233 0
-0.0313297 0.0128656 -0.2276078 1

0.9022119 -0.2990626 -0.310766 0
-0.3199314 0.01914739 -0.9472474 0
0.2892365 0.9540415 -0.07840443 0
-0.0530293 0.0008972287 -0.3438794 1

0.5855208 0.009717317 -0.8105992 0
0.3930603 0.8711226 0.2943626 0
0.7089916 -0.4909697 0.506241 0
-0.1239838 0.02319896 -0.3067446 1

0.520065 -0.06384081 -0.8517378 0
-0.159269 0.9724641 -0.1701381 0
0.8391459 0.2241383 0.4955767 0
-0.1125006 0.008576214 -0.3609618 1

0.543256 0.01021311 -0.8395051 0
0.2696763 0.9448158 0.1860059 0
0.795077 -0.3274434 0.5105227 0
-0.1253643 0.01682466 -0.3405593 1

-0.9402893 0.1450322 -0.3079312 0
0.0312769 0.9376671 0.3461246 0
0.3389362 0.3158261 -0.8862145 0
-0.0005906187 -0.2906952 0.004910609 1

0.9001164 0.430483 0.06689456 0
0.3613289 -0.6519236 -0.6666613 0
-0.2433763 0.6242436 -0.742353 0
-0.09772791 -0.3117285 -0.03979788 1

-0.9752926 0.03406182 -0.2182754 0
0.02039101 0.9977041 0.0645809 0
0.219974 0.05853439 -0.973748 0
0.001985906 -0.2258238 0.02759671 1

0.7769707 -0.06007479 0.6266638 0
-0.01506165 -0.9969255 -0.0768955 0
0.6293565 0.05030694 -0.7754866 0
0.09469944 -0.3408581 0.02172711 1

0.7469133 -0.1622338 0.6448262 0
-0.6631889 -0.1118006 0.7400548 0
-0.04796997 -0.9803984 -0.191097 0
0.09273934 -0.4705962 0.01172007 1

-0.9983686 0.001220718 -0.05708402 0
0.01010934 0.9877551 -0.1556842 0
0.05619501 -0.1560075 -0.9861561 0
0.00362196 -0.1457739 0.0327783 1

0.9360583 0.2668173 0.2293545 0
0.2828282 -0.9583612 -0.03939877 0
0.2092921 0.1017473 -0.9725453 0
-0.05069821 -0.3965814 -0.1265689 1

-0.9943538 0.01594054 0.104912 0
-0.02316613 0.9321972 -0.3612087 0
-0.1035565 -0.3615996 -0.9265646 0
0.004548946 -0.0552007 0.01850267 1

0.7877203 0.1000445 0.6078551 0
-0.03840099 -0.9768315 0.2105368 0
0.614835 -0.1891864 -0.7656281 0
0.02004686 -0.4828507 0.09283788 1

0.9803537 0.05816483 0.1884771 0
0.1438618 -0.86457 -0.4814797 0
0.1349464 0.499135 -0.855952 0
-0.01982455 -0.5011965 -0.1308697 1

-0.9892957 -0.01607828 0.145036 0
-0.05468374 0.9623327 -0.2663186 0
-0.1352909 -0.2713991 -0.9529108 0
0.002159163 0.04096287 -0.0187589 1

0.7943944 0.008749574 0.6073391 0
0.5622844 -0.3887635 -0.7298625 0
0.2297253 0.9212961 -0.3137513 0
0.01603987 -0.5847788 0.1148065 1

-0.5570778 -0.1502566 -0.816754 0
0.7856749 -0.4139682 -0.4597228 0
-0.269034 -0.8978047 0.3486653 0
0.04616348 0.0263322 -0.01811523 1

0.9612225 0.04263748 0.2724583 0
0.2751529 -0.2145735 -0.9371495 0
0.01850459 0.9757769 -0.2179845 0
-0.005007264 -0.5902443 -0.1804605 1

0.3702394 0.5153545 0.772873 0
-0.8342901 -0.18141 0.5206254 0
0.4085132 -0.8375563 0.3627904 0
-0.0411487 0.02784818 -0.008585894 1

-0.9888157 -0.1353153 0.06271711 0
-0.1486773 0.9275452 -0.3428631 0
-0.01177831 -0.348353 -0.9372894 0
0.001195751 0.1209735 -0.01646069 1

-0.4815058 0.1669763 0.8603903 0
-0.4817537 -0.8705056 -0.1006671 0
0.7321653 -0.4629678 0.4995951 0
-0.1184428 0.01104122 0.03964826 1

-0.8370788 0.4841089 -0.2548293 0
-0.05949228 -0.5435843 -0.8372436 0
-0.5438383 -0.6856782 0.4838233 0
0.1189501 -0.01201874 -0.06070494 1

-0.2965539 -0.8621868 -0.4107187 0
0.4755964 0.2396148 -0.8464003 0
0.8281692 -0.4463395 0.3389944 0
-0.1593657 -0.06290442 0.03109703 1

0.6538416 0.5215353 -0.5481717 0
-0.7129135 0.1819431 -0.6772377 0
-0.2534673 0.8336054 0.4907717 0
0.1138856 -0.05829322 -0.1319782 1

0.2793016 -0.9121387 -0.2999897 0
0.02496243 0.3192154 -0.9473538 0
0.9598792 0.2571091 0.1119266 0
-0.07145756 -0.01861459 -0.1253496 1

0.5256895 -0.3094343 -0.792402 0
-0.828734 0.02391484 -0.5591314 0
0.1919647 0.95062 -0.2438668 0
-0.01789468 -0.02466148 -0.2571639 1

0.2063953 -0.973406 -0.099407 0
0.08318035 0.1186821 -0.9894425 0
0.9749271 0.1959477 0.1054638 0
-0.06961413 0.007361948 -0.2028741 1

0.4688286 -0.8820488 -0.04679243 0
0.2641535 0.1905607 -0.9454683 0
0.8428659 0.430902 0.3223366 0
-0.06238413 -0.02091259 -0.2056448 1

0.2698243 -0.9418083 -0.2004795 0
0.1353536 0.2432323 -0.9604782 0
0.9533492 0.2320249 0.1931071 0
-0.07718694 0.03581744 -0.2002002 1

-0.06877907 -0.5330012 -0.8433146 0
0.405495 0.7574042 -0.5117748 0
0.9115064 -0.3771588 0.1640359 0
-0.06790806 0.01546133 -0.1405084 1

0.5954869 -0.1377231 -0.791472 0
-0.7270231 0.3267871 -0.6038606 0
0.3418085 0.9350095 0.09446961 0
-0.08762226 -0.02647215 -0.3068535 1

0.5587574 -0.2899351 -0.7769993 0
-0.728893 0.2752346 -0.626866 0
0.3956077 0.9166153 -0.05754231 0
-0.1042389 -0.01269263 -0.2816662 1

0.9107819 -0.2218966 -0.3481932 0
-0.269228 0.3202015 -0.908288 0
0.3130383 0.9209954 0.2318932 0
-0.02160567 -0.02195144 -0.2951334 1

0.5836904 -0.1647446 -0.7950878 0
-0.7274023 0.329039 -0.6021788 0
0.3608208 0.9298348 0.07222138 0
-0.06858733 -0.02888244 -0.3224608 1

3.845743 -1.077274 -0.2230494 0
1.091934 3.63905 1.250999 0
-0.1339955 -1.263645 3.792791 0
-0.04601466 0.0556246 -0.2907226 1

-0.3326268 -0.9141331 -0.2317771 0
0.2984774 0.1310905 -0.9453713 0
0.8945786 -0.3836356 0.2292442 0
-0.05639346 0.03459579 -0.1604974 1

0.3034427 -0.9528494 -0.0007724166 0
0.7038566 0.2236023 0.6742316 0
-0.6422684 -0.2051346 0.7385201 0
-0.05330602 -0.01427704 -0.2382531 1

0.2650299 -0.9470609 -0.1812033 0
0.3284892 0.2653621 -0.9064649 0
0.9065619 0.1807171 0.3814282 0
-0.07239664 0.04441381 -0.2341783 1

0.07776568 -0.996838 -0.01633514 0
0.9460568 0.0686153 0.3166534 0
-0.3145309 -0.04007918 0.948401 0
-0.06637479 0.01201934 -0.2414723 1

0.5952722 0.01613548 -0.8033622 0
-0.727334 0.435763 -0.5301847 0
0.341521 0.8999169 0.2711336 0
-0.03439086 -0.01115602 -0.3207496 1

0.5009567 -0.1907537 -0.8441894 0
0.04630026 0.9799185 -0.1939478 0
0.8642333 0.0580734 0.4997286 0
-0.1270618 -0.004069746 -0.3012168 1

0.5412889 -0.1280853 -0.8310237 0
-0.5052726 0.7404348 -0.443233 0
0.6720908 0.6598107 0.3360711 0
-0.09508917 -0.0168944 -0.3444003 1

0.5452788 -0.07582715 -0.8348181 0
-0.312047 0.9059625 -0.2861092 0
0.7780089 0.416512 0.4703405 0
-0.1156293 -0.01386863 -0.3302616 1

-0.3267857 -0.9450316 0.01126092 0
0.04805285 -0.02851346 -0.9984381 0
0.9438764 -0.3257337 0.05472946 0
-0.04401625 0.0454734 -0.1905934 1

0.2791979 -0.9497527 -0.1414848 0
-0.4570943 -0.2610338 0.8502512 0
-0.8444607 -0.1727163 -0.5070068 0
-0.02962426 -0.006813467 -0.2155847 1

0.231559 -0.9630487 -0.1375428 0
0.7878193 0.268586 -0.5542591 0
0.5707204 0.01998461 0.8209016 0
-0.06137425 0.0533281 -0.2645994 1

0.009829566 -0.9941514 -0.1075511 0
0.01428664 -0.1074059 0.9941131 0
-0.99985 -0.01130854 0.01314718 0
-0.02938874 0.01471579 -0.2290922 1

0.9013527 -0.3006385 -0.3117371 0
-0.3223094 0.01513091 -0.9465135 0
0.2892753 0.9536182 -0.08326015 0
-0.05484061 0.003703415 -0.344311 1

0.5834814 0.006057616 -0.812104 0
0.3940163 0.8722863 0.2895998 0
0.7101414 -0.4889583 0.5065759 0
-0.1256959 0.02618414 -0.3070949 1

0.517904 -0.06766088 -0.8527588 0
-0.159455 0.97176 -0.1739441 0
0.8404462 0.2260633 0.4924894 0
-0.1143528 0.01132399 -0.361277 1

0.5411443 0.006439209 -0.8409052 0
0.2703784 0.9455418 0.1812359 0
0.796278 -0.3254371 0.5099333 0
-0.127163 0.01966381 -0.340878 1

-0.9458598 0.1824252 -0.2684592 0
0.088268 0.9405078 0.3281065 0
0.3123429 0.2866464 -0.9056908 0
-0.001416463 -0.2922595 0.00606874 1

0.9072423 0.2928158 0.3019449 0
0.419267 -0.5722827 -0.7047752 0
-0.03357157 0.7659971 -0.6419668 0
-0.1013028 -0.309587 -0.03392362 1

-0.9825268 0.05885318 -0.1765713 0
0.04971623 0.997207 0.05573541 0
0.1793584 0.04598309 -0.9827086 0
0.005045386 -0.2272294 0.02749144 1

0.775552 -0.02644594 0.6307297 0
-0.114933 -0.9883391 0.09988268 0
0.6207332 -0.1499559 -0.7695477 0
0.09222176 -0.3463924 0.01951568 1

0.7208839 -0.1334623 0.6800842 0
-0.6930534 -0.1414947 0.7068636 0
0.001888633 -0.9809014 -0.1944977 0
0.07726458 -0.4750131 0.03251423 1

-0.9996094 0.02321738 -0.01555403 0
0.02541226 0.9867484 -0.1602553 0
0.0116272 -0.1605879 -0.986953 0
0.009034321 -0.1472195 0.03196331 1

0.9088594 0.2695096 0.3183389 0
0.3095397 -0.9473721 -0.08168095 0
0.2795714 0.1727748 -0.9444516 0
-0.04673199 -0.3840739 -0.1256555 1

-0.9885542 0.03363584 0.1470688 0
-0.02196035 0.932365 -0.3608506 0
-0.1492593 -0.3599501 -0.9209548 0
0.01136452 -0.05673856 0.01726855 1

0.7620255 0.09403996 0.6406825 0
-0.02826676 -0.9836251 0.1779977 0
0.64693 -0.1537488 -0.7468888 0
0.001298618 -0.4905224 0.1099939 1

0.9654245 0.177069 0.1913176 0
0.2464094 -0.8593791 -0.4480519 0
0.08507812 0.4797025 -0.8732967 0
-0.01294249 -0.4874895 -0.1345718 1

-0.9823858 0.003798023 0.1868257 0
-0.04936868 0.9589947 -0.2790909 0
-0.1802248 -0.2833983 -0.9419155 0
0.009099134 0.0394423 -0.0199561 1

0.77266 0.003430054 0.634811 0
0.6239058 -0.1887365 -0.7583668 0
0.1172107 0.982022 -0.1479691 0
-0.001650903 -0.5931594 0.1285672 1

-0.6124538 -0.1540059 -0.7753597 0
0.7438781 -0.4441627 -0.4993646 0
-0.2674808 -0.8826107 0.3865907 0
0.05282451 0.02403218 -0.0211686 1

0.9411308 0.2071736 0.267119 0
0.3078094 -0.1985517 -0.9305003 0
-0.1397382 0.957944 -0.2506328 0
0.01243683 -0.5760026 -0.1807196 1

0.4060655 0.5118068 0.7570764 0
-0.8168942 -0.1680574 0.5517613 0
0.4096276 -0.8425025 0.3498498 0
-0.03396287 0.02710205 -0.00793794 1

-0.9897059 -0.1229137 0.07330956 0
-0.1412155 0.9219092 -0.3607513 0
-0.0232435 -0.3673901 -0.9297765 0
0.00961027 0.1194831 -0.01889559 1

-0.45684 0.1620577 0.8746626 0
-0.4826481 -0.8711061 -0.09069038 0
0.7472269 -0.4635851 0.476173 0
-0.1096453 0.01153213 0.04318085 1

-0.8426958 0.4635343 -0.2738616 0
-0.03840278 -0.5591228 -0.8281951 0
-0.537019 -0.6873992 0.4889714 0
0.121739 -0.01711601 -0.06743081 1

-0.3182247 -0.8640121 -0.3901493 0
0.4434107 0.2280995 -0.8668091 0
0.8379262 -0.4488362 0.3105251 0
-0.1506441 -0.06246454 0.03547708 1

0.6414273 0.5158975 -0.5678214 0
-0.7376617 0.2113875 -0.6412264 0
-0.2107767 0.83016 0.5161473 0
0.1184698 -0.0647133 -0.1379338 1

0.2767985 -0.9127702 -0.3003888 0
0.0243372 0.3191615 -0.9473881 0
0.9606199 0.254925 0.1105577 0
-0.0686852 -0.02030319 -0.1247418 1

0.5285082 -0.312191 -0.7894406 0
-0.8269209 0.02105141 -0.5619248 0
0.1920467 0.9497863 -0.2470313 0
-0.01788513 -0.02563888 -0.2564628 1

0.2040394 -0.9738725 -0.0997024 0
0.08203876 0.1184966 -0.9895597 0
0.9755192 0.1937297 0.1040732 0
-0.06689325 0.005669415 -0.2022689 1

0.4667543 -0.8831127 -0.04746209 0
0.2632376 0.1899633 -0.9458438 0
0.8443026 0.4289828 0.3211346 0
-0.05973152 -0.02262145 -0.2050499 1

0.2673957 -0.9424186 -0.2008653 0
0.1345364 0.2429278 -0.9606698 0
0.9541487 0.2298553 0.1917473 0
-0.0743975 0.03414196 -0.1995841 1

-0.07119354 -0.53284 -0.8432162 0
0.4064859 0.7564822 -0.5123517 0
0.9108793 -0.3792314 0.1627352 0
-0.06507985 0.01376462 -0.1399056 1

0.5981731 -0.1404242 -0.7889681 0
-0.7252916 0.3238205 -0.6075302 0
0.3407959 0.9356397 0.09185208 0
-0.08744857 -0.0277009 -0.3063721 1

0.5615107 -0.2926055 -0.774008 0
-0.7270476 0.2721751 -0.6303356 0
0.3951054 0.9166805 -0.05990876 0
-0.1041579 -0.01383382 -0.2812945 1

0.9120814 -0.2225882 -0.3443301 0
-0.2664994 0.3163704 -0.9104331 0
0.3115875 0.9221523 0.2292358 0
-0.02147405 -0.02308315 -0.2944548 1

0.5864087 -0.1674689 -0.7925146 0
-0.7256779 0.3260789 -0.6058586 0
0.3598847 0.9303908 0.06968692 0
-0.06836097 -0.03015894 -0.3219075 1

3.84296 -1.086017 -0.2285354 0
1.101989 3.636553 1.249444 0
-0.1314595 -1.263352 3.792976 0
-0.04330944 0.05387872 -0.2901508 1

-0.3350348 -0.9133731 -0.2313035 0
0.2974263 0.1304152 -0.9457961 0
0.8940299 -0.3856701 0.2279675 0
-0.05355028 0.03287286 -0.159911 1

0.3012736 -0.953537 -0.001206242 0
0.7053242 0.2219982 0.6732274 0
-0.6416792 -0.2036765 0.7394347 0
-0.05068489 -0.01600653 -0.2376711 1

0.2626169 -0.9476606 -0.1815822 0
0.3277986 0.264618 -0.906932 0
0.9075135 0.1786534 0.3801351 0
-0.06963617 0.04272765 -0.233569 1

0.07547539 -0.9970122 -0.01644722 0
0.946661 0.06646234 0.3153037 0
-0.3132684 -0.03936761 0.9488485 0
-0.06369841 0.01031953 -0.2408717 1

0.5978817 0.01338546 -0.801473 0
-0.7259249 0.4330893 -0.5342913 0
0.3399577 0.9012519 0.2686528 0
-0.03418358 -0.01239979 -0.3201554 1

0.5038552 -0.193737 -0.8417817 0
0.04619798 0.9791725 -0.1977054 0
0.8625522 0.06072624 0.5023113 0
-0.1269233 -0.005306304 -0.3009537 1

0.5440972 -0.1309858 -0.8287349 0
-0.5043776 0.7382752 -0.447832 0
0.670494 0.6616592 0.3356269 0
-0.09480003 -0.01827878 -0.343981 1

0.5480604 -0.07874005 -0.8327247 0
-0.3117907 0.9045758 -0.2907401 0
0.7761552 0.4189789 0.4712114 0
-0.1153885 -0.01521224 -0.3299217 1

-0.3289175 -0.944286 0.01172591 0
0.04656398 -0.02861858 -0.9985057 0
0.94321 -0.3278795 0.05338275 0
-0.04119128 0.04372251 -0.1900246 1

0.2768353 -0.950385 -0.1418838 0
-0.4564735 -0.259997 0.8509018 0
-0.8455734 -0.1707934 -0.5058019 0
-0.02695389 -0.008596838 -0.2150365 1

0.2291721 -0.9635721 -0.1378741 0
0.7876366 0.2667958 -0.5553816 0
0.5719342 0.01868327 0.8200867 0
-0.05863692 0.05161691 -0.2640057 1

0.007415503 -0.9941704 -0.107566 0
0.01546016 -0.107442 0.9940915 0
-0.9998533 -0.009034678 0.01457328 0
-0.02668873 0.01293182 -0.2285442 1

0.9025921 -0.3011912 -0.3075909 0
-0.3192267 0.01110929 -0.9476136 0
0.2888299 0.9534991 -0.08612117 0
-0.05456742 0.002349913 -0.3438427 1

0.5861272 0.003264003 -0.810213 0
0.392413 0.8737354 0.2874005 0
0.7088495 -0.4863913 0.5108389 0
-0.1255608 0.02492481 -0.306948 1

0.5207381 -0.07066625 -0.850787 0
-0.1596155 0.9709365 -0.1783411 0
0.8386627 0.2286678 0.494324 0
-0.1140297 0.009857297 -0.3610331 1

0.5438839 0.003498167 -0.8391536 0
0.2690749 0.9464636 0.1783421 0
0.7948519 -0.3227924 0.5138248 0
-0.1269127 0.01826876 -0.3407094 1

-0.9467919 0.2012042 -0.2512012 0
0.1137168 0.939289 0.3237355 0
0.3010875 0.2779444 -0.9121915 0
-0.001713231 -0.2944213 0.004536456 1

0.9022 0.1744647 0.3944585 0
0.4233235 -0.5334346 -0.7322874 0
0.08265948 0.8276531 -0.5551196 0
-0.1026683 -0.3097862 -0.0335279 1

-0.9841468 0.07135998 -0.1623662 0
0.06360075 0.9965934 0.0525011 0
0.1655595 0.04134221 -0.9853328 0
0.006484351 -0.229486 0.02565043 1

0.8099058 -0.0007018149 0.5865601 0
-0.1245891 -0.9773868 0.1708597 0
0.573176 -0.2114592 -0.7916781 0
0.09102961 -0.3504376 0.01637919 1

0.7121586 -0.07457872 0.6980463 0
-0.6975918 -0.1866732 0.6917507 0
0.07871664 -0.9795875 -0.1849664 0
0.07481581 -0.477633 0.03861456 1

-0.9994963 0.03159967 -0.002920598 0
0.0316543 0.9862114 -0.162435 0
-0.002252594 -0.1624456 -0.9867149 0
0.0115873 -0.1495253 0.02986281 1

0.9047967 0.2137006 0.3683411 0
0.2211197 -0.9749871 0.02249811 0
0.3639357 0.06109125 -0.9294185 0
-0.04756955 -0.3792168 -0.1288407 1

-0.9865342 0.03688784 0.1593413 0
-0.0233832 0.9324163 -0.3606291 0
-0.1618752 -0.3594989 -0.9189978 0
0.01448987 -0.05909359 0.01496817 1

0.7063733 0.03867543 0.7067826 0
0.08879086 -0.995461 -0.03426734 0
0.7022489 0.08696137 -0.7066006 0
-0.001647606 -0.4980944 0.1144377 1

0.9642271 0.1562097 0.2141608 0
0.227349 -0.9027742 -0.3651178 0
0.1363039 0.4007456 -0.9059935 0
-0.02343202 -0.4856468 -0.1263848 1

-0.9806697 0.01181059 0.1953133 0
-0.04459 0.9584239 -0.2818425 0
-0.1905218 -0.2851035 -0.9393707 0
0.01207771 0.03709257 -0.02223362 1

0.7592751 -0.002721533 0.6507645 0
0.6507669 0.006433174 -0.7592506 0
-0.002120167 0.9999759 0.006655674 0
0.007617318 -0.6019663 0.1108621 1

-0.6409938 -0.1688775 -0.7487372 0
0.7253579 -0.4522378 -0.5189766 0
-0.2509638 -0.8757634 0.4123782 0
0.05573381 0.02153879 -0.02398817 1

0.9372844 0.1986988 0.2863862 0
0.336197 -0.2984067 -0.8932663 0
-0.09203151 0.9335268 -0.3464939 0
-1.583749E-05 -0.5786295 -0.1639907 1

0.4108101 0.5109742 0.7550766 0
-0.8138016 -0.1678791 0.5563666 0
0.4110505 -0.8430434 0.3468655 0
-0.03087188 0.0248943 -0.009680123 1

-0.9903687 -0.1119179 0.08151181 0
-0.1341606 0.9212081 -0.3652076 0
-0.03421617 -0.3726258 -0.9273505 0
0.0131989 0.1171302 -0.02144391 1

-0.4652562 0.1521636 0.8719994 0
-0.4764032 -0.8733149 -0.1017921 0
0.7460409 -0.4627825 0.4788063 0
-0.1062678 0.009340823 0.04186533 1

-0.8509829 0.4406348 -0.2857783 0
-0.01066367 -0.5585236 -0.8294201 0
-0.5250852 -0.7027749 0.4799925 0
0.1229325 -0.02035743 -0.07206726 1

-0.3167056 -0.8652859 -0.3885595 0
0.444345 0.2265729 -0.866731 0
0.838007 -0.4471528 0.3127285 0
-0.1467361 -0.06484336 0.03321855 1

0.6325571 0.5269367 -0.5676349 0
-0.7450273 0.2136733 -0.6318846 0
-0.211675 0.8226067 0.5277426 0
0.1220248 -0.0679037 -0.1426746 1

0.2814919 -0.9111067 -0.3010767 0
0.0258643 0.3208545 -0.9467755 0
0.9592153 0.2587227 0.113883 0
-0.06460449 -0.02296418 -0.1269859 1

0.533888 -0.3104984 -0.7864823 0
-0.8238819 0.01821905 -0.5664685 0
0.1902166 0.9503995 -0.2460871 0
-0.01569167 -0.02840668 -0.2594769 1

0.2083831 -0.9728482 -0.1007131 0
0.08452585 0.1205021 -0.9891081 0
0.9743882 0.1976007 0.1073415 0
-0.06268701 0.003146112 -0.2044637 1

0.4705601 -0.8810869 -0.04752837 0
0.2652936 0.1926463 -0.9447259 0
0.841542 0.4319417 0.3243983 0
-0.0553994 -0.02511007 -0.2072704 1

0.2719127 -0.9409614 -0.2016316 0
0.1364187 0.2451012 -0.9598517 0
0.9526038 0.2334898 0.1950108 0
-0.07031754 0.03158277 -0.201754 1

-0.06643913 -0.5317103 -0.8443162 0
0.4048808 0.7590243 -0.5098576 0
0.9119529 -0.3757217 0.1648504 0
-0.06109504 0.01114374 -0.1420818 1

0.6029729 -0.138499 -0.7856475 0
-0.7230194 0.3213226 -0.6115512 0
0.3371454 0.9367872 0.09361127 0
-0.08497213 -0.0307073 -0.3097679 1

0.5667393 -0.2908007 -0.7708706 0
-0.7244768 0.2696694 -0.6343595 0
0.3923524 0.9179944 -0.05784609 0
-0.1018656 -0.01689368 -0.2847842 1

0.9147034 -0.2195632 -0.3392791 0
-0.262545 0.3153802 -0.9119241 0
0.3072267 0.9232162 0.2308338 0
-0.01908008 -0.02586693 -0.2974883 1

0.591319 -0.1655833 -0.7892554 0
-0.7234225 0.3235798 -0.6098819 0
0.3563734 0.9316001 0.07155217 0
-0.06579123 -0.03310281 -0.3251976 1

3.848111 -1.069674 -0.2187472 0
1.083103 3.638986 1.258841 0
-0.1376321 -1.270271 3.790446 0
-0.03903909 0.05160075 -0.2921934 1

-0.330539 -0.9143651 -0.2338398 0
0.2997292 0.1332407 -0.9446744 0
0.8949339 -0.3823399 0.2300207 0
-0.04958478 0.0303334 -0.1620204 1

0.305235 -0.9522753 -0.001890145 0
0.7023649 0.2237895 0.6757234 0
-0.6430519 -0.2075822 0.7371529 0
-0.04628212 -0.01840276 -0.239853 1

0.2670976 -0.9462556 -0.1823717 0
0.3294266 0.2675027 -0.9054948 0
0.9056144 0.1817776 0.383171 0
-0.06548953 0.04024529 -0.2357101 1

0.07966627 -0.9966614 -0.01788522 0
0.9454228 0.06985928 0.3182707 0
-0.3159585 -0.04226479 0.9478314 0
-0.05939528 0.007874429 -0.2430488 1

0.6022344 0.01530763 -0.7981726 0
-0.7244224 0.4305963 -0.5383301 0
0.3354497 0.9024152 0.2704089 0
-0.03168376 -0.01522899 -0.3232597 1

0.5091264 -0.1921332 -0.8389727 0
0.04400094 0.9793013 -0.1975679 0
0.8595665 0.06367148 0.5070421 0
-0.1245509 -0.008444726 -0.3045694 1

0.5490854 -0.1292461 -0.8257125 0
-0.5043789 0.7365324 -0.4506906 0
0.6664141 0.6639396 0.3392301 0
-0.09214807 -0.02131373 -0.3474177 1

0.5528951 -0.07698773 -0.8296868 0
-0.3132182 0.9034945 -0.2925618 0
0.7721409 0.4216291 0.4754235 0
-0.1128238 -0.0183149 -0.3334724 1

-0.3250251 -0.9456613 0.009154988 0
0.04968967 -0.02674391 -0.9984067 0
0.9443994 -0.324052 0.05568209 0
-0.03718032 0.04128486 -0.1920784 1

0.2812077 -0.9489877 -0.1426353 0
-0.4579503 -0.2633214 0.8490843 0
-0.8433293 -0.1734491 -0.5086369 0
-0.02265042 -0.01093274 -0.2171345 1

0.2335876 -0.9623794 -0.1387916 0
0.7881907 0.2709969 -0.5525547 0
0.5693794 0.01967572 0.8218396 0
-0.0544357 0.04923135 -0.2660984 1

0.01186985 -0.9939488 -0.1092041 0
0.0129123 -0.1090506 0.9939526 0
-0.9998466 -0.01320836 0.01153958 0
-0.022434 0.01061952 -0.2306055 1

0.9052759 -0.2981938 -0.3025831 0
-0.3140428 0.009939872 -0.9493567 0
0.2860999 0.9544539 -0.0846473 0
-0.05198626 -0.0005500913 -0.3470605 1

0.5905621 0.005145766 -0.8069757 0
0.387893 0.8750766 0.2894483 0
0.7076552 -0.4839577 0.5147908 0
-0.1232569 0.02179021 -0.3105597 1

0.5256458 -0.06900746 -0.8479 0
-0.1618872 0.9703771 -0.1793353 0
0.8351583 0.231531 0.4989029 0
-0.1113778 0.006755888 -0.3645788 1

0.5484784 0.005235348 -0.8361486 0
0.2649136 0.9473795 0.179704 0
0.7930905 -0.3200709 0.5182297 0
-0.1244006 0.01512611 -0.3443274 1

-0.9452621 0.201508 -0.2566593 0
0.1083094 0.935706 0.335743 0
0.3078126 0.2895665 -0.9063127 0
-0.003446091 -0.2962793 0.005432455 1

0.9114295 0.1151794 0.3950064 0
0.3959542 -0.5065606 -0.7659091 0
0.1118777 0.8544765 -0.5073 0
-0.1040379 -0.3114756 -0.03364771 1

-0.981998 0.07170632 -0.174752 0
0.06268317 0.9964259 0.05662488 0
0.1781877 0.04465156 -0.9829829 0
0.004388119 -0.2315758 0.02737946 1

0.8284016 0.01552826 0.5599194 0
-0.09606537 -0.9808661 0.1693313 0
0.5518354 -0.1940632 -0.8110594 0
0.08935783 -0.3521716 0.01738223 1

0.6988897 -0.08157302 0.7105625 0
-0.7014414 -0.2723044 0.6586579 0
0.1397605 -0.9587471 -0.2475294 0
0.07685605 -0.4798198 0.03941871 1

-0.9994851 0.02676082 -0.01770356 0
0.02927341 0.9864227 -0.1615967 0
0.01313873 -0.1620317 -0.9866981 0
0.009417443 -0.1516285 0.03192269 1

0.9017153 0.1627986 0.4005076 0
0.08828071 -0.976208 0.1980518 0
0.4232212 -0.1432292 -0.8946336 0
-0.05250148 -0.3774083 -0.1333366 1

-0.9892625 0.0265004 0.143727 0
-0.0274784 0.9321594 -0.361004 0
-0.1435432 -0.3610771 -0.9214221 0
0.0121017 -0.06117743 0.01710492 1

0.6786252 -0.04887618 0.7328568 0
0.2985523 -0.8932789 -0.3360344 0
0.6710696 0.4468374 -0.5916096 0
-2.932898E-05 -0.5096672 0.1116146 1

0.96531 0.08002579 0.2485411 0
0.1453924 -0.9553929 -0.257071 0
0.2168821 0.2842891 -0.9338855 0
-0.04286472 -0.4839716 -0.1117172 1

-0.9851107 0.008444801 0.1717135 0
-0.04009065 0.959973 -0.2772091 0
-0.1671812 -0.2799658 -0.9453411 0
0.009267077 0.03498226 -0.02013553 1

0.7468081 -0.006808192 0.6650047 0
0.6649739 0.02170658 -0.7465513 0
-0.009352341 0.9997412 0.02073788 0
0.03112328 -0.6028769 0.07655088 1

-0.6473337 -0.1940365 -0.7370948 0
0.7281639 -0.4432163 -0.5228161 0
-0.2252471 -0.8751624 0.4281992 0
0.05310651 0.0198884 -0.02119904 1

0.9298851 0.0397131 0.3657003 0
0.3549215 -0.3581164 -0.8635876 0
0.09666754 0.9328321 -0.3471021 0
-0.02788979 -0.5823739 -0.1381947 1

0.3870966 0.5133862 0.7658922 0
-0.8242605 -0.1795868 0.5369761 0
0.4132203 -0.8391563 0.3536466 0
-0.03374499 0.02233183 -0.008261772 1

-0.9913967 -0.1015707 0.08255832 0
-0.1248106 0.9235892 -0.3624987 0
-0.03943075 -0.3696841 -0.9283205 0
0.01017729 0.1150162 -0.01884974 1

-0.4995189 0.1428715 0.8544406 0
-0.4695346 -0.8735227 -0.1284348 0
0.7280234 -0.4653451 0.5034242 0
-0.1101099 0.005693734 0.04148719 1

-0.8638149 0.4164602 -0.2835221 0
0.01314045 -0.5439413 -0.8390204 0
-0.503638 -0.7284841 0.4643922 0
0.1205652 -0.02117211 -0.06963383 1

-0.2996976 -0.864894 -0.402666 0
0.4750087 0.2307563 -0.8491869 0
0.8273743 -0.4457692 0.3416751 0
-0.1499948 -0.06850815 0.03057723 1

0.6234164 0.5499172 -0.5558265 0
-0.7419986 0.1919266 -0.6423413 0
-0.2465566 0.8128686 0.527688 0
0.1216838 -0.06747705 -0.1410583 1

0.2855015 -0.9090307 -0.3035659 0
0.02836043 0.3246244 -0.9454178 0
0.9579588 0.261309 0.1184611 0
-0.06219528 -0.02585572 -0.1263845 1

0.5321832 -0.3077173 -0.7887275 0
-0.8246901 0.02229126 -0.5651454 0
0.1914867 0.9512168 -0.2419083 0
-0.01547279 -0.03199989 -0.2597935 1

0.2118458 -0.9717841 -0.1037178 0
0.08781511 0.124625 -0.9883102 0
0.97335 0.2002613 0.1117385 0
-0.06007308 0.000562489 -0.2037524 1

0.4735308 -0.879402 -0.04920012 0
0.2681865 0.1971669 -0.9429746 0
0.8389546 0.4333325 0.3292083 0
-0.0526854 -0.02765936 -0.2066418 1

0.275648 -0.9393033 -0.2042741 0
0.1392027 0.2492726 -0.9583768 0
0.9511262 0.2357391 0.1994649 0
-0.06780392 0.02896404 -0.2009607 1

-0.06161354 -0.5286213 -0.8466188 0
0.4043575 0.7622833 -0.5053905 0
0.9125235 -0.3734755 0.1667848 0
-0.05873822 0.008321762 -0.1413344 1

0.6015652 -0.1358425 -0.7871888 0
-0.7233729 0.3254297 -0.6089559 0
0.3388965 0.9357577 0.09750266 0
-0.08483177 -0.0339455 -0.3099913 1

0.5650916 -0.2881494 -0.7730726 0
-0.724953 0.2738867 -0.6320041 0
0.393846 0.917582 -0.05412366 0
-0.1016642 -0.02022046 -0.2849179 1

0.9138186 -0.219536 -0.3416718 0
-0.2633564 0.3201079 -0.9100408 0
0.3091587 0.9215938 0.2347045 0
-0.01891332 -0.02927583 -0.2977874 1

0.5898594 -0.1628895 -0.7909063 0
-0.7237697 0.3276798 -0.6072754 0
0.3580829 0.9306412 0.07539058 0
-0.06567794 -0.03630149 -0.3254607 1

3.852275 -1.056637 -0.2085658 0
1.066853 3.637456 1.277006 0
-0.1476707 -1.285471 3.784939 0
-0.03625356 0.04943341 -0.2912044 1

-0.3267613 -0.9144869 -0.2386229 0
0.3028102 0.1378708 -0.9430259 0
0.8952838 -0.3804016 0.231865 0
-0.047215 0.02762526 -0.1611551 1

0.3082641 -0.9512905 -0.004455291 0
0.6991359 0.2233729 0.6792006 0
-0.6451218 -0.2124881 0.7339392 0
-0.04346849 -0.02079624 -0.2391639 1

0.2707783 -0.9446878 -0.185053 0
0.3319351 0.2720723 -0.903214 0
0.9036029 0.1831451 0.3872461 0
-0.06287743 0.03777415 -0.2348645 1

0.08289847 -0.996327 -0.02146316 0
0.9440074 0.07160735 0.3220601 0
-0.3193403 -0.04695986 0.9464762 0
-0.05665309 0.00545162 -0.2423063 1

0.601073 0.01802235 -0.798991 0
-0.7244788 0.4343606 -0.5352209 0
0.3374043 0.9005591 0.2741393 0
-0.03153691 -0.01849538 -0.32349 1

0.5075476 -0.1890646 -0.8406247 0
0.04539347 0.9801413 -0.1930357 0
0.8604273 0.05981612 0.5060507 0
-0.1243643 -0.01163977 -0.3046292 1

0.5476344 -0.126309 -0.8271292 0
-0.5037789 0.7395042 -0.4464754 0
0.6680593 0.6611957 0.3413461 0
-0.09204738 -0.02436298 -0.3475859 1

0.5515282 -0.07403926 -0.8308639 0
-0.3120965 0.905394 -0.2878506 0
0.7735713 0.4180677 0.4762428 0
-0.1126973 -0.02139419 -0.3335957 1

-0.3220505 -0.946713 0.004267024 0
0.05348155 -0.0226929 -0.998311 0
0.9452108 -0.3212783 0.05793987 0
-0.03473388 0.03873312 -0.191124 1

0.2847492 -0.94753 -0.1452753 0
-0.4602611 -0.2680776 0.8463418 0
-0.840879 -0.1741306 -0.5124459 0
-0.01994519 -0.01334018 -0.2163286 1

0.2371581 -0.961087 -0.1416609 0
0.7893718 0.2756409 -0.5485563 0
0.5662579 0.01827127 0.8240255 0
-0.05173943 0.04691356 -0.2651763 1

0.0154334 -0.9934726 -0.1130229 0
0.009567529 -0.1128844 0.9935622 0
-0.9998354 -0.01641537 0.007762969 0
-0.01974725 0.008265078 -0.2297147 1

0.9043102 -0.2983216 -0.3053311 0
-0.3154356 0.01493565 -0.9488295 0
0.2876168 0.9543487 -0.08059472 0
-0.05184949 -0.003670156 -0.3471912 1

0.5893701 0.007921807 -0.8078243 0
0.3898289 0.8730415 0.2929718 0
0.7075847 -0.4875821 0.5114564 0
-0.1230272 0.01862073 -0.3104796 1

0.5242655 -0.06592688 -0.8489988 0
-0.1604824 0.9714845 -0.1745376 0
0.836296 0.2277536 0.4987359 0
-0.1112542 0.003819883 -0.3645863 1

0.5472434 0.008220717 -0.8369333 0
0.266811 0.9460695 0.1837519 0
0.7933072 -0.3238599 0.5155368 0
-0.1242326 0.01211721 -0.3442763 1

-0.9409297 0.1900788 -0.2802166 0
0.0812725 0.9301584 0.3580505 0
0.3287037 0.3141265 -0.8906618 0
-0.003969502 -0.2963976 0.006249728 1

0.9179705 0.07136272 0.3901764 0
0.3730859 -0.4893348 -0.788263 0
0.1346743 0.8691714 -0.4758193 0
-0.1030843 -0.3125468 -0.03608662 1

-0.9766648 0.06363872 -0.2051241 0
0.05088209 0.9964627 0.06688079 0
0.2086548 0.05488297 -0.9764481 0
0.00203189 -0.2320446 0.02975028 1

0.8035688 0.02410549 0.5947235 0
0.05497468 -0.9979144 -0.0338321 0
0.5926676 0.0598812 -0.8032182 0
0.08945844 -0.3508733 0.01977496 1

0.7017963 -0.06052552 0.7098018 0
-0.6756418 -0.3723862 0.6362679 0
0.2258099 -0.9261022 -0.3022327 0
0.09661274 -0.4807401 0.01537211 1

-0.9986246 0.01286376 -0.05082721 0
0.02082159 0.9870122 -0.1592901 0
0.04811797 -0.1601293 -0.9859225 0
0.006114367 -0.1520944 0.0351164 1

0.8968556 0.1032033 0.4301152 0
-0.09851183 -0.9013726 0.4216905 0
0.4312139 -0.420567 -0.7982343 0
-0.05452432 -0.3762374 -0.138685 1

-0.9939721 0.007060811 0.1094067 0
-0.03341082 0.9309474 -0.3636217 0
-0.1044193 -0.3650851 -0.9250997 0
0.00802362 -0.0615893 0.02051012 1

0.6843147 -0.07099353 0.7257226 0
0.4185393 -0.7767372 -0.4706424 0
