MeshAnim
1
15
47
30
-0.9576001 0.1016416 -0.2695756 0
-0.007762697 0.9262567 0.3768134 0
0.2879961 0.3629293 -0.8861945 0
-0.004455259 -0.2959437 0.01728842 1

0.9917716 0.108643 0.06772013 0
0.1273721 -0.89057 -0.4366484 0
0.01287073 0.4416811 -0.8970799 0
-0.1018693 -0.3209664 -0.02467912 1

-0.9826397 -0.06096438 -0.1752218 0
-0.03229284 0.9862545 -0.1620468 0
0.1826924 -0.1535752 -0.9711015 0
-0.00462713 -0.2317977 0.04208473 1

0.8072106 0.1958524 0.5568241 0
0.3835901 -0.8910504 -0.2426684 0
0.4486312 0.4094767 -0.7943922 0
0.09401508 -0.3411691 0.02901723 1

0.7374232 0.03446031 0.6745516 0
-0.6555297 0.2771604 0.7024691 0
-0.1627517 -0.9602056 0.2269742 0
0.1439348 -0.4571288 -0.002563212 1

-0.9986655 -0.03231072 -0.04028971 0
-0.01668283 0.9401249 -0.3404218 0
0.04887666 -0.3392954 -0.9394093 0
-0.007218115 -0.1526665 0.02908306 1

0.9663713 0.01967517 0.2563972 0
-0.1290651 -0.8252778 0.5497808 0
0.222416 -0.5643843 -0.7949853 0
-0.08529086 -0.4368809 -0.08151224 1

-0.9962261 0.03504929 0.07940331 0
-0.009174719 0.8671892 -0.4978943 0
-0.08630851 -0.4967439 -0.863595 0
-0.008747861 -0.06646079 -0.002132274 1

0.7037569 0.09723502 0.7037554 0
0.1978502 -0.9782255 -0.06269315 0
0.6823355 0.183359 -0.7076707 0
0.07208186 -0.4267491 0.07443481 1

0.9766701 0.06375632 0.2050635 0
0.1864286 -0.7256783 -0.6622956 0
0.1065846 0.6850739 -0.7206342 0
-0.09937967 -0.5269685 -0.02149792 1

-0.9929193 -0.0292736 0.1151266 0
-0.0565079 0.9688793 -0.240998 0
-0.1044888 -0.2457971 -0.9636731 0
-0.009694306 0.02299672 -0.05349408 1

0.788647 0.1499162 0.5962896 0
0.5508546 -0.6030841 -0.5769305 0
0.2731215 0.7834634 -0.5582025 0
0.09272665 -0.5288227 0.06789304 1

-0.3994229 -0.3077645 -0.8635638 0
0.8836183 -0.3802507 -0.2731816 0
-0.244295 -0.8721758 0.4238272 0
0.03418628 0.008476138 -0.04968606 1

0.9629588 -0.02235628 0.2687205 0
0.2693761 0.03493798 -0.9624012 0
0.01212711 0.9991395 0.03966628 0
-0.08017815 -0.601711 -0.08971214 1

0.20023 0.6220388 0.7569517 0
-0.9045345 -0.1795013 0.3867774 0
0.3764642 -0.7621332 0.526714 0
-0.05329628 0.0117166 -0.04241777 1

-0.9921761 -0.1095389 0.05989976 0
-0.1215657 0.9569161 -0.2636915 0
-0.02843459 -0.2689102 -0.9627454 0
-0.01152947 0.1028991 -0.04900452 1

-0.6054257 0.3042402 0.7354574 0
-0.5515042 -0.8266128 -0.1120475 0
0.5738491 -0.4734442 0.6682423 0
-0.1370983 -0.004913568 -0.006584197 1

-0.8518825 0.4634417 -0.2439635 0
-0.04304445 -0.526195 -0.8492739 0
-0.5219612 -0.7129802 0.468205 0
0.1160466 -0.0267511 -0.07499421 1

-0.196693 -0.9060515 -0.3746774 0
0.6655571 0.1572249 -0.7295988 0
0.7199624 -0.3928761 0.5721038 0
-0.1839461 -0.0751307 -0.01610214 1

0.6407042 0.587696 -0.4940766 0
-0.6750866 0.1246814 -0.7271263 0
-0.3657271 0.7994175 0.4766296 0
0.1123823 -0.07154524 -0.1472916 1

0.2863399 -0.9092116 -0.302232 0
0.02709284 0.3229972 -0.9460123 0
0.957745 0.2626929 0.11712 0
-0.06092611 -0.04606962 -0.1509595 1

0.5294446 -0.3014373 -0.7929845 0
-0.8261803 0.0290622 -0.5626557 0
0.1926512 0.953043 -0.2336547 0
-0.0124058 -0.04849821 -0.2816991 1

0.4275554 -0.9030716 -0.04072712 0
0.6260306 0.3282909 -0.7073269 0
0.6521369 0.2769252 0.7057127 0
-0.05890744 -0.01978487 -0.2283756 1

0.5971556 -0.7610084 0.2535185 0
0.7395451 0.3999562 -0.541395 0
0.3106096 0.5107855 0.8016361 0
-0.05148771 -0.04800266 -0.2312222 1

0.2843774 -0.9228749 -0.2596772 0
0.0766899 0.2918898 -0.9533725 0
0.9556401 0.2512031 0.153782 0
-0.06667064 0.008612096 -0.2256266 1

0.1243614 -0.4819864 -0.8673086 0
0.2021404 0.86807 -0.4534249 0
0.9714286 -0.1189293 0.2053831 0
-0.05752479 -0.01191425 -0.1659726 1

0.4420094 -0.312639 -0.8407643 0
-0.7644785 0.3590358 -0.535412 0
0.4692551 0.8794034 -0.08030846 0
-0.08190472 -0.04984963 -0.3317225 1

0.4446634 -0.449347 -0.7748304 0
-0.6905882 0.3789005 -0.6160538 0
0.5704054 0.8090255 -0.1418305 0
-0.09864254 -0.03632456 -0.3064776 1

0.9124634 -0.2181046 -0.346181 0
-0.2652165 0.3289836 -0.9063277 0
0.311562 0.9188038 0.2423406 0
-0.0159444 -0.04541743 -0.3196567 1

0.3226437 -0.2577632 -0.9107466 0
-0.9261212 0.1127172 -0.3599921 0
0.1954495 0.959611 -0.2023525 0
-0.06279757 -0.05209911 -0.3472654 1

3.853378 -1.05227 -0.2102571 0
1.063552 3.641002 1.269635 0
-0.1426138 -1.278999 3.787325 0
-0.03522838 0.02896148 -0.3159352 1

0.1507618 -0.947998 -0.2803056 0
0.2949906 0.3137694 -0.9025132 0
0.9435315 0.05337722 0.3269548 0
-0.05085405 0.01077211 -0.1843874 1

0.4693355 -0.7242766 0.5051216 0
0.7748908 0.6121099 0.1576904 0
-0.4234012 0.3174042 0.8485202 0
-0.02602127 -0.03415316 -0.2499143 1

0.284339 -0.9230191 -0.2592052 0
0.07683121 0.2914332 -0.953501 0
0.9556403 0.2512026 0.1537825 0
-0.06395543 0.0189299 -0.2593539 1

0.3842297 -0.9041384 0.186819 0
0.9157209 0.3989866 0.04759473 0
-0.1175706 0.1527868 0.9812409 0
-0.0344962 -0.006951988 -0.2559693 1

0.5989307 0.02425233 -0.8004336 0
-0.7250981 0.4406477 -0.5292093 0
0.3398746 0.8973527 0.2815027 0
-0.0286172 -0.03437656 -0.3452242 1

0.2957205 -0.501914 -0.8127927 0
-0.4271355 0.6915814 -0.5824697 0
0.8544615 0.5194209 -0.009870529 0
-0.1202608 -0.02445072 -0.3256902 1

0.2693275 -0.2389984 -0.9329216 0
-0.766979 0.5326111 -0.3578667 0
0.582414 0.8119146 -0.03985994 0
-0.09653942 -0.04799241 -0.3603812 1

0.3309828 -0.353863 -0.874775 0
-0.5244751 0.7016646 -0.4822789 0
0.7844592 0.6184237 0.04664652 0
-0.1113755 -0.03602058 -0.352493 1

-0.213235 -0.94594 0.2443953 0
0.09917794 -0.2698142 -0.9577916 0
0.9719541 -0.179996 0.15135 0
-0.04201874 0.02802259 -0.2127007 1

0.2515356 -0.7588005 0.6007928 0
0.407475 0.6460817 0.6454015 0
-0.8778918 0.08246664 0.4717051 0
5.816901E-05 -0.01361448 -0.2445838 1

0.2579832 -0.9452497 -0.1998701 0
0.6922018 0.3251565 -0.6443062 0
0.6740189 0.02786992 0.7381884 0
-0.06137927 0.02871889 -0.2913528 1

0.128135 -0.9442261 0.3033465 0
0.3638878 0.3292964 0.8712922 0
-0.9225873 -0.001259029 0.3857868 0
0.001299555 0.008659363 -0.2541111 1

0.902903 -0.2972032 -0.3105425 0
-0.3179863 0.02428076 -0.9477845 0
0.2892248 0.9545057 -0.07258345 0
-0.0489657 -0.01929504 -0.368732 1

0.134505 -0.4683715 -0.8732338 0
-0.05441873 0.8764203 -0.4784625 0
0.9894175 0.1118759 0.09239461 0
-0.1334745 -0.003053188 -0.3435579 1

0.2293817 -0.1958595 -0.9534273 0
-0.453304 0.8453336 -0.282713 0
0.861336 0.4970417 0.1051202 0
-0.1257716 -0.0276919 -0.3740031 1

0.2102386 -0.3459163 -0.9144081 0
-0.1571926 0.9111825 -0.3808374 0
0.9649302 0.2238048 0.1371901 0
-0.130779 -0.01005906 -0.3703719 1

-0.9745197 0.09222615 -0.2044644 0
0.004718613 0.9197865 0.3923909 0
0.2242523 0.3814279 -0.8967852 0
-0.01592346 -0.2891521 0.02941874 1

0.9970559 -0.07519572 -0.01501183 0
-0.07664577 -0.971521 -0.2242154 0
0.00227569 0.2247059 -0.9744241 0
-0.115545 -0.3148873 -0.006500155 1

-0.9949371 -0.0404527 -0.09199924 0
-0.02167493 0.9802416 -0.1966129 0
0.098135 -0.1936233 -0.9761555 0
-0.01531721 -0.2254278 0.05527285 1

0.7764315 0.2540585 0.5767223 0
0.612285 -0.5207728 -0.5948973 0
0.1492025 0.8150154 -0.5599006 0
0.08369748 -0.3331406 0.03389066 1

0.7934085 0.03322141 0.6077825 0
-0.575259 -0.2854339 0.7665537 0
0.1989477 -0.9578225 -0.2073546 0
0.1633791 -0.400913 -0.04352823 1

-0.9995517 -0.02518281 -0.01619489 0
-0.01764029 0.9323737 -0.3610653 0
0.02419235 -0.3606177 -0.9324 0
-0.01705627 -0.146779 0.03949782 1

0.9760014 -0.04159419 0.2137555 0
-0.1656063 -0.7791732 0.6045362 0
0.1414073 -0.6254274 -0.7673621 0
-0.125521 -0.4413381 -0.0356835 1

-0.9990048 0.01194893 0.04297206 0
-0.01189533 0.857175 -0.5148878 0
-0.04298694 -0.5148867 -0.85618 0
-0.01867382 -0.06128407 0.006389538 1

0.6791817 0.06034998 0.7314849 0
0.2850054 -0.9400949 -0.1870656 0
0.6763758 0.3355288 -0.6556953 0
0.1003247 -0.4321995 0.04049413 1

0.9804077 0.01243705 0.1965868 0
0.14742 -0.7082497 -0.6903984 0
0.130646 0.7058527 -0.6962069 0
-0.1435986 -0.5263931 0.03030794 1

-0.9986336 -0.01553054 0.04989937 0
-0.02384228 0.9850574 -0.1705677 0
-0.04650475 -0.1715243 -0.9840818 0
-0.01990092 0.02714044 -0.04672527 1

0.7605312 0.1353428 0.6350392 0
0.6187039 -0.4477541 -0.64554 0
0.1969721 0.8838544 -0.424268 0
0.1300638 -0.5302943 0.02097468 1

-0.3523452 -0.3526312 -0.8668934 0
0.9030821 -0.37115 -0.2160793 0
-0.2455512 -0.8590105 0.4492279 0
0.02414816 0.01378113 -0.04106304 1

0.9643554 -0.05111066 0.259628 0
0.2620832 0.04919071 -0.963791 0
0.03648872 0.9974811 0.06083249 0
-0.1284149 -0.5993403 -0.04080075 1

0.1527914 0.6346057 0.757582 0
-0.9154495 -0.197904 0.3504092 0
0.3723001 -0.7470673 0.5507115 0
-0.06359302 0.0149985 -0.03699742 1

-0.9899784 -0.1243326 0.06696405 0
-0.1364521 0.9643422 -0.2267703 0
-0.03638127 -0.2336351 -0.9716435 0
-0.02061773 0.1065136 -0.03636703 1

-0.6161372 0.321712 0.7189411 0
-0.5605453 -0.8203356 -0.113307 0
0.5533207 -0.4728118 0.6857736 0
-0.1484062 -0.003336608 -0.004533216 1

-0.8418725 0.4902693 -0.2255807 0
-0.07332025 -0.5180225 -0.8522189 0
-0.5346726 -0.70092 0.4720557 0
0.1078116 -0.020603 -0.06108111 1

-0.1724581 -0.9102279 -0.3764879 0
0.6910313 0.1605762 -0.7047632 0
0.7019501 -0.381707 0.6013035 0
-0.1960221 -0.07302058 -0.01415815 1

0.6654939 0.5488223 -0.5058773 0
-0.6512927 0.09590821 -0.7527415 0
-0.3646036 0.8304189 0.4212703 0
0.10157 -0.0647015 -0.1336292 1

0.2913814 -0.9070982 -0.3037594 0
0.0176774 0.32259 -0.9463738 0
0.9564438 0.270386 0.110032 0
-0.06829352 -0.04334003 -0.1444249 1

0.5259978 -0.3016102 -0.7952093 0
-0.8307824 0.01788142 -0.5563103 0
0.1820083 0.9532638 -0.2411669 0
-0.01881984 -0.04697305 -0.2727716 1

0.4344307 -0.8996646 -0.04328694 0
0.618264 0.3328068 -0.7120317 0
0.6549959 0.2825656 0.7008119 0
-0.06704416 -0.01709014 -0.2218691 1

0.6050171 -0.7560651 0.24964 0
0.732401 0.4054813 -0.5469679 0
0.3123191 0.5137612 0.7990659 0
-0.05942065 -0.04524976 -0.2247527 1

0.2898356 -0.9207488 -0.2611834 0
0.06746615 0.2918738 -0.9540746 0
0.9546956 0.2589037 0.1467149 0
-0.07501329 0.01124579 -0.2190808 1

0.1219225 -0.4815422 -0.867901 0
0.1919342 0.8693579 -0.4553878 0
0.9738052 -0.1110579 0.1984189 0
-0.06527308 -0.009168386 -0.1594824 1

0.4382997 -0.3139192 -0.8422282 0
-0.7719205 0.3485749 -0.5316338 0
0.4604697 0.8831481 -0.08954036 0
-0.08869182 -0.04928195 -0.3222372 1

0.4427312 -0.4501739 -0.7754566 0
-0.6988489 0.3686033 -0.612978 0
0.5617824 0.8133114 -0.1514115 0
-0.1053562 -0.03575051 -0.2969471 1

0.911708 -0.2119144 -0.3519672 0
-0.275314 0.3207469 -0.9062693 0
0.3049439 0.9231544 0.2340846 0
-0.02268309 -0.0441671 -0.3107189 1

0.317889 -0.26059 -0.9116139 0
-0.929906 0.1019052 -0.3533981 0
0.1849902 0.9600563 -0.2099296 0
-0.06968667 -0.05145484 -0.3379154 1

3.860018 -1.021692 -0.2375125 0
1.043665 3.650175 1.259757 0
-0.1050296 -1.277642 3.789011 0
-0.044388 0.0317865 -0.3096265 1

0.1562786 -0.9469486 -0.2808295 0
0.2859476 0.3155237 -0.9048089 0
0.9454157 0.06109972 0.3200875 0
-0.0589166 0.01355839 -0.1779584 1

0.478731 -0.7201893 0.5021394 0
0.7711097 0.6183621 0.1517182 0
-0.4197698 0.3145721 0.8513739 0
-0.03420118 -0.03121012 -0.2436368 1

0.2898017 -0.9208934 -0.2607111 0
0.06761025 0.2914182 -0.9542037 0
0.9546956 0.2589031 0.1467153 0
-0.07262429 0.02156305 -0.2528329 1

0.3927615 -0.9009292 0.1845674 0
0.9128335 0.4062956 0.04073212 0
-0.1116856 0.1524812 0.9819757 0
-0.0429361 -0.004081249 -0.2496463 1

0.5924122 0.02464988 -0.8052579 0
-0.7332484 0.4305831 -0.5262555 0
0.3337584 0.9022143 0.2731572 0
-0.03565659 -0.03340644 -0.3362549 1

0.2939882 -0.5043482 -0.8119137 0
-0.4380418 0.683899 -0.5834394 0
0.8495236 0.5271765 -0.01986717 0
-0.1272326 -0.02419859 -0.3160635 1

0.2642301 -0.2424577 -0.9334866 0
-0.7746378 0.5232487 -0.355172 0
0.5745597 0.8169611 -0.04955873 0
-0.1035664 -0.04774207 -0.3507908 1

0.3273962 -0.356378 -0.8751038 0
-0.534685 0.6937265 -0.4825514 0
0.7790532 0.6258903 0.0365735 0
-0.1184504 -0.03585702 -0.342862 1

-0.2039194 -0.947449 0.24649 0
0.0943958 -0.2696361 -0.9583246 0
0.9744262 -0.1721533 0.1444194 0
-0.05042397 0.03086036 -0.2063451 1

0.2619106 -0.7563843 0.5994045 0
0.4069712 0.6497232 0.6420547 0
-0.8750871 0.07577945 0.4779962 0
-0.008248331 -0.01046091 -0.2385072 1

0.2640537 -0.9432944 -0.2011737 0
0.6849121 0.3302402 -0.6494895 0
0.6790957 0.03371362 0.7332753 0
-0.07035769 0.03135163 -0.2848555 1

0.1378435 -0.942979 0.3029684 0
0.3675438 0.3327473 0.8684418 0
-0.9197342 -0.008354932 0.392453 0
-0.007253328 0.01181585 -0.2480564 1

0.9031574 -0.2908688 -0.3157567 0
-0.3255888 0.01531392 -0.9453877 0
0.2798191 0.9566407 -0.08087268 0
-0.05632651 -0.01866263 -0.3596966 1

0.1320026 -0.4726744 -0.8712948 0
-0.06624754 0.8728143 -0.4835354 0
0.9890332 0.121549 0.08390033 0
-0.1407827 -0.003037751 -0.3339613 1

0.2237289 -0.1998193 -0.9539487 0
-0.4632879 0.8393129 -0.2844616 0
0.8575021 0.5055951 0.09520468 0
-0.1330904 -0.02779835 -0.3643102 1

0.2062779 -0.3497936 -0.9138348 0
-0.1685726 0.9072528 -0.3853258 0
0.9638635 0.2335317 0.1281806 0
-0.138232 -0.01018935 -0.360751 1

-0.9873133 0.08591993 -0.1335301 0
0.023837 0.9116234 0.4103346 0
0.1569851 0.4019459 -0.902106 0
-0.02148755 -0.2803617 0.03502624 1

0.9698207 -0.2282178 0.08581708 0
-0.2112289 -0.9622226 -0.1717854 0
0.1217796 0.148474 -0.9813895 0
-0.1231494 -0.3064272 0.005660089 1

-0.999802 0.01390087 -0.01423811 0
0.01722773 0.9627721 -0.2697653 0
0.009958088 -0.2699571 -0.9628208 0
-0.01965123 -0.2171729 0.0621075 1

0.7830321 0.2983155 0.5457739 0
0.6218576 -0.3579625 -0.6965317 0
-0.01241973 0.8847999 -0.4658056 0
0.07860366 -0.3233626 0.03156471 1

0.8404517 0.1104578 0.5305097 0
-0.3126317 -0.7008051 0.641197 0
0.4426092 -0.7047492 -0.5544603 0
0.1595311 -0.3699472 -0.05908069 1

-0.9999143 0.007426493 0.01078236 0
0.002311617 0.9107601 -0.4129296 0
-0.01288677 -0.4128693 -0.9106991 0
-0.01826898 -0.1399258 0.04046314 1

0.9524501 -0.1417964 0.26969 0
-0.2903736 -0.6905786 0.6624081 0
0.09231495 -0.7092214 -0.6989155 0
-0.1506424 -0.4316677 -0.01669909 1

-0.9998332 0.005458914 0.01743267 0
-0.005121902 0.8322508 -0.5543759 0
-0.01753465 -0.5543726 -0.8320838 0
-0.01805702 -0.05641264 0.002599131 1

0.6493202 0.02855726 0.7599791 0
0.3671817 -0.8868815 -0.2803915 0
0.6660041 0.4611139 -0.5863556 0
0.1252634 -0.4467629 0.01120126 1

0.9876752 -0.02026619 0.1551998 0
0.04990127 -0.8990626 -0.4349673 0
0.1483495 0.4373512 -0.8869705 0
-0.1823398 -0.5070517 0.05560967 1

-0.9989241 0.04551281 -0.008894391 0
0.04610503 0.9953158 -0.08497569 0
0.004985251 -0.08529437 -0.9963433 0
-0.01858539 0.02944058 -0.05458917 1

0.7265506 0.1201503 0.6765268 0
0.6756317 -0.3041652 -0.67157 0
0.1250865 0.9450122 -0.3021686 0
0.1635772 -0.539305 -0.01805634 1

-0.3284101 -0.4277171 -0.8421431 0
0.9109005 -0.3792321 -0.1626146 0
-0.2498146 -0.8205127 0.5141512 0
0.0254027 0.0167321 -0.04721395 1

0.9800568 0.02061558 0.1976452 0
0.1944233 0.1061732 -0.9751549 0
-0.04108794 0.9941339 0.1000477 0
-0.1772001 -0.5996521 0.01080948 1

0.1223904 0.6664332 0.7354506 0
-0.9242986 -0.1933824 0.3290524 0
0.3615145 -0.7200488 0.592315 0
-0.06241982 0.01739275 -0.04539964 1

-0.9901779 -0.1154815 0.07881373 0
-0.1287547 0.9728966 -0.1920795 0
-0.05449602 -0.2003405 -0.9782096 0
-0.01517976 0.1075479 -0.03739702 1

-0.6153395 0.3639353 0.6992199 0
-0.5802608 -0.8095196 -0.08930612 0
0.5335305 -0.4606836 0.7093066 0
-0.1480529 -0.0005233884 -0.01491406 1

-0.8161211 0.531514 -0.2268031 0
-0.1025495 -0.5194508 -0.8483245 0
-0.5687094 -0.6690769 0.4784409 0
0.1097905 -0.01840079 -0.06227892 1

-0.1661192 -0.923193 -0.3465821 0
0.7088386 0.1325429 -0.6928064 0
0.6855308 -0.3607591 0.6323769 0
-0.1973435 -0.06928855 -0.02250022 1

0.7086358 0.47392 -0.522719 0
-0.6293106 0.08951414 -0.7719817 0
-0.3190669 0.8760064 0.3616758 0
0.1010606 -0.06262082 -0.1344955 1

0.2858233 -0.9113005 -0.2963727 0
0.02009989 0.3149081 -0.9489095 0
0.9580716 0.2652635 0.108325 0
-0.06632346 -0.04478961 -0.1505569 1

0.5257154 -0.3018954 -0.7952878 0
-0.8292121 0.02674799 -0.5582941 0
0.1898185 0.952966 -0.2362733 0
-0.0152659 -0.04607433 -0.2771944 1

0.4288056 -0.9026831 -0.03589994 0
0.620639 0.3232356 -0.7143713 0
0.656455 0.2840457 0.6988457 0
-0.06487681 -0.01916718 -0.2282075 1

0.6001636 -0.7578206 0.2559526 0
0.7351588 0.3965095 -0.5498382 0
0.3151911 0.5181588 0.7950887 0
-0.05742858 -0.04739612 -0.2308627 1

0.2841741 -0.9246009 -0.2536898 0
0.06969847 0.2838202 -0.9563411 0
0.9562361 0.2540856 0.1450976 0
-0.07266948 0.009239495 -0.2256492 1

0.119273 -0.4892092 -0.8639727 0
0.1975691 0.8644767 -0.4622195 0
0.973006 -0.1155639 0.1997613 0
-0.06308266 -0.01075882 -0.1658852 1

0.438046 -0.3133221 -0.8425825 0
-0.767915 0.3568686 -0.5319322 0
0.4673571 0.8800424 -0.08427972 0
-0.08502787 -0.04762495 -0.3268445 1

0.4412784 -0.4499143 -0.7764345 0
-0.6944883 0.3767197 -0.6129996 0
0.5682954 0.8097281 -0.1462219 0
-0.1016535 -0.03408509 -0.3015335 1

0.9109688 -0.217177 -0.3506714 0
-0.2705859 0.3270181 -0.9054516 0
0.311319 0.9197248 0.2391382 0
-0.01901171 -0.0430634 -0.3151377 1

0.3182181 -0.2587617 -0.9120196 0
-0.9282114 0.1105785 -0.3552413 0
0.1927724 0.959591 -0.2049974 0
-0.06600004 -0.049869 -0.3424852 1

3.853643 -1.047697 -0.227519 0
1.065971 3.653512 1.231084 0
-0.1146409 -1.246672 3.799036 0
-0.04187766 0.02886462 -0.3163413 1

0.1504639 -0.9501201 -0.2731898 0
0.2883029 0.3064946 -0.907162 0
0.9456439 0.05773397 0.3200386 0
-0.05657609 0.01177955 -0.1845389 1

0.4739974 -0.7191405 0.5080978 0
0.774903 0.6147148 0.147145 0
-0.4181532 0.3239802 0.8486372 0
-0.03211366 -0.03366572 -0.2498461 1

0.284139 -0.9247416 -0.2532164 0
0.06983973 0.2833627 -0.9564666 0
0.9562363 0.2540851 0.145098 0
-0.07020156 0.01927191 -0.2594814 1

0.3870325 -0.9018682 0.1919374 0
0.9153428 0.4008859 0.03792214 0
-0.1111459 0.1610113 0.9806744 0
-0.04067594 -0.006531537 -0.2560762 1

0.594619 0.0238958 -0.8036524 0
-0.7286379 0.4385557 -0.526076 0
0.3398753 0.8983862 0.278185 0
-0.03183883 -0.03208655 -0.3406557 1

0.2922231 -0.5027915 -0.813515 0
-0.4313812 0.6898919 -0.5813432 0
0.8535317 0.5208167 -0.0152923 0
-0.1233935 -0.02227944 -0.3206505 1

0.2647533 -0.2401226 -0.9339417 0
-0.7697589 0.5307381 -0.354667 0
0.5808419 0.8128089 -0.04432166 0
-0.09981807 -0.0458402 -0.3554279 1

0.3269084 -0.3547871 -0.8759322 0
-0.5282024 0.6999829 -0.4806522 0
0.7836666 0.6197986 0.04143099 0
-0.1146318 -0.0338797 -0.3474809 1

-0.2099544 -0.9441564 0.2539459 0
0.09311253 -0.2778635 -0.9560975 0
0.9732675 -0.1770912 0.1462512 0
-0.04796319 0.02880085 -0.2130588 1

0.2569131 -0.7532 0.6055458 0
0.4107597 0.6522678 0.6370428 0
-0.8747984 0.08506901 0.4769605 0
-0.006033534 -0.01303917 -0.2448701 1

0.2582257 -0.9465051 -0.1935144 0
0.6872433 0.3207512 -0.6517789 0
0.6789819 0.03531474 0.7333052 0
-0.06786006 0.02879006 -0.2915799 1

0.1318058 -0.941375 0.3105491 0
0.3692514 0.3373623 0.8659335 0
-0.9199353 0.000535503 0.3920704 0
-0.004894944 0.009154081 -0.2545963 1

0.90173 -0.2962312 -0.31485 0
-0.3230685 0.02215902 -0.9461164 0
0.2872458 0.9548591 -0.07572149 0
-0.05233727 -0.01707834 -0.3640801 1

0.1306323 -0.4696176 -0.8731524 0
-0.05842368 0.8755223 -0.4796329 0
0.9897081 0.1136681 0.08693478 0
-0.1367378 -0.0009339452 -0.3384834 1

0.2246273 -0.1970844 -0.9543062 0
-0.4562091 0.8441053 -0.2817091 0
0.8610555 0.4986424 0.09969743 0
-0.1291561 -0.0256111 -0.3689278 1

0.2059418 -0.3471066 -0.9149344 0
-0.160734 0.9102789 -0.3815199 0
0.9652734 0.2256318 0.1316726 0
-0.1341734 -0.007980406 -0.3652996 1

-0.9944689 0.08101472 -0.06684517 0
0.04469416 0.9023434 0.4286944 0
0.09504785 0.4233356 -0.9009733 0
-0.02222722 -0.2778691 0.03444362 1

0.951027 -0.2801794 0.1305646 0
-0.2350033 -0.9297571 -0.283417 0
0.2008009 0.2388541 -0.9500673 0
-0.1254202 -0.3040792 0.011181 1

-0.9968795 0.07256182 0.03108193 0
0.05720594 0.9353911 -0.3489568 0
-0.0543947 -0.3460898 -0.9366232 0
-0.01903458 -0.2152915 0.06278873 1

0.7941571 0.3304246 0.5100336 0
0.6067443 -0.3837466 -0.6961322 0
-0.03429557 0.8622982 -0.5052382 0
0.07770067 -0.3199814 0.02347641 1

0.8285136 0.2042388 0.5213941 0
-0.0724345 -0.8842006 0.461457 0
0.5552644 -0.4200903 -0.7177781 0
0.1566613 -0.3699215 -0.06711701 1

-0.9989877 0.03887522 0.02263545 0
0.02386215 0.8844926 -0.4659436 0
-0.03813455 -0.4649318 -0.8845249 0
-0.01444472 -0.1402413 0.03479052 1

0.9183037 -0.2159012 0.3318206 0
-0.3852412 -0.680347 0.6234719 0
0.09114485 -0.7003676 -0.7079393 0
-0.1560077 -0.4250941 -0.02570788 1

-0.9999879 0.0009739697 -0.004820563 0
0.003590629 0.8143941 -0.5803013 0
0.003360658 -0.5803114 -0.8143877 0
-0.01225666 -0.05913681 -0.007934675 1

0.6412762 -0.04543439 0.7659639 0
0.5009732 -0.7313276 -0.4628019 0
0.5811977 0.6805112 -0.4462214 0
0.1487217 -0.4668392 -0.01653644 1

0.9677957 -0.1425054 0.2075174 0
-0.1831806 -0.9641013 0.1922334 0
0.1726735 -0.2240558 -0.9591575 0
-0.1980608 -0.4993611 0.0423506 1

-0.9974265 0.04653525 -0.054544 0
0.05155218 0.9941887 -0.09450558 0
0.04982918 -0.09707425 -0.9940291 0
-0.01188626 0.02487439 -0.0677974 1

0.7025668 0.067157 0.708442 0
0.7111856 -0.03156687 -0.7022952 0
-0.02480064 0.9972428 -0.0699389 0
0.200996 -0.5431499 -0.06482778 1

-0.320894 -0.4931738 -0.8085831 0
0.915377 -0.3806521 -0.1311076 0
-0.2431299 -0.78223 0.573589 0
0.03198177 0.01262528 -0.05905628 1

0.9896492 -0.0007331222 0.1435053 0
0.1432166 -0.05857468 -0.9879568 0
0.009130068 0.998283 -0.05786343 0
-0.2169278 -0.5986603 0.06214999 1

0.09585981 0.6880121 0.7193403 0
-0.931877 -0.1919876 0.3078088 0
0.3498805 -0.6998431 0.6227387 0
-0.05586144 0.01290077 -0.05920254 1

-0.9919914 -0.0918562 0.08669236 0
-0.1074061 0.9746401 -0.1963181 0
-0.0664608 -0.2040572 -0.9767005 0
-0.0091304 0.1031756 -0.05138868 1

-0.6172779 0.3903307 0.6830885 0
-0.5949116 -0.7997391 -0.08060879 0
0.5148284 -0.4561352 0.7258736 0
-0.1421966 -0.00488621 -0.03068511 1

-0.8088295 0.5430972 -0.2254788 0
-0.1124477 -0.5192086 -0.847218 0
-0.577192 -0.6599001 0.4810211 0
0.1167843 -0.02263916 -0.07120238 1

-0.1598572 -0.932261 -0.3245539 0
0.7237053 0.1129188 -0.6808087 0
0.6713395 -0.3437134 0.6566313 0
-0.1927317 -0.07282048 -0.03753249 1

0.716607 0.45762 -0.5263634 0
-0.6242629 0.08423086 -0.7766603 0
-0.3110791 0.8851494 0.3460356 0
0.1072118 -0.06683856 -0.1433247 1

0.280718 -0.9126766 -0.297017 0
0.02546566 0.316434 -0.9482729 0
0.9594525 0.2586337 0.1120704 0
-0.05896379 -0.05194885 -0.1633716 1

0.5170644 -0.2998662 -0.8017014 0
-0.832918 0.03952933 -0.5519833 0
0.1972117 0.953162 -0.2293246 0
-0.0081817 -0.05126876 -0.2868885 1

0.4228609 -0.9054776 -0.03604215 0
0.6252395 0.3203166 -0.7116696 0
0.6559456 0.2784022 0.7015896 0
-0.05707902 -0.02620023 -0.2409711 1

0.594185 -0.7622822 0.2566517 0
0.7396834 0.3925303 -0.546616 0
0.315932 0.5146319 0.7970829 0
-0.04981127 -0.05447382 -0.243651 1

0.2788332 -0.9260407 -0.2543637 0
0.07487972 0.2850269 -0.9555903 0
0.9574159 0.2474035 0.1488165 0
-0.06468966 0.002253592 -0.2383887 1

0.1189503 -0.4884792 -0.8644301 0
0.2049478 0.8639421 -0.4600014 0
0.9715182 -0.1224456 0.2028787 0
-0.0554422 -0.0179137 -0.178628 1

0.4289513 -0.3100435 -0.8484538 0
-0.7682801 0.3688084 -0.5231886 0
0.475128 0.8762727 -0.0799993 0
-0.07831106 -0.05172014 -0.3360407 1

0.4313544 -0.4472368 -0.7835259 0
-0.6952528 0.3886739 -0.6046125 0
0.5749409 0.8055509 -0.1432865 0
-0.09462383 -0.03824615 -0.310492 1

0.9063019 -0.2227235 -0.3591811 0
-0.273962 0.3375242 -0.9005678 0
0.3218099 0.9145884 0.244881 0
-0.01217173 -0.0478887 -0.324776 1

0.3091534 -0.2537394 -0.9165375 0
-0.9296464 0.1225069 -0.3474907 0
0.2004541 0.9594836 -0.1980144 0
-0.05941869 -0.05400705 -0.3518385 1

3.847286 -1.073148 -0.2162156 0
1.086229 3.644102 1.241225 0
-0.1360273 -1.252551 3.796396 0
-0.03345606 0.02183098 -0.32894 1

0.1450225 -0.9506272 -0.2743661 0
0.2934615 0.3061464 -0.9056243 0
0.9449069 0.05082019 0.3233705 0
-0.04872067 0.004613221 -0.1972192 1

0.4674174 -0.7231992 0.5084329 0
0.7785004 0.609238 0.1508866 0
-0.4188778 0.3252879 0.8477793 0
-0.02433988 -0.04088038 -0.2625234 1

0.2787955 -0.926182 -0.2538908 0
0.07501834 0.2845687 -0.9557161 0
0.9574161 0.247403 0.148817 0
-0.06203853 0.01232868 -0.2721944 1

0.3803131 -0.9047825 0.1916521 0
0.9178761 0.3946635 0.0417636 0
-0.1134253 0.1600295 0.9805741 0
-0.03269851 -0.01367843 -0.2687343 1

0.5890167 0.02531711 -0.8077243 0
-0.728183 0.4500644 -0.5169061 0
0.3504413 0.8926373 0.283531 0
-0.02507679 -0.0365665 -0.3501029 1

0.2815374 -0.4983683 -0.8199793 0
-0.4289433 0.6990435 -0.572142 0
0.8583385 0.5128039 -0.01696486 0
-0.1163871 -0.0260669 -0.3293464 1

0.2557127 -0.2344012 -0.9379059 0
-0.7671854 0.541122 -0.3444041 0
0.5882499 0.8076159 -0.04145733 0
-0.093289 -0.04954368 -0.3644989 1

0.3171853 -0.3501565 -0.8813536 0
-0.5249359 0.7091672 -0.470664 0
0.789833 0.6119418 0.04112776 0
-0.1079302 -0.03751343 -0.35634 1

-0.217153 -0.9431702 0.2515449 0
0.0945243 -0.2768008 -0.9562672 0
0.9715503 -0.1838791 0.1492604 0
-0.03989602 0.02162641 -0.2256791 1

0.2497766 -0.7559717 0.6050776 0
0.4129395 0.648374 0.6396034 0
-0.8758384 0.09010236 0.4741194 0
0.001860835 -0.02043813 -0.2574215 1

0.2525324 -0.947876 -0.1943166 0
0.6916105 0.3172749 -0.6488545 0
0.676685 0.02946549 0.735683 0
-0.05952319 0.0218873 -0.3042677 1

0.124422 -0.9427834 0.3093206 0
0.368535 0.3333522 0.8677896 0
-0.92125 0.006023191 0.388925 0
0.003181616 0.001763999 -0.2671041 1

0.8965663 -0.3019985 -0.3239847 0
-0.3296477 0.03354655 -0.943508 0
0.2958064 0.9527181 -0.06947634 0
-0.04559901 -0.02115887 -0.3732455 1

0.1198457 -0.4631383 -0.8781461 0
-0.05350575 0.8802226 -0.4715355 0
0.9913499 0.1034972 0.08071041 0
-0.1296548 -0.004439652 -0.3468946 1

0.2158543 -0.1908067 -0.9576012 0
-0.4501371 0.8508441 -0.2710008 0
0.8664778 0.4895485 0.09776919 0
-0.1225288 -0.02891892 -0.3776078 1

0.1960198 -0.3409851 -0.9194049 0
-0.1547698 0.9150845 -0.3723802 0
0.9683092 0.2152899 0.1266005 0
-0.1273512 -0.01127398 -0.3737893 1

-0.9969656 0.07644328 -0.01469898 0
0.06185402 0.8925755 0.4466352 0
0.04726221 0.4443707 -0.8945954 0
-0.02199317 -0.2853428 0.03444184 1

0.9327863 -0.3155871 0.1741109 0
-0.2580066 -0.9219539 -0.288849 0
0.2516792 0.2245126 -0.9414094 0
-0.1260997 -0.3116447 0.01581531 1

-0.9951636 0.08601616 0.04744025 0
0.06579781 0.9422926 -0.3282612 0
-0.07293837 -0.3235522 -0.9433949 0
-0.01768066 -0.2234104 0.06402858 1

0.8023435 0.356416 0.4787617 0
0.5962349 -0.4418348 -0.6702881 0
-0.02736785 0.8232556 -0.5670107 0
0.07745928 -0.3265824 0.01747683 1

0.7612739 0.2693228 0.5898539 0
0.129861 -0.9545583 0.2682438 0
0.635294 -0.127608 -0.7616547 0
0.1550522 -0.384082 -0.06975327 1

-0.9988284 0.04534353 0.01690865 0
0.03218774 0.8833812 -0.4675483 0
-0.03613709 -0.4664564 -0.8838058 0
-0.01240144 -0.1478065 0.03769086 1

0.8742346 -0.1983765 0.4431263 0
-0.481255 -0.4745732 0.7370034 0
0.06409167 -0.8575705 -0.510358 0
-0.1596812 -0.431644 -0.02178059 1

-0.999702 -0.003397092 -0.02417586 0
0.01178123 0.8002056 -0.5996099 0
0.02138258 -0.5997161 -0.7999272 0
-0.00944995 -0.06680387 -0.005181495 1

0.6749539 -0.1318338 0.7259871 0
0.6296088 -0.410144 -0.6598294 0
0.384747 0.9024421 -0.1938244 0
0.1692864 -0.4887117 -0.04035094 1

0.9268981 -0.1793243 0.3297014 0
-0.3340431 -0.7946544 0.5068922 0
0.1711005 -0.579972 -0.7964655 0
-0.2122152 -0.4834487 0.05867103 1

-0.9960886 -2.316386E-05 -0.08836059 0
0.01361702 0.9880137 -0.1537634 0
0.08730502 -0.1543652 -0.9841489 0
-0.008234619 0.01574379 -0.06703607 1

0.708616 -0.006945126 0.7055604 0
0.6627298 0.3497677 -0.6621568 0
-0.2421835 0.9368107 0.2524537 0
0.2349833 -0.5315084 -0.1092012 1

-0.3215002 -0.5510592 -0.7700463 0
0.919926 -0.3745205 -0.1160625 0
-0.2244409 -0.7456998 0.6273422 0
0.03550135 0.003895104 -0.05715531 1

0.9846773 -0.08646255 0.1514432 0
0.01608637 -0.8196939 -0.5725761 0
0.1736434 0.5662389 -0.805743 0
-0.2466206 -0.5652954 0.1108792 1

0.07217447 0.7055501 0.7049752 0
-0.9378442 -0.1925629 0.2887351 0
0.3394691 -0.681996 0.6477981 0
-0.05232284 0.003793299 -0.05900653 1

-0.9942989 -0.06645626 0.08338668 0
-0.08469774 0.9673147 -0.2390159 0
-0.06477705 -0.244716 -0.9674286 0
-0.009269398 0.094935 -0.05539175 1

-0.6275572 0.4027386 0.6663135 0
-0.5983179 -0.7970786 -0.08173969 0
0.4981845 -0.4499634 0.7411782 0
-0.1392109 -0.01404697 -0.03225625 1

-0.817274 0.5312564 -0.2232266 0
-0.1065129 -0.5199721 -0.8475164 0
-0.5663201 -0.6688765 0.4815453 0
0.1207253 -0.03080124 -0.06790761 1

-0.1477393 -0.941821 -0.3019046 0
0.7361994 0.09911636 -0.6694676 0
0.6604423 -0.3211684 0.6787245 0
-0.1900354 -0.08175534 -0.03919966 1

0.7111783 0.4721453 -0.520869 0
-0.610413 0.04717369 -0.7906773 0
-0.3487435 0.8802578 0.3217524 0
0.111658 -0.07506567 -0.1400554 1

0.2785057 -0.917969 -0.282432 0
0.02653442 0.3013088 -0.9531575 0
0.9600682 0.2579658 0.1082739 0
-0.05395801 -0.06343484 -0.1629425 1

0.5284892 -0.3142147 -0.7886499 0
-0.8262044 0.02318797 -0.5628935 0
0.1951566 0.9490691 -0.2473508 0
-0.001175329 -0.06634575 -0.2862102 1

0.4205913 -0.9069942 -0.02155748 0
0.6262481 0.3074322 -0.716449 0
0.6564426 0.2878319 0.6973065 0
-0.05198616 -0.03892344 -0.2409394 1

0.592191 -0.7596112 0.2688877 0
0.740826 0.3819637 -0.5525224 0
0.316997 0.5263977 0.7889351 0
-0.04478881 -0.06725407 -0.2431689 1

0.2765749 -0.930651 -0.2395732 0
0.07587145 0.2696657 -0.9599606 0
0.9579929 0.2473243 0.1451926 0
-0.05952592 -0.01041323 -0.2388106 1

0.1179691 -0.5024074 -0.8565457 0
0.2072536 0.8560295 -0.4735604 0
0.9711487 -0.1216565 0.2051105 0
-0.0503464 -0.02965456 -0.1787349 1

0.4410156 -0.3258675 -0.836251 0
-0.763615 0.3533525 -0.5404022 0
0.471591 0.8768995 -0.09300318 0
-0.0706869 -0.06822962 -0.3361987 1

0.443316 -0.4616207 -0.7683601 0
-0.6896868 0.3718589 -0.621332 0
0.5725414 0.8053743 -0.1535227 0
-0.08738384 -0.05429846 -0.3111483 1

0.9118127 -0.2254977 -0.3431461 0
-0.264504 0.3166384 -0.9109215 0
0.3140638 0.9213531 0.2290696 0
-0.004712751 -0.06380117 -0.3242076 1

0.321784 -0.2716833 -0.9069967 0
-0.9258835 0.1100131 -0.3614379 0
0.1979783 0.9560785 -0.2161466 0
-0.05158874 -0.07075328 -0.3517106 1

3.844635 -1.086098 -0.1979317 0
1.095039 3.660566 1.183706 0
-0.1402695 -1.191915 3.815714 0
-0.02821713 0.007648826 -0.3296504 1

0.1427086 -0.9552151 -0.2592271 0
0.2944911 0.291025 -0.9102637 0
0.944939 0.05356248 0.322834 0
-0.04356287 -0.007441938 -0.1976785 1

0.4654498 -0.7162268 0.5199769 0
0.7799878 0.6095943 0.1414728 0
-0.4183015 0.3397269 0.8423835 0
-0.01927786 -0.05402535 -0.2622459 1

0.2765369 -0.9307845 -0.2390978 0
0.07600899 0.2692054 -0.9600791 0
0.9579929 0.2473238 0.1451932 0
-0.0568397 -0.0008816123 -0.2727707 1

0.3779799 -0.9025856 0.2060833 0
0.9188546 0.3929688 0.03580773 0
-0.1133039 0.175826 0.9778792 0
-0.02756623 -0.02690428 -0.2688895 1

0.598845 0.01114717 -0.8007875 0
-0.7240154 0.4349394 -0.5353785 0
0.3423261 0.9003909 0.2685318 0
-0.01736071 -0.05309486 -0.3499292 1

0.2942261 -0.5143288 -0.8055416 0
-0.4253924 0.6842833 -0.5922821 0
0.8558463 0.5169361 -0.01745753 0
-0.1089738 -0.04264402 -0.3305264 1

0.2685139 -0.2530963 -0.9294314 0
-0.7656181 0.5294667 -0.3653686 0
0.5845766 0.8096962 -0.05160595 0
-0.08532193 -0.0667451 -0.3648789 1

0.3298727 -0.3672785 -0.8696498 0
-0.5226859 0.6960654 -0.4922321 0
0.7861198 0.6169276 0.03764171 0
-0.1001245 -0.05462152 -0.3571614 1

-0.2195982 -0.9385191 0.2663811 0
0.09410214 -0.2921497 -0.9517321 0
0.9710417 -0.1839314 0.1524721 0
-0.03468728 0.009096086 -0.2264013 1

0.2476995 -0.7469174 0.6170573 0
0.4143861 0.6573846 0.6293887 0
-0.8757452 0.0998005 0.4723461 0
0.006972732 -0.03357071 -0.2574598 1

0.250202 -0.9514662 -0.1791962 0
0.6925932 0.3052193 -0.6535719 0
0.6765457 0.03941513 0.7353453 0
-0.05429109 0.008161366 -0.3049906 1

0.1219602 -0.9380751 0.3242551 0
0.3691233 0.3461293 0.8625213 0
-0.9213437 0.01449674 0.3884793 0
0.008352159 -0.01152813 -0.2674925 1

0.9020473 -0.3040501 -0.3063735 0
-0.3180961 0.01151367 -0.9479885 0
0.2917637 0.9525867 -0.08633129 0
-0.03767318 -0.03829813 -0.3736483 1

0.1330895 -0.4812264 -0.8664345 0
-0.05216298 0.869599 -0.4909962 0
0.9897307 0.1105422 0.09063216 0
-0.1221336 -0.02147013 -0.3486977 1

0.2286801 -0.2101498 -0.9505486 0
-0.4510939 0.8423956 -0.2947616 0
0.8626821 0.4961927 0.09784178 0
-0.1145023 -0.04656422 -0.3787869 1

0.2091427 -0.3595786 -0.9093748 0
-0.1548254 0.9060351 -0.3938654 0
0.965551 0.2231684 0.1338186 0
-0.1194618 -0.0288676 -0.3754086 1

-0.9972476 0.07359671 0.008979523 0
0.06939923 0.8839546 0.4623938 0
0.02609317 0.4617442 -0.8866292 0
-0.02220875 -0.2955425 0.03544137 1

0.9088261 -0.3406664 0.2407942 0
-0.2533486 -0.9092762 -0.3301991 0
0.3314362 0.2390886 -0.912681 0
-0.1266337 -0.3218044 0.01862923 1

-0.9944527 0.09467347 0.04583464 0
0.08110467 0.967629 -0.2389901 0
-0.06697693 -0.233947 -0.9699397 0
-0.01740403 -0.234181 0.06612168 1

0.8319413 0.3465958 0.4332955 0
0.5516915 -0.6000834 -0.579255 0
0.05924607 0.7209517 -0.6904481 0
0.07695115 -0.3361351 0.01546971 1

0.7221006 0.2409894 0.6484558 0
0.1189168 -0.9666498 0.2268196 0
0.6814908 -0.08667428 -0.726676 0
0.1487473 -0.4142289 -0.05991352 1

-0.9982976 0.05727298 0.01102799 0
0.04751492 0.9082552 -0.41571 0
-0.03382518 -0.4144784 -0.9094303 0
-0.01089668 -0.1565443 0.04694654 1

0.8411084 -0.1677326 0.514201 0
-0.5356779 -0.1269663 0.8348226 0
-0.07474073 -0.9776223 -0.1966432 0
-0.159609 -0.4401536 -0.0243487 1

-0.9995936 0.01261929 -0.02556391 0
0.02513294 0.8133381 -0.5812482 0
0.01345715 -0.5816545 -0.8133246 0
-0.006539745 -0.07326084 0.008827584 1

0.7007175 -0.1682208 0.693323 0
0.664812 -0.1986743 -0.7201067 0
0.2588824 0.9655208 -0.02737928 0
0.1617818 -0.5201839 -0.03505172 1

0.9014522 -0.1965834 0.3856671 0
-0.4140519 -0.6514651 0.6357315 0
0.1262744 -0.7327677 -0.6686602 0
-0.2180838 -0.4540133 0.06678091 1

-0.9946679 -0.04795799 -0.09129953 0
-0.03202599 0.9851674 -0.1685813 0
0.09803014 -0.1647586 -0.9814503 0
-0.003947079 0.01064152 -0.05113283 1

0.7211069 -0.04742878 0.6911985 0
0.6008981 0.5394031 -0.5898862 0
-0.3448571 0.840711 0.4174674 0
0.231152 -0.5409147 -0.1101917 1

-0.3468342 -0.5654958 -0.7482784 0
0.9140753 -0.3825684 -0.1345646 0
-0.210172 -0.7306545 0.6495935 0
0.03958422 -0.002103627 -0.04146642 1

0.9184944 -0.1918209 0.3457935 0
-0.1761305 -0.9813849 -0.07656389 0
0.354043 0.009418665 -0.9351819 0
-0.2607297 -0.521112 0.1322591 1

0.07591023 0.6899608 0.7198555 0
-0.9417594 -0.1875868 0.2791069 0
0.327608 -0.6991176 0.6355373 0
-0.04822786 -0.0008047223 -0.04343515 1

-0.9962999 -0.04557548 0.07286441 0
-0.06292325 0.9643035 -0.257215 0
-0.05854072 -0.2608482 -0.9636032 0
-0.008725676 0.08986229 -0.04068534 1

-0.6330167 0.3846545 0.6718117 0
-0.6025983 -0.7896137 -0.1156965 0
0.4859684 -0.4780703 0.7316307 0
-0.1354786 -0.01818401 -0.01757685 1

-0.8272966 0.5211906 -0.2096208 0
-0.09279422 -0.4948057 -0.8640351 0
-0.5540485 -0.6953616 0.4577144 0
0.1242661 -0.03754562 -0.05393277 1

-0.1895276 -0.91475 -0.3568081 0
0.7367072 0.1077547 -0.6675717 0
0.6491085 -0.3893861 0.6534803 0
-0.1866667 -0.08525819 -0.02740479 1

0.7017359 0.5081181 -0.4993827 0
-0.6054619 0.05591293 -0.7939079 0
-0.3754767 0.8594711 0.3468822 0
0.1163667 -0.07966763 -0.1274867 1

0.2765608 -0.914742 -0.294553 0
0.02981766 0.3145283 -0.9487798 0
0.9605339 0.2536125 0.1142617 0
-0.05049551 -0.06534106 -0.1507971 1

0.5431787 -0.3040364 -0.7826357 0
-0.8161394 0.02769683 -0.5771912 0
0.1971636 0.9522581 -0.2330914 0
0.004448593 -0.0693323 -0.2742386 1

0.4180171 -0.9078323 -0.03319755 0
0.6289458 0.3155842 -0.7105168 0
0.6555067 0.2761287 0.7028969 0
-0.04825541 -0.03974724 -0.2284384 1

0.5893073 -0.7650287 0.2597073 0
0.7433238 0.3874802 -0.545279 0
0.3165226 0.5143835 0.797009 0
-0.04113448 -0.06806493 -0.231046 1

0.2744848 -0.9280164 -0.2518807 0
0.0790799 0.2828391 -0.9559019 0
0.9583342 0.242462 0.1510226 0
-0.05571797 -0.01124763 -0.2259296 1

0.1186806 -0.4907246 -0.8631944 0
0.2109279 0.8619568 -0.4610206 0
0.9702702 -0.1273575 0.2058052 0
-0.0467462 -0.03135395 -0.1661064 1

0.4565929 -0.315347 -0.8319131 0
-0.7547771 0.3577263 -0.5498576 0
0.4709932 0.8789704 -0.07468119 0
-0.06416002 -0.07080668 -0.325473 1

0.4580245 -0.4518569 -0.7655321 0
-0.6794705 0.3773185 -0.6292461 0
0.5731786 0.8083667 -0.1342021 0
-0.08133334 -0.05719888 -0.3005673 1

0.9183145 -0.2195109 -0.3294142 0
-0.2490799 0.3263575 -0.9118389 0
0.3076655 0.9194056 0.2450231 0
0.00157978 -0.06636447 -0.3122618 1

0.3385018 -0.2606347 -0.9041494 0
-0.9195928 0.1120019 -0.3765698 0
0.1994137 0.9589189 -0.2017646 0
-0.04478339 -0.07311058 -0.3406705 1

3.841963 -1.094483 -0.2035368 0
1.102633 3.640431 1.237524 0
-0.1533723 -1.244737 3.798304 0
-0.02412731 0.007991016 -0.3164297 1

0.1405982 -0.9519109 -0.2722095 0
0.2976341 0.3028606 -0.9053671 0
0.9442702 0.04627413 0.3259029 0
-0.03985049 -0.008898556 -0.1847203 1

0.4620577 -0.7247882 0.5110626 0
0.7813885 0.6052687 0.1519286 0
-0.419446 0.3291385 0.84601 0
-0.01553713 -0.05464554 -0.2498725 1

0.2744452 -0.9281564 -0.2514074 0
0.0792164 0.28238 -0.9560265 0
0.9583341 0.2424614 0.1510231 0
-0.05291827 -0.001250088 -0.2597463 1

0.374843 -0.9064828 0.1943759 0
0.9198948 0.3897358 0.04358909 0
-0.1152679 0.1624663 0.9799583 0
-0.02373013 -0.02740997 -0.2561567 1

0.6129327 0.02160158 -0.78984 0
-0.7154751 0.4393409 -0.5432081 0
0.3352748 0.8980609 0.2847418 0
-0.0106362 -0.05539572 -0.3380812 1

0.3097489 -0.5044786 -0.8059512 0
-0.416508 0.689994 -0.591971 0
0.8547379 0.5190477 0.003605589 0
-0.1026048 -0.04537433 -0.320193 1

0.2855924 -0.2419154 -0.9273155 0
-0.7603227 0.5318369 -0.3729063 0
0.5833924 0.8115584 -0.03204505 0
-0.07828736 -0.06902999 -0.3543901 1

0.3461632 -0.3566291 -0.8677484 0
-0.5155907 0.700418 -0.4935392 0
0.783797 0.6182484 0.0585843 0
-0.09325455 -0.05702847 -0.3468003 1

-0.2229872 -0.9415048 0.2526774 0
0.09566341 -0.2790874 -0.955489 0
0.9701161 -0.1888897 0.1523005 0
-0.03085439 0.008013487 -0.2131869 1

0.2439745 -0.7561952 0.6071618 0
0.4146936 0.6473027 0.6395536 0
-0.8766446 0.09575125 0.4715147 0
0.01076033 -0.03433686 -0.2447354 1

0.2478992 -0.9495965 -0.1918666 0
0.6951249 0.3122979 -0.6475119 0
0.6747944 0.0271465 0.7375066 0
-0.05026199 0.008235157 -0.2918301 1

0.1184233 -0.9428707 0.311402 0
0.3679405 0.3329518 0.8681954 0
-0.9222775 0.0117626 0.3863495 0
0.01222895 -0.01216024 -0.2544553 1

0.9080928 -0.2984981 -0.2937119 0
-0.3012498 0.02155212 -0.9533018 0
0.2908889 0.9541672 -0.07035092 0
-0.03056111 -0.04037684 -0.3619888 1

0.1496369 -0.4710538 -0.8693203 0
-0.04559527 0.8749967 -0.4819776 0
0.9876894 0.1117586 0.1094538 0
-0.1154925 -0.0240255 -0.3383546 1

0.2460333 -0.1988226 -0.9486503 0
-0.4478773 0.8446592 -0.2931849 0
0.8595777 0.4970123 0.1187662 0
-0.1072662 -0.04875892 -0.3685853 1

0.2261386 -0.3487534 -0.9095232 0
-0.1500553 0.9100941 -0.386281 0
0.9624681 0.2238319 0.1534751 0
-0.1123288 -0.03111321 -0.3650959 1

-0.9975749 0.06956299 -0.002288153 0
0.06028398 0.8800052 0.4711228 0
0.0347863 0.4698424 -0.8820646 0
-0.02155007 -0.3044139 0.03485041 1

0.892252 -0.3326212 0.3053686 0
-0.1689389 -0.873079 -0.4573765 0
0.418744 0.3565063 -0.8351986 0
-0.1256594 -0.330936 0.01655485 1

-0.9937696 0.1088314 0.02403505 0
0.09958884 0.9639047 -0.2469206 0
-0.05004022 -0.2429885 -0.9687377 0
-0.01736119 -0.2433138 0.06613667 1

0.819747 0.2758056 0.5019428 0
0.5518695 -0.6147453 -0.5634969 0
0.1531512 0.7389316 -0.6561439 0
0.07800524 -0.3444313 0.01570198 1

0.8163191 0.1505315 0.5576413 0
-0.05043075 -0.9431814 0.3284298 0
0.5753959 -0.2962258 -0.7623453 0
0.1498246 -0.4244331 -0.05763051 1

-0.9976641 0.06508441 0.02074482 0
0.0500136 0.9027959 -0.427151 0
-0.04652923 -0.4251157 -0.9039423 0
-0.009370779 -0.1659759 0.04632525 1

0.851676 -0.09256865 0.5158289 0
-0.5004538 0.14848 0.852936 0
-0.1555453 -0.9845736 0.08013025 0
-0.1476481 -0.4445739 -0.04297619 1

-0.9995521 0.02321535 0.01888455 0
0.007472459 0.8046641 -0.5936832 0
-0.02897829 -0.5932761 -0.8044774 0
-0.004784727 -0.08319306 0.007157179 1

0.6759671 -0.1250277 0.7262484 0
0.4666715 -0.6900918 -0.5531648 0
0.5703391 0.7128406 -0.4081324 0
0.1442968 -0.5278158 -0.02163114 1

