MeshAnim
1
15
47
30
-0.826157 0.110667 0.5524648 0
0.08301146 0.9937282 -0.07492313 0
-0.5572914 -0.01603736 -0.8301621 0
0.01174897 -0.3229985 -0.006517128 1

0.8220074 0.1987717 -0.5336609 0
-0.2402201 -0.728625 -0.6414049 0
-0.5163317 0.6554356 -0.551186 0
-0.07576814 -0.3497007 0.05268298 1

-0.8094168 0.1142143 0.5760204 0
-0.03626044 0.9693109 -0.2431494 0
-0.586114 -0.2176959 -0.780435 0
0.01675659 -0.2546893 -0.01271207 1

0.9633873 0.1702439 -0.2071279 0
-0.02548051 -0.7109053 -0.7028261 0
-0.2669002 0.6823714 -0.6805392 0
0.09202286 -0.3723127 -0.06132152 1

0.9866658 -0.01905812 -0.1616399 0
0.1532311 -0.2260461 0.9619894 0
-0.05487175 -0.9739302 -0.2201117 0
0.08870687 -0.4648287 -0.1527861 1

-0.7795244 0.01570134 0.626175 0
-0.2716007 0.892345 -0.3604908 0
-0.5644243 -0.4510809 -0.6913401 0
0.01384727 -0.1769176 -0.03222092 1

0.8925034 0.2376635 -0.383346 0
0.4087259 -0.7855754 0.4645585 0
-0.1907384 -0.5713035 -0.7982677 0
-0.1070346 -0.4445368 -0.03080076 1

-0.7417726 -0.06898689 0.6670938 0
-0.4806315 0.7484028 -0.4570411 0
-0.4677249 -0.6596469 -0.5883019 0
-0.01105744 -0.09509307 -0.06527651 1

0.9804564 0.005556494 -0.1966583 0
0.01721418 -0.9981903 0.05761933 0
-0.1959822 -0.0598786 -0.9787778 0
0.1055026 -0.4896057 -0.0473419 1

0.832494 0.08152598 -0.5480034 0
-0.3460465 -0.6959353 -0.6292268 0
-0.4326731 0.7134621 -0.5511499 0
-0.06241792 -0.5302906 0.01991066 1

-0.7998249 -0.04664677 0.598418 0
-0.2680495 0.9197981 -0.2865673 0
-0.5370564 -0.3896092 -0.7481811 0
-0.06063843 -0.01788932 -0.112424 1

0.9503627 0.001650117 -0.3111395 0
-0.3061087 -0.1742126 -0.9359207 0
-0.05574877 0.9847068 -0.16506 0
0.1072988 -0.5937625 -0.04132957 1

-0.5689213 -0.7396274 -0.3595549 0
0.7603656 -0.3065027 -0.5726257 0
0.3133252 -0.5991723 0.7367632 0
-0.02096585 -0.02609402 -0.1349988 1

0.8755586 0.03459635 -0.4818721 0
-0.4831055 0.05734422 -0.8736825 0
-0.002593577 0.9977552 0.066922 0
-0.09805954 -0.6019696 -0.04489758 1

0.1495782 0.713222 0.6847924 0
-0.6265162 -0.467432 0.6236866 0
0.7649208 -0.5223235 0.3769276 0
-0.08596535 -0.03193694 -0.07619873 1

-0.978032 -0.1355506 0.1583652 0
-0.1764622 0.9428022 -0.2828164 0
-0.1109711 -0.304549 -0.9460102 0
-0.06835923 0.06168038 -0.1165408 1

-0.327137 0.1775683 0.9281438 0
-0.6118097 -0.7883447 -0.06481822 0
0.7201875 -0.5890518 0.3665348 0
-0.1440099 -0.07524294 -0.01841632 1

-0.8802871 0.2014669 -0.429541 0
0.1402522 -0.7543961 -0.6412611 0
-0.4532369 -0.624738 0.6358289 0
0.04947605 -0.05448908 -0.1880481 1

-0.2656276 -0.9289647 -0.2578115 0
0.3740647 0.1471574 -0.9156529 0
0.8885481 -0.3396608 0.3084038 0
-0.1959805 -0.1422093 -0.02392235 1

0.4781173 0.4152564 -0.7739288 0
-0.8675198 0.08566935 -0.4899696 0
-0.137161 0.9056615 0.4012031 0
0.06141551 -0.1187096 -0.2426376 1

0.179338 -0.9426273 -0.2815878 0
0.1014817 0.302427 -0.947755 0
0.9785395 0.1413925 0.1498961 0
-0.1268393 -0.1150091 -0.1931694 1

0.514869 -0.3779719 -0.7694458 0
-0.7952387 0.1246283 -0.5933488 0
0.3201641 0.9173904 -0.2364107 0
-0.09894335 -0.1028739 -0.3332073 1

0.09153882 -0.9922714 -0.08377651 0
0.1367859 0.09586164 -0.9859515 0
0.9863622 0.07879348 0.1445038 0
-0.11875 -0.0903815 -0.2707341 1

0.3607201 -0.9324388 -0.02095166 0
0.3231701 0.1460298 -0.9350061 0
0.8748957 0.3305047 0.3540121 0
-0.1148709 -0.1193507 -0.2729996 1

0.1623424 -0.9697391 -0.1823489 0
0.2023616 0.2135925 -0.9557343 0
0.9657612 0.1182557 0.2309132 0
-0.1229434 -0.06119257 -0.2685809 1

-0.09831557 -0.531059 -0.8416117 0
0.5140887 0.6970199 -0.4998762 0
0.8520837 -0.4818088 0.2044834 0
-0.118603 -0.08179134 -0.2084108 1

0.6056489 -0.2164093 -0.7657391 0
-0.6544076 0.4120102 -0.6340332 0
0.4527032 0.885107 0.1079136 0
-0.1662249 -0.09619635 -0.3857704 1

0.5494636 -0.3626963 -0.7526893 0
-0.6618043 0.3609639 -0.6570541 0
0.5100049 0.8591602 -0.0416975 0
-0.1820015 -0.08028156 -0.3613122 1

0.889191 -0.3368948 -0.3095815 0
-0.188879 0.345996 -0.9190273 0
0.4167297 0.8756646 0.2440241 0
-0.1007074 -0.09994996 -0.3713011 1

0.5907021 -0.2417528 -0.7698223 0
-0.6545682 0.4143026 -0.6323714 0
0.4718171 0.8774446 0.08648564 0
-0.1470155 -0.1010787 -0.4005652 1

3.693904 -1.53363 -0.05525756 0
1.470691 3.496577 1.269262 0
-0.4383409 -1.192449 3.792878 0
-0.08598032 -0.04636616 -0.3578683 1

-0.4306298 -0.8703458 -0.2388644 0
0.3500507 0.08287755 -0.9330574 0
0.8318789 -0.485417 0.2689756 0
-0.1040699 -0.06442034 -0.2280401 1

0.1862882 -0.9823182 0.01865827 0
0.6978308 0.1456582 0.7012962 0
-0.6916136 -0.1176229 0.712626 0
-0.1037496 -0.1142477 -0.3052488 1

0.1561751 -0.9741448 -0.1632517 0
0.3944155 0.2130363 -0.8938972 0
0.9055638 0.07521541 0.4174889 0
-0.1157836 -0.05364484 -0.302391 1

-0.04222707 -0.9990903 -0.005958881 0
0.9338586 -0.04158881 0.3552163 0
-0.3551408 0.009434953 0.9347653 0
-0.1134162 -0.08661383 -0.3091965 1

0.6253177 -0.06382315 -0.7777559 0
-0.6440338 0.520606 -0.5605261 0
0.440679 0.8514084 0.2844398 0
-0.1109583 -0.08778763 -0.3974389 1

0.5074552 -0.2574404 -0.822322 0
0.1774121 0.9650951 -0.1926568 0
0.8432165 -0.04812519 0.5354155 0
-0.2027264 -0.06897384 -0.3818081 1

0.5547827 -0.2002681 -0.8075324 0
-0.3891407 0.7954289 -0.4646097 0
0.7353812 0.5720013 0.3633579 0
-0.1708637 -0.08598417 -0.4236047 1

0.56548 -0.148952 -0.8112001 0
-0.1832719 0.9362726 -0.2996749 0
0.8041416 0.3181304 0.5021447 0
-0.1914267 -0.08031088 -0.4103407 1

-0.438379 -0.8987796 0.004421309 0
0.08458245 -0.04615111 -0.9953473 0
0.8948014 -0.4359652 0.09625256 0
-0.08926696 -0.05547154 -0.2576725 1

0.1682989 -0.9780372 -0.1229584 0
-0.5191854 -0.1939841 0.8323565 0
-0.8379276 -0.07624646 -0.5404298 0
-0.08027703 -0.1094063 -0.2816693 1

0.1192862 -0.9854705 -0.1209073 0
0.8361787 0.1653735 -0.5229307 0
0.5353278 -0.03872179 0.8437564 0
-0.1025476 -0.04648656 -0.3323904 1

-0.1056031 -0.989374 -0.0999363 0
-0.03894114 -0.09630664 0.9945899 0
-0.9936455 0.1089235 -0.02835724 0
-0.07690534 -0.0882259 -0.2953088 1

0.8684125 -0.4135989 -0.2734876 0
-0.2783539 0.04980593 -0.9591861 0
0.4103398 0.9090958 -0.07187489 0
-0.128379 -0.07061636 -0.421848 1

0.6127232 -0.07238986 -0.786975 0
0.4884647 0.8175018 0.3051109 0
0.6212667 -0.5713582 0.5362624 0
-0.1973165 -0.03916901 -0.387649 1

0.5401193 -0.1375139 -0.8302774 0
-0.02838011 0.983023 -0.1812745 0
0.8411097 0.1214732 0.527047 0
-0.1857021 -0.05566901 -0.4412964 1

0.5720011 -0.06685846 -0.8175235 0
0.3796386 0.9050756 0.1916052 0
0.7271103 -0.4199617 0.5430862 0
-0.1981932 -0.04565877 -0.4214585 1

-0.8576517 0.07352989 0.5089468 0
0.07744349 0.996905 -0.01352356 0
-0.508366 0.02781611 -0.8606917 0
0.005813212 -0.3203544 -0.00455991 1

0.818415 0.02149428 -0.5742251 0
-0.1906131 -0.9325641 -0.3065792 0
-0.5420915 0.360364 -0.7591276 0
-0.08470246 -0.3509657 0.04784971 1

-0.844584 0.1250318 0.5206196 0
0.0004496127 0.9725173 -0.23283 0
-0.5354227 -0.1964104 -0.8214288 0
0.01049946 -0.2517717 -0.006571344 1

0.9658004 0.1905609 -0.1758301 0
-0.08500487 -0.4079471 -0.9090397 0
-0.2449569 0.8928974 -0.3777968 0
0.08959005 -0.3659321 -0.05731811 1

0.9724478 0.0157456 -0.2325888 0
0.156306 -0.7842612 0.600419 0
-0.1729563 -0.6202312 -0.7651139 0
0.07852766 -0.4190216 -0.1756189 1

-0.8255187 0.01661595 0.5641301 0
-0.2302606 0.9026735 -0.3635389 0
-0.5152659 -0.4300051 -0.7413478 0
0.01053553 -0.1737427 -0.02525223 1

0.8952025 0.1517253 -0.4190367 0
0.4314181 -0.5308313 0.7294495 0
-0.1117618 -0.8337852 -0.5406585 0
-0.1095122 -0.4723461 0.007946091 1

-0.7985682 -0.07836831 0.5967805 0
-0.4328114 0.7637866 -0.4788575 0
-0.4182858 -0.6406938 -0.6438545 0
-0.01057846 -0.09097111 -0.05858731 1

0.9852134 -0.01312532 -0.1708285 0
-0.08355634 -0.9072613 -0.412184 0
-0.149576 0.4203632 -0.8949423 0
0.09566044 -0.5049849 -0.1098067 1

0.8324931 0.08152202 -0.5480046 0
-0.3460326 -0.6959636 -0.6292029 0
-0.4326851 0.7134347 -0.5511757 0
-0.06241841 -0.5302918 0.08757313 1

-0.8461264 -0.05202889 0.5304367 0
-0.2400723 0.9257511 -0.2921475 0
-0.4758522 -0.3745369 -0.7957932 0
-0.05522642 -0.01218039 -0.1079853 1

0.9645882 -0.0004463717 -0.2637603 0
-0.2635529 -0.04131696 -0.9637597 0
-0.01046762 0.9991462 -0.03997154 0
0.08694171 -0.5996536 -0.1528163 1

-0.6427747 -0.6965818 -0.3187707 0
0.7122018 -0.3901286 -0.583582 0
0.2821512 -0.6021408 0.7468716 0
-0.01376458 -0.02019948 -0.1271546 1

0.8755581 0.03459534 -0.4818723 0
-0.4831057 0.05730463 -0.8736849 0
-0.002611943 0.9977573 0.06688663 0
-0.09805859 -0.6019738 0.02276737 1

0.07042906 0.6871397 0.7231036 0
-0.688227 -0.491261 0.5338597 0
0.7220688 -0.5352588 0.4383091 0
-0.08377009 -0.02687305 -0.07451228 1

-0.9798177 -0.1493287 0.1328837 0
-0.1852197 0.9282323 -0.3226117 0
-0.07517177 -0.3407134 -0.937157 0
-0.06226382 0.06748611 -0.1113968 1

-0.3787457 0.1831065 0.9072065 0
-0.5904736 -0.8026194 -0.0845172 0
0.7126659 -0.567692 0.4121084 0
-0.1475319 -0.07238668 -0.02505202 1

-0.8625976 0.23735 -0.4467556 0
0.1330742 -0.7455479 -0.653031 0
-0.4880744 -0.6227549 0.6115226 0
0.05221532 -0.05634183 -0.1812189 1

-0.2305632 -0.9399471 -0.2516749 0
0.415309 0.1388446 -0.899022 0
0.8799769 -0.3118042 0.3583562 0
-0.1976901 -0.1405656 -0.03223138 1

0.5298629 0.3797361 -0.7583179 0
-0.8365006 0.08673449 -0.5410585 0
-0.1396871 0.9210202 0.3636064 0
0.06354372 -0.1198092 -0.2368105 1

0.1982691 -0.9403808 -0.2763572 0
0.1093555 0.301418 -0.9472004 0
0.9740282 0.1575795 0.1625979 0
-0.1209254 -0.1149019 -0.1984044 1

0.5259448 -0.3728381 -0.7644436 0
-0.7913946 0.1147285 -0.6004433 0
0.3115716 0.9207768 -0.2347211 0
-0.09108134 -0.1037766 -0.3368238 1

0.1086243 -0.9908912 -0.07959586 0
0.1484924 0.09534524 -0.9843066 0
0.9829297 0.09510039 0.1574968 0
-0.1121897 -0.09036034 -0.2759262 1

0.3759367 -0.9265493 -0.01334114 0
0.3333415 0.1486551 -0.931013 0
0.8646128 0.3455549 0.3647422 0
-0.1078145 -0.1192693 -0.2780534 1

0.1803771 -0.9674904 -0.1772753 0
0.211751 0.2142019 -0.9535613 0
0.960534 0.1344625 0.2435042 0
-0.1168811 -0.0612371 -0.273916 1

-0.07840708 -0.5348892 -0.8412763 0
0.5094854 0.7038493 -0.4949961 0
0.8568998 -0.4674291 0.2173314 0
-0.1130205 -0.08159763 -0.2136324 1

0.61481 -0.210229 -0.7601398 0
-0.6535522 0.4036791 -0.6402447 0
0.4414505 0.8904198 0.1107902 0
-0.1579721 -0.09793907 -0.3899823 1

0.5602117 -0.3571433 -0.7474034 0
-0.6601546 0.3525246 -0.663267 0
0.5003594 0.8649716 -0.03828141 0
-0.174146 -0.0821808 -0.3656827 1

0.8957175 -0.326905 -0.3013691 0
-0.1848077 0.3427495 -0.9210695 0
0.4043964 0.8807137 0.246592 0
-0.09254496 -0.1009161 -0.3749351 1

0.6001944 -0.2357489 -0.7643226 0
-0.6537539 0.4059713 -0.638587 0
0.4608394 0.8829556 0.08953987 0
-0.1385784 -0.1026148 -0.4046022 1

3.718529 -1.473956 -0.001117587 0
1.39697 3.523336 1.278509 0
-0.4701316 -1.188933 3.790173 0
-0.07896224 -0.04606164 -0.3627428 1

-0.4133036 -0.8778365 -0.2420402 0
0.3612068 0.08595029 -0.9285163 0
0.8358886 -0.4711855 0.2815569 0
-0.09850597 -0.06404835 -0.2331163 1

0.2018128 -0.9791285 0.02407155 0
0.6858856 0.1588303 0.710165 0
-0.6991658 -0.1268102 0.7036238 0
-0.09634338 -0.1140761 -0.3101655 1

0.1740249 -0.9719428 -0.1582496 0
0.4029387 0.2169155 -0.8891504 0
0.8985299 0.09096938 0.4293819 0
-0.1093891 -0.0536679 -0.3076493 1

-0.02605065 -0.9996545 -0.003560994 0
0.929538 -0.02553368 0.3678415 0
-0.3678052 0.006272189 0.9298816 0
-0.1063996 -0.08661294 -0.3143246 1

0.6328138 -0.05743862 -0.7721707 0
-0.6450831 0.5124704 -0.5667827 0
0.4282697 0.8567821 0.2872455 0
-0.1027064 -0.08890283 -0.4011766 1

0.5175986 -0.2524601 -0.8175302 0
0.1678979 0.9668715 -0.1922775 0
0.838989 -0.03773917 0.5428387 0
-0.19482 -0.07113731 -0.3863731 1

0.5641288 -0.1947258 -0.8023967 0
-0.3942431 0.7903395 -0.4689741 0
0.7254871 0.5809013 0.3690839 0
-0.162397 -0.08782381 -0.4278682 1

0.5742624 -0.1432933 -0.8060335 0
-0.1914752 0.9337468 -0.302415 0
0.7959651 0.3280011 0.5087783 0
-0.1831399 -0.08237451 -0.4147918 1

-0.4238701 -0.9057225 0.001203001 0
0.09871361 -0.047517 -0.9939809 0
0.9003276 -0.4211998 0.1095483 0
-0.08345118 -0.05494326 -0.2625738 1

0.185666 -0.9755279 -0.1177859 0
-0.5271587 -0.2000487 0.8258841 0
-0.8292361 -0.09124683 -0.5514005 0
-0.0732716 -0.1087917 -0.2862875 1

0.1367562 -0.9837459 -0.1163709 0
0.8403754 0.1774095 -0.5121477 0
0.5244684 -0.02775594 0.8509774 0
-0.09586722 -0.04637939 -0.3374894 1

-0.08830329 -0.9912207 -0.09840901 0
-0.05077842 -0.09418732 0.994259 0
-0.9947984 0.09279327 -0.04201576 0
-0.07005797 -0.08759731 -0.2999434 1

0.8755134 -0.4038045 -0.2653646 0
-0.2704882 0.04549625 -0.9616478 0
0.4003907 0.9137137 -0.06939171 0
-0.1201101 -0.07196218 -0.4257584 1

0.6204008 -0.06616119 -0.7814893 0
0.4762621 0.8234558 0.308376 0
0.6231194 -0.5635105 0.5423824 0
-0.1897048 -0.0412783 -0.3922029 1

0.5489392 -0.1321716 -0.8253462 0
-0.0381803 0.9824238 -0.1827199 0
0.83499 0.131814 0.5342443 0
-0.17743 -0.05770266 -0.4457264 1

0.5798866 -0.06113682 -0.8123999 0
0.3674282 0.9096335 0.1938141 0
0.7271372 -0.4108889 0.5499477 0
-0.1902097 -0.04781574 -0.4260108 1

-0.8657572 0.08430233 0.4933129 0
0.08049371 0.9963332 -0.02899822 0
-0.4939487 0.01460317 -0.8693684 0
0.001622768 -0.3235772 -0.004476647 1

0.7900684 -0.2091293 -0.5762436 0
-0.1332445 -0.9761205 0.1715648 0
-0.5983625 -0.05876659 -0.7990675 0
-0.08983593 -0.353068 0.04692867 1

-0.8570563 0.1639809 0.4884308 0
0.02735964 0.9611471 -0.2746777 0
-0.5144958 -0.2220509 -0.8282436 0
0.006536865 -0.2550504 -0.007563031 1

0.9588883 0.2351902 -0.1588044 0
-0.103663 -0.2306326 -0.9675032 0
-0.2641727 0.9441897 -0.1967704 0
0.08613253 -0.3702528 -0.05506114 1

0.9587812 0.09975938 -0.2660577 0
0.120289 -0.9908024 0.06197518 0
-0.2574281 -0.09142447 -0.9619627 0
0.07264201 -0.400267 -0.1809703 1

-0.848067 0.0521791 0.5273135 0
-0.2014128 0.8887057 -0.4118678 0
-0.4901174 -0.4554992 -0.7431725 0
0.008732039 -0.1779337 -0.02960153 1

0.895872 0.0410139 -0.442415 0
0.4100342 -0.4598276 0.7876741 0
-0.171129 -0.8870605 -0.4287638 0
-0.1071787 -0.4801175 0.06925914 1

-0.8298301 -0.05078917 0.5557001 0
-0.4014661 0.7459984 -0.5313298 0
-0.3875656 -0.6640081 -0.639442 0
-0.009736722 -0.09644288 -0.06736818 1

0.983546 -0.0259612 -0.1787828 0
-0.1406793 -0.7309393 -0.667785 0
-0.1133429 0.6819484 -0.7225648 0
0.08582696 -0.5088693 -0.1741772 1

0.8324713 0.08147043 -0.5480456 0
-0.3458531 -0.6963601 -0.6288627 0
-0.4328708 0.7130534 -0.5515229 0
-0.06241921 -0.5303125 0.155242 1

-0.8714703 -0.02847055 0.4896212 0
-0.2219855 0.9130985 -0.3420141 0
-0.4373351 -0.4067439 -0.8020583 0
-0.05115116 -0.0194872 -0.1221791 1

0.9662412 -0.02844991 -0.2560634 0
-0.2575732 -0.08421189 -0.9625822 0
0.005821783 0.9960416 -0.08869695 0
0.07114771 -0.5851396 -0.2438576 1

-0.6679847 -0.6885036 -0.2824167 0
0.6996311 -0.4516939 -0.5536146 0
0.2535999 -0.5673934 0.7834231 0
-0.008778805 -0.02845591 -0.1387622 1

0.8755484 0.03458756 -0.4818906 0
-0.4831218 0.05675324 -0.8737119 0
-0.002870642 0.9977889 0.06640035 0
-0.09804091 -0.6020352 0.09047126 1

-0.006293654 0.7168799 0.6971684 0
-0.722666 -0.4851408 0.4923338 0
0.6911689 -0.5007212 0.5211179 0
-0.08154096 -0.03269881 -0.08972961 1

-0.9798222 -0.1581397 0.1222306 0
-0.1926593 0.9100652 -0.3669654 0
-0.05320606 -0.3831097 -0.9221693 0
-0.05772176 0.05997789 -0.1292533 1

-0.348536 0.2534193 0.9023865 0
-0.5635279 -0.8259732 0.01430409 0
0.7489721 -0.5035343 0.4306902 0
-0.1484935 -0.07764548 -0.0441166 1

-0.8474205 0.2481125 -0.4693813 0
0.123613 -0.7675863 -0.6289128 0
-0.5163317 -0.5909752 0.6197984 0
0.05603652 -0.07030183 -0.1900502 1

-0.1566074 -0.9604608 -0.2301942 0
0.4155914 0.147349 -0.8975369 0
0.8959678 -0.2362276 0.3760832 0
-0.1963627 -0.1478083 -0.04290151 1

0.5434843 0.3458746 -0.7648502 0
-0.8353456 0.1331898 -0.5333466 0
-0.08260092 0.9287797 0.3613116 0
0.06655952 -0.1356452 -0.2435886 1

0.2016044 -0.9390529 -0.2784517 0
0.0818367 0.2994445 -0.9505978 0
0.9760423 0.168857 0.1372184 0
-0.1195458 -0.1205726 -0.2088001 1

0.5215957 -0.3683375 -0.7695879 0
-0.8020483 0.09592263 -0.5895062 0
0.2909579 0.9247305 -0.2453916 0
-0.08785205 -0.1110255 -0.3421764 1

0.1175674 -0.9898926 -0.07931438 0
0.1223036 0.09369334 -0.9880607 0
0.9855047 0.1064632 0.1320827 0
-0.1130608 -0.09619492 -0.2865941 1

0.385749 -0.9223849 -0.02009642 0
0.3078462 0.1492165 -0.9396623 0
0.869729 0.3562871 0.3415128 0
-0.1084202 -0.1250608 -0.2887439 1

0.1865443 -0.9660275 -0.1788633 0
0.1849999 0.2133423 -0.9593021 0
0.9648713 0.1458625 0.2185128 0
-0.1180229 -0.0671187 -0.2845538 1

-0.09386086 -0.5385252 -0.8373655 0
0.4888578 0.7077718 -0.5099776 0
0.8672996 -0.4572196 0.1968301 0
-0.112402 -0.08723408 -0.2243263 1

0.6074773 -0.204088 -0.7676716 0
-0.6701928 0.3870889 -0.6332488 0
0.4263954 0.899172 0.09836935 0
-0.1556066 -0.1067933 -0.3943844 1

0.5558094 -0.3518946 -0.7531576 0
-0.6761782 0.3356628 -0.6558309 0
0.48359 0.8737854 -0.05137874 0
-0.1717151 -0.09116894 -0.3699554 1

0.8971543 -0.3123732 -0.3123097 0
-0.2045358 0.3328899 -0.9205159 0
0.3915092 0.8897231 0.2347622 0
-0.08992335 -0.1084564 -0.3802803 1

0.593279 -0.2299019 -0.7714696 0
-0.6704132 0.3893883 -0.631604 0
0.445608 0.8919204 0.07688667 0
-0.1363443 -0.111211 -0.4092563 1

3.733445 -1.432839 -0.09146512 0
1.389839 3.542778 1.231695 0
-0.3601948 -1.181396 3.804545 0
-0.0825499 -0.05182219 -0.3743649 1

-0.4095532 -0.8831453 -0.2287375 0
0.3364612 0.08683191 -0.9376855 0
0.8479742 -0.4609933 0.2615818 0
-0.09858435 -0.06959087 -0.2442277 1

0.2132296 -0.9767566 0.02190599 0
0.7019446 0.1687557 0.6919507 0
-0.6795642 -0.1321676 0.7216128 0
-0.09782915 -0.1198485 -0.3211538 1

0.1807287 -0.970486 -0.1596683 0
0.3777242 0.21838 -0.8997972 0
0.9081089 0.1023085 0.4060436 0
-0.1114771 -0.05957985 -0.3184902 1

-0.0150214 -0.9998872 0.0001572892 0
0.9388323 -0.01405002 0.3440884 0
-0.3440473 0.005316392 0.9389377 0
-0.1082927 -0.09251195 -0.3251389 1

0.6224617 -0.05107787 -0.7809817 0
-0.6626779 0.4965239 -0.5606444 0
0.4164125 0.8665188 0.275219 0
-0.1006873 -0.09681505 -0.4064491 1

0.510242 -0.2485048 -0.823346 0
0.1470859 0.9684546 -0.2011501 0
0.84736 -0.01846737 0.5306979 0
-0.1928897 -0.08065289 -0.3904128 1

0.555907 -0.189817 -0.8092819 0
-0.4156471 0.7796519 -0.468381 0
0.7198647 0.5967516 0.354517 0
-0.1607698 -0.09702426 -0.4322679 1

0.565029 -0.1382324 -0.8134091 0
-0.2131753 0.927932 -0.3057753 0
0.7970563 0.3461705 0.4948407 0
-0.1814178 -0.09186882 -0.4189247 1

-0.4136099 -0.9103343 0.01478003 0
0.07388517 -0.04974093 -0.9960257 0
0.9074514 -0.4108739 0.08783361 0
-0.08438691 -0.06041867 -0.2740872 1

0.1934357 -0.9738076 -0.1195038 0
-0.5036954 -0.2030958 0.8396689 0
-0.8419467 -0.1022285 -0.5297885 0
-0.07421684 -0.1142303 -0.2978883 1

0.1446722 -0.98256 -0.1168167 0
0.8250338 0.18496 -0.533956 0
0.5462502 -0.01912919 0.8374037 0
-0.09880157 -0.05224222 -0.3486875 1

-0.0797597 -0.9924573 -0.09309725 0
-0.02438661 -0.09142409 0.9955138 0
-0.9965158 0.08167217 -0.0169107 0
-0.07158786 -0.09304732 -0.3116864 1

0.878909 -0.3893817 -0.2755017 0
-0.2852596 0.03383049 -0.9578531 0
0.3822908 0.920455 -0.08134097 0
-0.1187588 -0.08036947 -0.4308847 1

0.6100787 -0.06009284 -0.7900589 0
0.4653184 0.8342323 0.2958636 0
0.6413136 -0.548129 0.5369095 0
-0.1884156 -0.05074549 -0.3965157 1

0.539225 -0.1277147 -0.8324215 0
-0.05908482 0.9802613 -0.1886709 0
0.8400867 0.1509193 0.5210356 0
-0.1766184 -0.06731039 -0.4501033 1

0.5690325 -0.05603207 -0.8204041 0
0.3532455 0.9175886 0.1823417 0
0.7425766 -0.3935623 0.5419309 0
-0.1892911 -0.0575251 -0.4302683 1

-0.848814 0.1234523 0.5140762 0
0.1113806 0.9922885 -0.05438663 0
-0.516826 0.01109397 -0.8560185 0
-0.002198476 -0.3148313 -0.007245233 1

0.8491673 -0.364739 -0.3819427 0
-0.1771322 -0.8780145 0.4446512 0
-0.4975328 -0.3099289 -0.8101884 0
-0.09311029 -0.3401722 0.04725052 1

-0.8424444 0.2012301 0.4997939 0
0.04952158 0.9526277 -0.3000801 0
-0.5365026 -0.2280502 -0.8125011 0
0.004810671 -0.2465871 -0.01206056 1

0.9383434 0.305086 -0.1625859 0
-0.0679588 -0.2983393 -0.9520373 0
-0.338959 0.9043872 -0.2592114 0
0.07936573 -0.3653532 -0.05895726 1

0.9537717 0.1757752 -0.243767 0
0.1038662 -0.9539322 -0.2814696 0
-0.2820125 0.2431387 -0.9280908 0
0.0705217 -0.4041785 -0.1828537 1

-0.8384568 0.0913681 0.5372542 0
-0.1838768 0.8806029 -0.4367239 0
-0.5130103 -0.4649627 -0.7215471 0
0.008783986 -0.1701539 -0.0361372 1

0.907627 -0.0357317 -0.4182543 0
0.3505222 -0.4837131 0.8019699 0
-0.2309708 -0.8744969 -0.4265063 0
-0.1161654 -0.4544525 0.1051253 1

-0.8232303 -0.01611418 0.5674788 0
-0.3928204 0.7378313 -0.5489053 0
-0.4098584 -0.6747928 -0.6137351 0
-0.008076792 -0.08940607 -0.07618307 1

0.97956 -0.03089774 -0.1987653 0
-0.18294 -0.5476975 -0.8164313 0
-0.08363739 0.8361056 -0.5421551 0
0.08190654 -0.5087395 -0.2137057 1

0.8496313 -0.02008079 -0.5269947 0
-0.2548145 -0.8905212 -0.3768842 0
-0.4617317 0.4544985 -0.7617314 0
-0.07790224 -0.5072548 0.1926687 1

-0.8652529 0.0002157614 0.5013357 0
-0.2106055 0.9073265 -0.3638735 0
-0.4549537 -0.4204267 -0.7850214 0
-0.04859936 -0.01329285 -0.132807 1

0.9584253 -0.05401525 -0.2801845 0
-0.2720867 0.1228182 -0.9544026 0
0.08596399 0.9909583 0.1030152 0
0.06281753 -0.5658894 -0.2988968 1

-0.6935315 -0.6777567 -0.2442536 0
0.6738158 -0.490272 -0.5528162 0
0.2549242 -0.5479774 0.7967024 0
-0.00664866 -0.02366441 -0.1496422 1

0.8462554 0.04051256 -0.5312349 0
-0.528038 0.19648 -0.8261788 0
0.07090648 0.9796705 0.1876645 0
-0.1041473 -0.5989755 0.1538509 1

-0.04035807 0.7490901 0.6612376 0
-0.7264432 -0.4763733 0.4953269 0
0.6860403 -0.4603611 0.563397 0
-0.07882366 -0.02485776 -0.09958353 1

-0.979101 -0.1588412 0.1270072 0
-0.1952634 0.9088163 -0.3686803 0
-0.05686459 -0.385775 -0.9208387 0
-0.05388124 0.06605631 -0.1419571 1

-0.3293364 0.2533257 0.9095953 0
-0.4968634 -0.8656687 0.06119314 0
0.8029099 -0.4317916 0.4109645 0
-0.1461261 -0.06899208 -0.05369318 1

-0.8332596 0.2444077 -0.4959268 0
0.1297474 -0.7854929 -0.6051171 0
-0.5374421 -0.5685647 0.6228082 0
0.05577508 -0.06908429 -0.2008563 1

-0.089191 -0.974365 -0.2065384 0
0.3691479 0.160259 -0.9154491 0
0.9250809 -0.1578931 0.345391 0
-0.1883325 -0.1425268 -0.04849511 1

0.5496547 0.3292081 -0.7677902 0
-0.8339692 0.1626181 -0.5273052 0
-0.04873669 0.9301493 0.3639333 0
0.06682029 -0.1359521 -0.252369 1

0.2144825 -0.9326486 -0.2901102 0
0.06523332 0.3100377 -0.9484837 0
0.974547 0.1845083 0.1273374 0
-0.1201001 -0.1129049 -0.2177045 1

0.5135334 -0.3602785 -0.7787702 0
-0.8132777 0.0850376 -0.5756287 0
0.2736112 0.9289609 -0.2493366 0
-0.0873369 -0.1058925 -0.3498401 1

0.1337327 -0.986876 -0.09050708 0
0.1088051 0.1053967 -0.98846 0
0.9850264 0.1223418 0.121472 0
-0.1149716 -0.08766395 -0.2953243 1

0.4013957 -0.915281 -0.03379728 0
0.2939255 0.163674 -0.9417107 0
0.8674614 0.3680648 0.3347222 0
-0.1098579 -0.1164223 -0.2978148 1

0.2010872 -0.9608469 -0.1906231 0
0.1697605 0.225836 -0.9592599 0
0.9647514 0.1605346 0.2085263 0
-0.1204117 -0.05869979 -0.2929374 1

-0.09455577 -0.5319272 -0.8414943 0
0.4703768 0.7211036 -0.5086801 0
0.8773851 -0.443918 0.1820216 0
-0.1137214 -0.07929784 -0.2329829 1

0.5971028 -0.1948307 -0.7781449 0
-0.6863214 0.3780782 -0.6213052 0
0.4152488 0.9050404 0.09203531 0
-0.1560264 -0.1025777 -0.4008796 1

0.5477868 -0.3433661 -0.7629086 0
-0.6919632 0.3265913 -0.6438365 0
0.4702307 0.8805898 -0.05869424 0
-0.1719347 -0.08720303 -0.3761624 1

0.8960185 -0.2993767 -0.3279091 0
-0.2249189 0.3307173 -0.9165356 0
0.3828346 0.8949862 0.2289934 0
-0.09009483 -0.1033217 -0.3879004 1

0.5832084 -0.22084 -0.7817277 0
-0.686546 0.380373 -0.6196542 0
0.4341924 0.8980793 0.07022012 0
-0.1369604 -0.1067097 -0.4160827 1

3.756332 -1.366575 -0.1497924 0
1.342949 3.554349 1.250236 0
-0.294032 -1.224367 3.79664 0
-0.08628844 -0.04191625 -0.3830054 1

-0.3969113 -0.8878897 -0.2326229 0
0.3236382 0.1017814 -0.9406906 0
0.8589062 -0.4486564 0.2469566 0
-0.100451 -0.06122398 -0.2528703 1

0.23036 -0.973057 0.009700522 0
0.7071644 0.1742443 0.6852431 0
-0.6684709 -0.1509928 0.7282501 0
-0.09974818 -0.1107118 -0.3302944 1

0.1955803 -0.9655923 -0.1714058 0
0.3630682 0.2336549 -0.9019907 0
0.9110049 0.1141795 0.3962742 0
-0.1144048 -0.05071896 -0.3268723 1

0.002299473 -0.9999516 -0.009576593 0
0.9429935 -0.0010188 0.3328096 0
-0.3328032 -0.009795889 0.9429456 0
-0.1107306 -0.08352447 -0.3338844 1

0.6096914 -0.04161262 -0.791546 0
-0.6791164 0.4875491 -0.5487231 0
0.4087511 0.8721035 0.2689946 0
-0.1014678 -0.09181243 -0.4138691 1

0.4995689 -0.2405744 -0.832199 0
0.1299114 0.9706064 -0.2025996 0
0.8564779 -0.006899912 0.5161382 0
-0.1936023 -0.07697117 -0.3962444 1

0.5446324 -0.1812573 -0.8188537 0
-0.4345764 0.7740716 -0.4603879 0
0.7173001 0.6065965 0.3428146 0
-0.1619736 -0.0928514 -0.4386588 1

0.5529517 -0.1295453 -0.823081 0
-0.2314748 0.925071 -0.3011038 0
0.8004149 0.3570183 0.4815333 0
-0.1824616 -0.088 -0.4249597 1

-0.3975762 -0.9175076 0.01064404 0
0.06278595 -0.03877573 -0.9972736 0
0.9154186 -0.3958237 0.07302269 0
-0.08677365 -0.05151623 -0.2828032 1

0.2088237 -0.9690816 -0.1314292 0
-0.4899972 -0.2199866 0.8435102 0
-0.8463427 -0.1117449 -0.5207855 0
-0.07595935 -0.1049089 -0.3072551 1

0.1602548 -0.9787083 -0.1282526 0
0.8152446 0.2044897 -0.5418122 0
0.5565023 -0.01772937 0.8306569 0
-0.1022213 -0.04286879 -0.3571433 1

-0.06367152 -0.9927468 -0.101981 0
-0.01085988 -0.1014931 0.9947773 0
-0.9979118 0.06444643 -0.004318744 0
-0.07386325 -0.08355039 -0.3208727 1

0.8794962 -0.3766663 -0.2908771 0
-0.3020293 0.03057509 -0.9528083 0
0.3677842 0.9258445 -0.08687341 0
-0.120185 -0.0756045 -0.4379753 1

0.5972837 -0.0507945 -0.8004201 0
0.4584544 0.8404959 0.2887671 0
0.6580821 -0.5394319 0.5253014 0
-0.1896568 -0.04699844 -0.4023909 1

0.5266807 -0.1193786 -0.8416392 0
-0.07616219 0.9794814 -0.1865906 0
0.8466445 0.1623747 0.5067817 0
-0.1785434 -0.06335038 -0.4561895 1

0.5556719 -0.04729063 -0.8300557 0
0.3432907 0.92235 0.1772636 0
0.7572192 -0.3834506 0.5287585 0
-0.1910127 -0.0537619 -0.4361309 1

-0.8142183 0.1749226 0.5535799 0
0.1547029 0.9844242 -0.08352192 0
-0.5595673 0.01763538 -0.8285972 0
-0.0002646846 -0.3121727 -0.00247714 1

0.8240752 -0.4626515 -0.3268854 0
-0.3001676 -0.8460034 0.4406562 0
-0.4804162 -0.2650134 -0.8360431 0
-0.08930466 -0.3319599 0.05716562 1

-0.8084412 0.2372441 0.5386448 0
0.06516956 0.9456185 -0.3186826 0
-0.584958 -0.2225328 -0.7799379 0
0.009669624 -0.244461 -0.009261372 1

0.9335868 0.3341534 -0.1294504 0
-0.02316129 -0.3042173 -0.9523212 0
-0.3576024 0.8920727 -0.2762736 0
0.07604615 -0.3676365 -0.05706413 1

0.952686 0.2088785 -0.2208154 0
0.1154603 -0.9207044 -0.3727905 0
-0.2811735 0.3296567 -0.9012591 0
0.07303198 -0.4072268 -0.1809975 1

-0.8036882 0.1316326 0.5803087 0
-0.1791836 0.8764253 -0.4469584 0
-0.5674316 -0.463197 -0.6807864 0
0.01489844 -0.1685902 -0.03483056 1

0.8637004 -0.1550272 -0.4795712 0
0.3542756 -0.4900447 0.7964578 0
-0.3584839 -0.8578013 -0.3683293 0
-0.1283738 -0.4420736 0.1145204 1

-0.7843554 0.020872 0.6199606 0
-0.4061187 0.7381814 -0.5386611 0
-0.4688863 -0.6742792 -0.5705199 0
-0.001531981 -0.08822548 -0.07581488 1

0.9746668 -0.02501084 -0.2222593 0
-0.2094108 -0.4510939 -0.8675607 0
-0.07856127 0.892126 -0.4449037 0
0.08568764 -0.5081457 -0.2218593 1

0.8378869 -0.2543805 -0.4829455 0
-0.1212203 -0.9493921 0.2897593 0
-0.5322136 -0.1842427 -0.826319 0
-0.08970087 -0.4955671 0.2014621 1

-0.8331785 0.02928942 0.552228 0
-0.2090841 0.907786 -0.3636051 0
-0.5119546 -0.41841 -0.7502237 0
-0.04342637 -0.01207614 -0.1313821 1

0.9281397 -0.1778683 -0.3269861 0
-0.2876983 0.2146146 -0.933365 0
0.2361921 0.9603664 0.14802 0
0.06383658 -0.5552154 -0.3123854 1

-0.7343218 -0.6562018 -0.1736973 0
0.6118623 -0.5290663 -0.587974 0
0.2939321 -0.5380409 0.7900099 0
-0.002993205 -0.02407736 -0.1506689 1

0.7979781 -0.002817541 -0.6026803 0
-0.5949177 -0.1637294 -0.7869345 0
-0.09645923 0.9865014 -0.1323287 0
-0.1021862 -0.5933512 0.2313063 1

-0.007754087 0.7731422 0.6341854 0
-0.7047659 -0.454142 0.5450322 0
0.7093976 -0.442726 0.5484056 0
-0.07173338 -0.02202183 -0.09601468 1

-0.9789224 -0.1572917 0.1302703 0
-0.1935016 0.9183519 -0.3452353 0
-0.06533128 -0.363166 -0.9294311 0
-0.0472368 0.06726027 -0.141339 1

-0.3326881 0.2247172 0.9158717 0
-0.4452941 -0.8935372 0.05748537 0
0.8312833 -0.3887076 0.3973342 0
-0.1370275 -0.06409651 -0.04551931 1

-0.8045185 0.1875166 -0.563549 0
0.204571 -0.8033018 -0.5593363 0
-0.5575849 -0.5652822 0.6079106 0
0.05369104 -0.07309121 -0.2051401 1

-0.05796799 -0.9806842 -0.1868109 0
0.3362869 0.1570076 -0.9285794 0
0.9399738 -0.1166498 0.3206898 0
-0.1748533 -0.1399986 -0.0406362 1

0.5600965 0.3081486 -0.7689841 0
-0.8284141 0.2030432 -0.5220188 0
-0.004722565 0.9294183 0.368998 0
0.07110585 -0.1414751 -0.2527556 1

0.232533 -0.9310058 -0.2813479 0
0.07595959 0.3057781 -0.9490677 0
0.9696177 0.1993186 0.1418222 0
-0.1126948 -0.1109777 -0.2122726 1

0.5268472 -0.3542311 -0.772627 0
-0.8074758 0.07520128 -0.5850879 0
0.2653589 0.9321295 -0.2464134 0
-0.08202449 -0.103943 -0.3492495 1

0.1493827 -0.9853104 -0.08275396 0
0.1231129 0.1015761 -0.9871804 0
0.9810851 0.1372795 0.1364781 0
-0.1066867 -0.0860883 -0.2899427 1

0.4150419 -0.9095319 -0.0221878 0
0.3066 0.1627868 -0.937815 0
0.8565845 0.3824296 0.346426 0
-0.1011196 -0.1147826 -0.292188 1

0.2179518 -0.9588531 -0.1819286 0
0.1818492 0.2230443 -0.9576963 0
0.958868 0.1756482 0.2229795 0
-0.1125814 -0.05719358 -0.2878076 1

-0.07336828 -0.5378207 -0.8398607 0
0.4680282 0.725069 -0.5051975 0
0.8806627 -0.430144 0.198518 0
-0.1065571 -0.07736534 -0.2276379 1

0.6084174 -0.1877945 -0.7710784 0
-0.6835125 0.3697334 -0.629371 0
0.4032858 0.9099618 0.09659219 0
-0.1501495 -0.101459 -0.4010865 1

0.5607085 -0.3369072 -0.7563727 0
-0.6882747 0.3181789 -0.651951 0
0.4603089 0.8861468 -0.05347917 0
-0.1665275 -0.08627194 -0.376561 1

0.9032974 -0.2886812 -0.31736 0
-0.2181679 0.3278519 -0.9191929 0
0.3694009 0.8995424 0.2331665 0
-0.0843694 -0.1014116 -0.38734 1

0.5948778 -0.2139688 -0.7748147 0
-0.6837838 0.3720258 -0.6277236 0
0.4225642 0.9032246 0.07500133 0
-0.1308595 -0.105365 -0.4160653 1

3.777566 -1.312732 -0.08206713 0
1.271336 3.580219 1.251296 0
-0.3372002 -1.207796 3.798359 0
-0.07726356 -0.04040784 -0.3774135 1

-0.380286 -0.8948091 -0.2338794 0
0.337182 0.1013384 -0.9359694 0
0.8612148 -0.434796 0.2631758 0
-0.09323154 -0.05920953 -0.2474134 1

0.2441812 -0.9695455 0.01890267 0
0.6934975 0.1882169 0.6954395 0
-0.6778179 -0.1567042 0.7183362 0
-0.09057363 -0.1091032 -0.3245341 1

0.2122064 -0.963573 -0.1627751 0
0.3740808 0.2339789 -0.8973948 0
0.9027911 0.129542 0.4101058 0
-0.1061467 -0.04931146 -0.3216871 1

0.01687053 -0.9998503 -0.003858104 0
0.9374512 0.01447559 0.3478155 0
-0.3477075 -0.00948447 0.9375552 0
-0.1018878 -0.08209795 -0.3284531 1

0.6193262 -0.03443895 -0.7843781 0
-0.6784645 0.4792945 -0.5567431 0
0.3951218 0.8769785 0.2734739 0
-0.09557599 -0.09004354 -0.413443 1

0.5120743 -0.2347114 -0.8262509 0
0.1206362 0.9720591 -0.2013658 0
0.8504276 0.003438331 0.5260809 0
-0.1880806 -0.07630342 -0.396897 1

0.5562661 -0.1748569 -0.8123997 0
-0.4384171 0.7687386 -0.4656521 0
0.7059455 0.6151962 0.3509626 0
-0.1557721 -0.09181076 -0.4389355 1

0.5640146 -0.1230497 -0.8165454 0
-0.2390069 0.9221845 -0.3040588 0
0.7904199 0.3666537 0.4907155 0
-0.1764749 -0.08720273 -0.4254774 1

-0.384425 -0.9231073 0.009510249 0
0.07932454 -0.04329473 -0.9959083 0
0.9197419 -0.3820975 0.08986858 0
-0.07921724 -0.04946762 -0.2771789 1

0.224856 -0.9666518 -0.122573 0
-0.5002394 -0.2224724 0.8368196 0
-0.8361822 -0.1268481 -0.5335814 0
-0.06724349 -0.1028302 -0.3011514 1

0.1763861 -0.9769647 -0.1201174 0
0.8207958 0.2133399 -0.5298869 0
0.5433065 -0.005127042 0.8395188 0
-0.09359374 -0.04145032 -0.3518039 1

-0.04770698 -0.9941069 -0.09734296 0
-0.0253481 -0.09621763 0.9950377 0
-0.9985398 0.04993774 -0.02060831 0
-0.06523743 -0.08151811 -0.3148549 1

0.8872707 -0.3661571 -0.2804996 0
-0.2912527 0.02680219 -0.9562707 0
0.3576632 0.9301671 -0.08286341 0
-0.1142037 -0.07406467 -0.4377704 1

0.6071337 -0.04377021 -0.7933935 0
0.4449659 0.8459711 0.2938334 0
0.658327 -0.5314294 0.5330937 0
-0.1844228 -0.04628664 -0.4030063 1

0.5378416 -0.1132011 -0.8354112 0
-0.08570161 0.978469 -0.1877609 0
0.8386788 0.1725814 0.5165595 0
-0.1724884 -0.06251311 -0.4566669 1

0.5658311 -0.04076967 -0.8235129 0
0.3301376 0.9264226 0.1809713 0
0.7555429 -0.3742716 0.5376579 0
-0.1853044 -0.05307132 -0.4367577 1

-0.7790297 0.2123281 0.5899402 0
0.1896976 0.9766334 -0.1010046 0
-0.5976015 0.03322461 -0.8011046 0
0.002082728 -0.3165575 -0.006564572 1

0.887517 -0.383958 -0.2547347 0
-0.3794664 -0.9226577 0.06861625 0
-0.2613787 0.03576519 -0.9645735 0
-0.08470625 -0.3322285 0.05745887 1

-0.7736565 0.2605949 0.5775343 0
0.06862689 0.940607 -0.332489 0
-0.6298777 -0.2175979 -0.7455906 0
0.01437549 -0.2493619 -0.01451638 1

0.9373515 0.3360986 -0.09170446 0
0.02138636 -0.3182431 -0.9477679 0
-0.3477277 0.8864305 -0.3054936 0
0.0734054 -0.3755166 -0.06415116 1

0.9556386 0.194572 -0.2211256 0
0.1051053 -0.9265898 -0.3610877 0
-0.2751503 0.3218279 -0.9059356 0
0.07618857 -0.4169322 -0.187492 1

-0.7643332 0.1576414 0.6252551 0
-0.1873881 0.8735068 -0.4493012 0
-0.616993 -0.4605812 -0.6381101 0
0.01988171 -0.1738932 -0.04119331 1

0.9035723 -0.1744861 -0.3912952 0
0.3438648 -0.2494477 0.9052805 0
-0.2555665 -0.9525391 -0.1653944 0
-0.1340967 -0.4523194 0.06638979 1

-0.7362163 0.04192244 0.6754466 0
-0.4310598 0.7403674 -0.515794 0
-0.5217021 -0.6708938 -0.5269995 0
0.002698956 -0.09379607 -0.08239245 1

0.9814052 -0.06606314 -0.1802202 0
-0.1887948 -0.5016896 -0.8441945 0
-0.03464449 0.8625215 -0.5048332 0
0.08770923 -0.5184962 -0.227071 1

0.8522016 -0.3484197 -0.3903282 0
-0.03349514 -0.780821 0.6238565 0
-0.5221403 -0.5185776 -0.6770871 0
-0.09656024 -0.4795493 0.1652106 1

-0.7947799 0.04443301 0.6052691 0
-0.2181898 0.9097146 -0.3532879 0
-0.5663198 -0.4128498 -0.7133281 0
-0.04176832 -0.01742131 -0.1356007 1

0.9282594 -0.2276689 -0.2941108 0
-0.2236042 0.2902962 -0.9304459 0
0.2972128 0.9294595 0.2185626 0
0.06800935 -0.5708452 -0.315159 1

-0.7414119 -0.6491643 -0.1699837 0
0.5943554 -0.5176612 -0.6154419 0
0.3115289 -0.5573266 0.7696344 0
-0.003085335 -0.03037912 -0.1576592 1

0.8345155 -0.2036588 -0.5119638 0
-0.4344328 -0.8147282 -0.3840396 0
-0.3388982 0.5429009 -0.7683793 0
-0.1000101 -0.5599712 0.2294658 1

0.07075357 0.7842308 0.6164219 0
-0.6682011 -0.4215614 0.6130199 0
0.7406087 -0.455267 0.4941969 0
-0.06757893 -0.02647561 -0.09814557 1

-0.9788667 -0.1530201 0.1356643 0
-0.1889345 0.9305622 -0.3136202 0
-0.0782539 -0.3326241 -0.9398073 0
-0.04498226 0.0619303 -0.1456462 1

-0.2873542 0.2115106 0.9341792 0
-0.4505476 -0.8905241 0.06303792 0
0.8452424 -0.4027779 0.3511913 0
-0.1294854 -0.06553179 -0.0413514 1

-0.8188511 0.1610793 -0.5509415 0
0.2111953 -0.8079426 -0.550114 0
-0.5337411 -0.5668175 0.6275654 0
0.05197702 -0.0783363 -0.214675 1

-0.09497124 -0.9815688 -0.1658415 0
0.279071 0.1336625 -0.9509227 0
0.9555627 -0.1365917 0.2612332 0
-0.1677575 -0.1411779 -0.0359966 1

0.5239745 0.3043222 -0.7955115 0
-0.8511645 0.2212394 -0.4759963 0
0.03114244 0.9265211 0.374952 0
0.06995575 -0.1471153 -0.2615054 1

0.2277226 -0.9303651 -0.2873376 0
0.07165456 0.3103024 -0.9479338 0
0.9710863 0.1952772 0.1373276 0
-0.1161747 -0.1164721 -0.2117629 1

0.5249764 -0.3457218 -0.7777378 0
-0.807564 0.08623373 -0.583442 0
0.2687759 0.9343665 -0.2339218 0
-0.08737992 -0.1062197 -0.3494921 1

0.145508 -0.9853863 -0.08855151 0
0.1178862 0.1061348 -0.9873391 0
0.9823087 0.1332269 0.1316068 0
-0.1105193 -0.09121174 -0.2893397 1

0.411765 -0.910825 -0.02911097 0
0.3018596 0.1664667 -0.9387064 0
0.8598434 0.3777393 0.3434861 0
-0.1050642 -0.1199133 -0.2917606 1

0.213607 -0.9586638 -0.1879787 0
0.1772073 0.2272507 -0.9575776 0
0.9607131 0.1712343 0.2184245 0
-0.116302 -0.06230813 -0.2870259 1

-0.07996771 -0.5333205 -0.8421248 0
0.4676699 0.7260019 -0.5041891 0
0.8802783 -0.4341551 0.191361 0
-0.1100078 -0.08280385 -0.2269935 1

0.6071862 -0.1796354 -0.7739871 0
-0.6824992 0.380863 -0.6238096 0
0.4068413 0.9070142 0.1086537 0
-0.1555288 -0.1027709 -0.4012425 1

0.5589147 -0.32875 -0.7612737 0
-0.6874743 0.3296384 -0.6470842 0
0.4636742 0.8850209 -0.04176743 0
-0.1718324 -0.08785564 -0.3765015 1

0.9019736 -0.2878037 -0.3218889 0
-0.217509 0.3411385 -0.9145024 0
0.373006 0.8948709 0.245098 0
-0.08974005 -0.1031623 -0.3875431 1

0.5935439 -0.2057045 -0.7780688 0
-0.6827605 0.3831334 -0.6221308 0
0.4260796 0.9004967 0.08695972 0
-0.1362638 -0.106547 -0.4162866 1

3.772484 -1.325235 -0.110063 0
1.290744 3.569481 1.262058 0
-0.3199146 -1.225789 3.794087 0
-0.08143299 -0.04519141 -0.3767449 1

-0.3846899 -0.892309 -0.2362172 0
0.3322389 0.1049052 -0.9373432 0
0.8611801 -0.4390668 0.2561037 0
-0.09673139 -0.06459421 -0.2467526 1

0.2409331 -0.9704596 0.0126445 0
0.69806 0.1823273 0.6924372 0
-0.6742878 -0.1580046 0.7213676 0
-0.09468143 -0.1141068 -0.324137 1

0.2079534 -0.9634606 -0.1688169 0
0.3698131 0.2372222 -0.8983119 0
0.9055351 0.1243767 0.4056313 0
-0.1100316 -0.05427724 -0.3209013 1

0.01339397 -0.99987 -0.008980289 0
0.9394452 0.009507976 0.3425679 0
-0.3424379 -0.01302508 0.9394503 0
-0.1059243 -0.08704358 -0.3278561 1

0.6186755 -0.02615629 -0.785211 0
-0.6769829 0.4894073 -0.5497043 0
0.3986663 0.8716629 0.285077 0
-0.10092 -0.09139794 -0.4134814 1

0.5106277 -0.2254292 -0.8297235 0
0.1242373 0.9742347 -0.1882337 0
0.8507789 -0.006965071 0.525478 0
-0.1933603 -0.07752937 -0.3966851 1

0.5550581 -0.165938 -0.8150921 0
-0.4357658 0.7766657 -0.4548613 0
0.7085329 0.6076638 0.3587845 0
-0.1611392 -0.09258813 -0.4389529 1

0.5630028 -0.1141094 -0.8185395 0
-0.2356621 0.9271376 -0.2913404 0
0.7921436 0.3569243 0.4950899 0
-0.1818153 -0.08808398 -0.425419 1

-0.3875522 -0.9218211 0.007046759 0
0.07354903 -0.03853913 -0.9965465 0
0.9189091 -0.3856951 0.08273488 0
-0.08285186 -0.05475032 -0.2765476 1

0.2208192 -0.9667856 -0.1287033 0
-0.4962712 -0.2249779 0.8385109 0
-0.8396157 -0.1212878 -0.5294672 0
-0.07119808 -0.1080319 -0.3008556 1

0.1723288 -0.9769447 -0.1260248 0
0.8185225 0.2131982 -0.5334488 0
0.5480179 -0.01122543 0.8363912 0
-0.09762184 -0.04630727 -0.3510488 1

-0.05169013 -0.9934337 -0.1020679 0
-0.02006054 -0.1011511 0.994669 0
-0.9984617 0.05346183 -0.01470026 0
-0.06919584 -0.08665788 -0.3144628 1

0.8856738 -0.365711 -0.2860724 0
-0.2917735 0.04090224 -0.9556125 0
0.3611792 0.9298294 -0.07047872 0
-0.1195021 -0.07501882 -0.4375765 1

0.6064413 -0.03531733 -0.7943435 0
0.4484045 0.8401914 0.3049783 0
0.6566298 -0.5411386 0.5253634 0
-0.1895912 -0.04744667 -0.4023886 1

0.5368555 -0.1039054 -0.8372513 0
-0.0820654 0.9812499 -0.1743975 0
0.8396735 0.1623355 0.5182623 0
-0.1777543 -0.06298852 -0.4562731 1

0.5651308 -0.03174981 -0.8243903 0
0.3338121 0.9226076 0.1933002 0
0.7544516 -0.3844312 0.5319924 0
-0.190521 -0.05376893 -0.4362285 1

-0.753913 0.2175128 0.619922 0
0.2083907 0.9740486 -0.08833291 0
-0.6230477 0.06259066 -0.7796756 0
0.004942587 -0.323041 -0.006843686 1

0.901864 -0.3604058 -0.2382202 0
-0.4178618 -0.8677174 -0.2691802 0
-0.1096938 0.3423071 -0.933163 0
-0.07999927 -0.3380824 0.05975619 1

-0.7495235 0.2584911 0.6094234 0
0.05330059 0.9411865 -0.3336569 0
-0.6598285 -0.217601 -0.7192192 0
0.01848873 -0.2559862 -0.01389725 1

0.9712614 0.2290654 -0.06465563 0
0.003264844 -0.2844411 -0.958688 0
-0.237993 0.9309255 -0.2770145 0
0.07294779 -0.3823847 -0.06794129 1

0.9674652 0.09193665 -0.2357092 0
0.1097025 -0.9919421 0.06337276 0
-0.2279836 -0.08716883 -0.9697552 0
0.07337268 -0.4194014 -0.1927033 1

-0.73055 0.1582748 0.6642634 0
-0.2105125 0.8731885 -0.4395751 0
-0.6496009 -0.4609673 -0.604589 0
0.02276525 -0.180471 -0.04066789 1

0.9251947 -0.1990822 -0.3230803 0
0.2806706 -0.2140343 0.9356354 0
-0.2554186 -0.9563241 -0.142147 0
-0.1343872 -0.4510224 0.02472033 1

-0.6903998 0.03970167 0.7223378 0
-0.4644413 0.7412239 -0.4846458 0
-0.5546553 -0.6700828 -0.4933017 0
0.003462076 -0.100403 -0.0809752 1

0.9870116 -0.08641385 -0.1354275 0
