MeshAnim
1
15
47
30
-0.6449742 -0.149286 0.7494811 0
-0.07827034 0.9884809 0.129535 0
-0.7601855 0.02488459 -0.6492294 0
-0.00166633 -0.2969541 -0.01849064 1

0.1361218 0.02322389 -0.9904199 0
-0.2042006 -0.9776003 -0.05098832 0
-0.9694189 0.209185 -0.1283304 0
-0.06453758 -0.3499826 0.0530082 1

-0.647371 -0.1960661 0.7365248 0
-0.2986664 0.95432 -0.008469816 0
-0.7012197 -0.2254584 -0.6763575 0
-0.008003493 -0.2289543 -0.01039956 1

0.5153835 -0.01207945 -0.8568747 0
-0.7745091 -0.4345056 -0.459718 0
-0.3667636 0.9005881 -0.2332926 0
0.06596902 -0.319475 -0.1009381 1

0.3209903 0.08339961 -0.9434034 0
0.4261977 -0.9022739 0.06524887 0
-0.8457665 -0.4230206 -0.3251659 0
-0.03482422 -0.3760208 -0.1607649 1

-0.6984407 -0.1420826 0.7014222 0
-0.3528569 0.9210524 -0.1647854 0
-0.6226336 -0.3625945 -0.6934354 0
-0.0319667 -0.1523854 -0.01107913 1

0.167664 0.1755913 -0.9700807 0
0.922533 -0.3748929 0.09158793 0
-0.3475942 -0.9102873 -0.2248448 0
-0.09111585 -0.4772248 0.04637168 1

-0.7494583 -0.08802728 0.6561734 0
-0.3855537 0.8637435 -0.3244927 0
-0.5382013 -0.4961838 -0.6812789 0
-0.06432229 -0.06792849 -0.0261893 1

0.3660418 0.02292086 -0.9303163 0
0.05722728 -0.9983591 -0.002080634 0
-0.9288372 -0.05247794 -0.3667529 0
0.01189153 -0.4749195 -0.153613 1

-0.08926114 -0.0100635 -0.9959574 0
-0.6154238 -0.7856671 0.06309509 0
-0.783126 0.6185679 0.06393632 0
0.009588253 -0.5181483 0.05636945 1

-0.7918501 -0.1643838 0.5881764 0
-0.4217546 0.8437452 -0.3319896 0
-0.4416973 -0.510952 -0.7374493 0
-0.1040952 0.02117354 -0.05966332 1

0.2751161 0.004018664 -0.9614028 0
-0.818337 -0.5238855 -0.236366 0
-0.5046149 0.8517792 -0.1408406 0
0.01786295 -0.5790939 -0.1538301 1

-0.7912999 -0.5945442 -0.1426947 0
0.4738431 -0.4488121 -0.7576547 0
0.3864161 -0.6671468 0.6368656 0
-0.06551053 0.01211011 -0.08374499 1

0.01844868 0.001305826 -0.9998289 0
-0.9976987 0.06528278 -0.01832402 0
0.06524761 0.9978661 0.002507225 0
-0.05379831 -0.5990693 0.06286803 1

0.1228693 0.5267683 0.8410819 0
-0.7203823 -0.5355886 0.4406751 0
0.6826073 -0.6600457 0.3136672 0
-0.1311621 0.004538953 -0.02587377 1

-0.9894003 -0.1409482 0.03493774 0
-0.1442632 0.9265684 -0.3473598 0
0.01658753 -0.3487182 -0.9370809 0
-0.125832 0.09781498 -0.0675073 1

-0.3349096 -0.009787858 0.9421995 0
-0.5075766 -0.8405876 -0.1891529 0
0.7938524 -0.5415875 0.2765528 0
-0.197903 -0.04508144 0.01495325 1

-0.8523012 0.2348916 -0.4673424 0
0.2240976 -0.6433447 -0.7320436 0
-0.472613 -0.7286519 0.4956847 0
-0.02161268 -0.02946883 -0.1539358 1

0.01763497 -0.9223747 -0.3858941 0
0.3028591 0.3727501 -0.877117 0
0.9528724 -0.1014034 0.2859231 0
-0.2410194 -0.1164857 -0.001114484 1

0.5013109 0.4758016 -0.7227035 0
-0.8595491 0.1779785 -0.4790608 0
-0.09931225 0.8613575 0.4981974 0
-0.002535604 -0.08423573 -0.2162535 1

0.1271112 -0.9430562 -0.3073891 0
0.09354898 0.3199197 -0.9428152 0
0.9874674 0.09108666 0.1288872 0
-0.1850396 -0.04758745 -0.1632387 1

0.4778168 -0.3835753 -0.7902919 0
-0.8020946 0.1763751 -0.5705579 0
0.3582397 0.9065109 -0.2233885 0
-0.1614211 -0.05133682 -0.3048067 1

0.04171116 -0.9932039 -0.1086569 0
0.1179674 0.1128866 -0.9865805 0
0.9921412 0.02833371 0.1218744 0
-0.1776052 -0.02151775 -0.2403965 1

0.3148641 -0.947758 -0.05114534 0
0.3076975 0.1529025 -0.9391184 0
0.897877 0.2799576 0.3397661 0
-0.1751784 -0.05057591 -0.2434182 1

0.1111743 -0.9717036 -0.2084058 0
0.1898233 0.2266078 -0.9553094 0
0.9755039 0.06664577 0.209645 0
-0.1803381 0.007777333 -0.2374742 1

-0.1435465 -0.5054352 -0.8508409 0
0.5350945 0.6835943 -0.4963602 0
0.8325076 -0.5265306 0.1723281 0
-0.1755768 -0.0144425 -0.1779159 1

0.5763223 -0.2266434 -0.785166 0
-0.6486064 0.457628 -0.608183 0
0.4971545 0.859773 0.1167388 0
-0.2295244 -0.04021949 -0.3555278 1

0.5134912 -0.3703643 -0.7740524 0
-0.6589901 0.4075534 -0.6321648 0
0.5495991 0.8347039 -0.03479138 0
-0.2439364 -0.02416015 -0.3303331 1

0.8644189 -0.3712979 -0.338996 0
-0.1936394 0.3763737 -0.9060057 0
0.4639872 0.8488113 0.2534469 0
-0.1639402 -0.04742581 -0.3427693 1

0.5600814 -0.2511432 -0.789453 0
-0.6486185 0.4598847 -0.6064655 0
0.515367 0.8517237 0.09467688 0
-0.210926 -0.04565531 -0.3708993 1

3.613543 -1.705692 -0.1814417 0
1.666652 3.391258 1.312119 0
-0.4056889 -1.260949 3.774313 0
-0.1448188 0.02296883 -0.3272848 1

-0.4774983 -0.8429122 -0.2479821 0
0.3315481 0.08851509 -0.9392771 0
0.8136777 -0.530721 0.2372002 0
-0.1606917 0.002684176 -0.197496 1

0.1392171 -0.9902264 -0.00839128 0
0.7203593 0.09545474 0.6870018 0
-0.6794863 -0.1016873 0.7266077 0
-0.1645874 -0.04523474 -0.2758071 1

0.105255 -0.9762682 -0.1892675 0
0.3830315 0.2154406 -0.898261 0
0.9177193 0.02205123 0.3966175 0
-0.1736222 0.01578546 -0.2712695 1

-0.09035751 -0.9955232 -0.02773684 0
0.9388888 -0.09443952 0.3310138 0
-0.3321513 0.003867447 0.9432186 0
-0.1730042 -0.01708585 -0.2788827 1

0.6030154 -0.07492077 -0.7942036 0
-0.6312941 0.5638264 -0.5325111 0
0.487689 0.8224882 0.2926989 0
-0.1742078 -0.03417099 -0.3683637 1

0.4749619 -0.2616021 -0.8402236 0
0.219018 0.9598895 -0.1750533 0
0.852316 -0.1008803 0.5132064 0
-0.2645711 -0.01139534 -0.3500495 1

0.525319 -0.2071114 -0.8253151 0
-0.3612919 0.8238633 -0.436712 0
0.7703949 0.5275927 0.3579633 0
-0.2345575 -0.02890009 -0.3929949 1

0.5383821 -0.156289 -0.8280814 0
-0.1450584 0.9507964 -0.2737602 0
0.8301223 0.2675075 0.4892205 0
-0.2545055 -0.02257359 -0.3791021 1

-0.4808708 -0.8767759 -0.005293041 0
0.05878818 -0.02621808 -0.9979264 0
0.8748187 -0.4801845 0.06415173 0
-0.1461778 0.01162797 -0.2272726 1

0.1181227 -0.9816982 -0.1493865 0
-0.5081562 -0.1890091 0.8402698 0
-0.8531262 -0.02334335 -0.5211823 0
-0.1403602 -0.04208165 -0.2527098 1

0.0688724 -0.9868408 -0.1462951 0
0.83061 0.1379474 -0.539498 0
0.5525793 -0.08435757 0.8291804 0
-0.1607679 0.02302444 -0.3014151 1

-0.1553896 -0.9805533 -0.1198745 0
-0.02008095 -0.1181882 0.9927886 0
-0.9876493 0.156676 -0.001325279 0
-0.136296 -0.02076429 -0.265941 1

0.8408327 -0.4477657 -0.3041483 0
-0.298174 0.08581128 -0.9506466 0
0.4517663 0.8900236 -0.06135929 0
-0.1913534 -0.01561469 -0.3919398 1

0.5898098 -0.08265755 -0.8033007 0
0.5342633 0.785867 0.3114101 0
0.6055471 -0.6128469 0.5076729 0
-0.2578736 0.01824939 -0.3553452 1

0.5131576 -0.1432074 -0.8462631 0
0.0146502 0.9873 -0.1581904 0
0.8581693 0.06877862 0.5087383 0
-0.2483342 0.002498806 -0.4096232 1

0.548692 -0.07447094 -0.8327013 0
0.4271274 0.8811921 0.2026398 0
0.7186789 -0.4668564 0.5153114 0
-0.2598582 0.01261586 -0.3892612 1

-0.596472 -0.1288472 0.7922244 0
-0.06800424 0.9915945 0.1100718 0
-0.7997478 0.01178013 -0.6002204 0
0.003387047 -0.289215 -0.01907005 1

0.04049388 -0.004255116 -0.9991707 0
-0.6252063 -0.7801489 -0.02201569 0
-0.7794083 0.6255794 -0.03425163 0
-0.05492908 -0.3402775 0.05753778 1

-0.588425 -0.2035978 0.7824985 0
-0.3215515 0.9468811 0.004567411 0
-0.741863 -0.248926 -0.6226357 0
-0.002293927 -0.2210176 -0.01225569 1

0.4819369 0.1392189 -0.8650751 0
-0.6783597 -0.5656154 -0.468943 0
-0.5545854 0.8128331 -0.1781504 0
0.06561866 -0.3139611 -0.1050594 1

0.2604207 0.1477353 -0.9541254 0
0.7750717 -0.6212544 0.1153553 0
-0.5757126 -0.7695566 -0.276293 0
-0.02266188 -0.3875693 -0.1660868 1

-0.6446298 -0.1368792 0.7521412 0
-0.3776059 0.9124603 -0.1575757 0
-0.6647302 -0.3855909 -0.6398855 0
-0.0280933 -0.1450455 -0.01188922 1

0.1889213 0.1603579 -0.9688106 0
0.7171849 -0.6964494 0.02457687 0
-0.6707864 -0.6994594 -0.2465803 0
-0.1363044 -0.4418198 0.05467228 1

-0.6989827 -0.07214721 0.71149 0
-0.4150099 0.8511555 -0.3214048 0
-0.5824003 -0.5199318 -0.6248848 0
-0.06271826 -0.06137651 -0.02633829 1

0.3499829 0.1067174 -0.9306575 0
0.239921 -0.9705638 -0.02106882 0
-0.9055109 -0.2159107 -0.3652844 0
0.06229414 -0.4556653 -0.1534426 1

-0.09202948 -0.01355129 -0.995664 0
-0.6157974 -0.784999 0.06760231 0
-0.7825115 0.6193488 0.06389815 0
-0.05801621 -0.5178446 0.05735509 1

-0.7454532 -0.1551037 0.648261 0
-0.4532614 0.8310376 -0.3223827 0
-0.4887264 -0.5341529 -0.6898022 0
-0.1055299 0.02642697 -0.05949377 1

0.3245676 0.03895588 -0.9450599 0
-0.45648 -0.8686427 -0.1925776 0
-0.8284213 0.4939053 -0.2641507 0
0.08732882 -0.5569394 -0.1556411 1

-0.7789685 -0.6102663 -0.144163 0
0.4822351 -0.4360557 -0.7598057 0
0.4008207 -0.6613854 0.6339654 0
-0.06872955 0.01685029 -0.08604329 1

0.01456136 0.0006501079 -0.9998937 0
-0.9975709 0.06813712 -0.01448324 0
0.06812054 0.9976758 0.001640692 0
-0.1214413 -0.5986967 0.0643179 1

0.1666832 0.5522782 0.8168265 0
-0.6852966 -0.530735 0.4986871 0
0.7089325 -0.6428912 0.2900099 0
-0.1299321 0.01068217 -0.02333184 1

-0.9863851 -0.1513831 0.06424487 0
-0.1643137 0.9232252 -0.3473562 0
-0.00672856 -0.3531834 -0.9355299 0
-0.1285568 0.1026487 -0.06773622 1

-0.3048768 -0.04483347 0.951336 0
-0.5073876 -0.8376878 -0.2020813 0
0.8059828 -0.544306 0.2326436 0
-0.1934225 -0.03848863 0.02286979 1

-0.8405757 0.2723956 -0.4682234 0
0.197585 -0.6506392 -0.733232 0
-0.5043736 -0.7088509 0.4930901 0
-0.02405427 -0.02354687 -0.1564333 1

0.006748624 -0.9203985 -0.3909233 0
0.2223145 0.3825297 -0.8967985 0
0.9749516 -0.08085579 0.2071993 0
-0.2365229 -0.1096465 0.005703876 1

0.5004228 0.4754632 -0.7235412 0
-0.8626222 0.2024883 -0.4635534 0
-0.07389401 0.8561155 0.5114747 0
-0.007234165 -0.07893473 -0.2188522 1

0.1320224 -0.9416459 -0.309634 0
0.09666759 0.3231099 -0.9414114 0
0.9865218 0.09435588 0.1336844 0
-0.1954308 -0.03894061 -0.1600582 1

0.4923175 -0.3768932 -0.7845859 0
-0.7963667 0.1687803 -0.5807869 0
0.3513173 0.9107498 -0.2170516 0
-0.1666878 -0.04150528 -0.3045389 1

0.04590207 -0.9927098 -0.1114467 0
0.1220559 0.1163018 -0.9856857 0
0.9914612 0.03164231 0.1265044 0
-0.1877408 -0.01261061 -0.2371025 1

0.3186181 -0.9464255 -0.05254763 0
0.3114169 0.156877 -0.9372349 0
0.8952664 0.2822558 0.3447168 0
-0.185192 -0.04165035 -0.2402003 1

0.1157401 -0.9706509 -0.210811 0
0.1933445 0.2301936 -0.9537446 0
0.9742804 0.06962728 0.2143128 0
-0.1905959 0.01666516 -0.2341047 1

-0.1377737 -0.5033918 -0.8530034 0
0.5348114 0.6870683 -0.4918475 0
0.8336638 -0.5239596 0.1745596 0
-0.1860242 -0.005716741 -0.1745922 1

0.589042 -0.2189163 -0.7778851 0
-0.6454501 0.4517457 -0.6158897 0
0.4862344 0.8648709 0.1247975 0
-0.2342328 -0.03102839 -0.3561351 1

0.5276296 -0.3633285 -0.767854 0
-0.654974 0.4016075 -0.6400942 0
0.5409403 0.8406571 -0.02607065 0
-0.2491489 -0.01517326 -0.3311048 1

0.8727817 -0.3612949 -0.328205 0
-0.1857437 0.3759758 -0.9078225 0
0.4513888 0.8532926 0.2610364 0
-0.1687484 -0.03754979 -0.3425245 1

0.5731252 -0.2435819 -0.7824292 0
-0.6455091 0.453999 -0.6141685 0
0.5048223 0.8570607 0.1029638 0
-0.2153757 -0.03623372 -0.3712692 1

3.620655 -1.691733 -0.1699998 0
1.648008 3.393432 1.329921 0
-0.4182467 -1.273835 3.76861 0
-0.1547232 0.03225929 -0.3237056 1

-0.4732203 -0.8439232 -0.252698 0
0.3355073 0.09257928 -0.9374775 0
0.8145534 -0.5284154 0.2393319 0
-0.1711136 0.01152414 -0.1940525 1

0.1429367 -0.9896736 -0.01072667 0
0.7168509 0.09604864 0.6905794 0
-0.682418 -0.1063986 0.7231771 0
-0.174473 -0.03617221 -0.2725242 1

0.1097503 -0.9752951 -0.191714 0
0.3863299 0.2195702 -0.8958448 0
0.9158078 0.02425442 0.4008837 0
-0.1837554 0.02480006 -0.2678448 1

-0.08652566 -0.9957628 -0.03114015 0
0.9377101 -0.09195845 0.335028 0
-0.336472 -0.0002118722 0.9416935 0
-0.1829803 -0.008045614 -0.2755538 1

0.6142077 -0.06689724 -0.7863039 0
-0.6302873 0.5579814 -0.5398099 0
0.4748547 0.8271528 0.3005518 0
-0.1788206 -0.02435821 -0.3682289 1

0.4888006 -0.2548637 -0.8343372 0
0.2109008 0.9625296 -0.170465 0
0.8465194 -0.09263891 0.5242356 0
-0.2696587 -0.002594888 -0.3510694 1

0.5383639 -0.1998605 -0.8186698 0
-0.3644029 0.8207382 -0.4399993 0
0.7598523 0.5352054 0.369026 0
-0.2388939 -0.01969296 -0.3936455 1

0.5509111 -0.1488947 -0.8211744 0
-0.151723 0.9496906 -0.2739853 0
0.8206567 0.2755325 0.5006043 0
-0.2590906 -0.01360863 -0.3800062 1

-0.4775766 -0.8785319 -0.01012984 0
0.06344697 -0.02298644 -0.9977204 0
0.8762965 -0.4771307 0.06671807 0
-0.1564972 0.02061146 -0.2237352 1

0.1224557 -0.9807979 -0.1517908 0
-0.5112859 -0.1934277 0.8373604 0
-0.8506417 -0.02493086 -0.5251544 0
-0.1503635 -0.03299922 -0.2493066 1

0.07321104 -0.9861322 -0.1489407 0
0.8325488 0.1426534 -0.5352688 0
0.5490928 -0.08481267 0.8314469 0
-0.1707904 0.03217769 -0.2979093 1

-0.151191 -0.9807557 -0.1235295 0
-0.02417985 -0.1212593 0.9923265 0
-0.988209 0.1530179 -0.005381197 0
-0.1463182 -0.01162702 -0.2624551 1

0.8495675 -0.4380791 -0.2938058 0
-0.2865288 0.0843858 -0.9543482 0
0.4428731 0.894967 -0.05383074 0
-0.1958537 -0.005943537 -0.3919968 1

0.6012079 -0.07475905 -0.7955881 0
0.521572 0.7910017 0.3198119 0
0.6054025 -0.60723 0.5145482 0
-0.2632134 0.02713054 -0.3562243 1

0.5257884 -0.136052 -0.8396646 0
0.006043658 0.9876987 -0.1562534 0
0.8505941 0.07708158 0.5201426 0
-0.2527893 0.01158673 -0.4103993 1

0.5603948 -0.06696133 -0.8255146 0
0.4148534 0.8853697 0.2098039 0
0.7168366 -0.4600406 0.5239354 0
-0.2646897 0.02154011 -0.3901734 1

-0.5423691 -0.1025946 0.8338526 0
-0.05713186 0.9947222 0.08522674 0
-0.8381955 -0.001415174 -0.5453681 0
0.001371656 -0.2838088 -0.02294635 1

0.0231497 -0.009474955 -0.9996873 0
-0.7844981 -0.6200095 -0.01229018 0
-0.6196991 0.7845371 -0.02178612 0
-0.05184089 -0.3323124 0.05886278 1

-0.5285687 -0.2017534 0.824567 0
-0.3406103 0.9401318 0.01168961 0
-0.7775601 -0.2746772 -0.5656437 0
-0.00361004 -0.2154129 -0.01777142 1

0.4101681 0.2898316 -0.8647312 0
-0.4144599 -0.7853593 -0.4598194 0
-0.8123947 0.5469995 -0.2020058 0
0.0576065 -0.3113742 -0.1121489 1

0.2120431 0.1892542 -0.9587601 0
0.9642514 -0.2000614 0.1737665 0
-0.1589248 -0.9613318 -0.2249103 0
0.003669441 -0.4135795 -0.171989 1

-0.5916836 -0.1286321 0.7958419 0
-0.3990284 0.9045084 -0.1504693 0
-0.7004905 -0.4065937 -0.5865105 0
-0.03093858 -0.1399824 -0.01683351 1

0.2217973 0.07044905 -0.9725446 0
0.2792948 -0.9601876 -0.005858328 0
-0.934238 -0.2703273 -0.232643 0
-0.1539493 -0.4130114 0.05726312 1

-0.6512257 -0.0592574 0.7565671 0
-0.4405536 0.8412744 -0.3133207 0
-0.6179138 -0.5373509 -0.5739656 0
-0.0675279 -0.05704254 -0.03063096 1

0.3811554 0.1938249 -0.903965 0
0.33919 -0.9389099 -0.05829863 0
-0.8600413 -0.2843952 -0.423614 0
0.1093616 -0.4355083 -0.1529424 1

-0.07039779 -0.01247747 -0.9974412 0
-0.6215497 -0.781536 0.05364469 0
-0.7802053 0.6237356 0.04726312 0
-0.1234614 -0.5178259 0.05662362 1

-0.7015849 -0.1481641 0.6970124 0
-0.4797269 0.8214889 -0.3082498 0
-0.5269164 -0.5506389 -0.6474226 0
-0.1129745 0.0297417 -0.06295251 1

0.3715281 0.1211652 -0.9204816 0
-0.3514204 -0.8993268 -0.2602221 0
-0.8593434 0.4201556 -0.2915452 0
0.1447545 -0.5334795 -0.1590256 1

-0.7666055 -0.6203089 -0.1659304 0
0.4991966 -0.4131978 -0.7616235 0
0.4038797 -0.6666965 0.6264158 0
-0.0778963 0.0197435 -0.09159528 1

0.02382553 -0.006307907 -0.9996964 0
-0.9981674 0.0554918 -0.02413917 0
0.05562728 0.9984394 -0.004974231 0
-0.1874789 -0.5983214 0.06214882 1

0.2063577 0.5739548 0.7924597 0
-0.649762 -0.5251622 0.5495583 0
0.7315915 -0.6283157 0.2645628 0
-0.1348917 0.01471359 -0.02494128 1

-0.9810835 -0.1723151 0.08822075 0
-0.1922781 0.9202613 -0.3408053 0
-0.02246028 -0.3513214 -0.9359856 0
-0.1371165 0.1056253 -0.07112221 1

-0.298895 -0.02646961 0.9539189 0
-0.4892718 -0.853981 -0.1770018 0
0.8193138 -0.5196305 0.2422998 0
-0.1950899 -0.03394091 0.0259734 1

-0.8430942 0.2529733 -0.4745488 0
0.18991 -0.6855279 -0.7028412 0
-0.5031166 -0.6826829 0.5299224 0
-0.03164968 -0.01853603 -0.1621537 1

-0.01399451 -0.9349672 -0.3544583 0
0.1704514 0.3470737 -0.9222184 0
0.9852669 -0.07332369 0.1545092 0
-0.2366514 -0.1064828 0.01093789 1

0.4794927 0.4397595 -0.7594067 0
-0.8755079 0.1807822 -0.4481113 0
-0.05977392 0.8797327 0.4716966 0
-0.01548292 -0.07689393 -0.2219855 1

0.1400935 -0.9406375 -0.3091518 0
0.1011112 0.3241896 -0.9405733 0
0.9849623 0.1005095 0.1405258 0
-0.2051456 -0.04233056 -0.1595228 1

0.4834958 -0.3789427 -0.789072 0
-0.8012114 0.1714789 -0.5732846 0
0.3525512 0.9093943 -0.2207038 0
-0.1773184 -0.04347676 -0.3048178 1

0.05293355 -0.9923441 -0.1115866 0
0.1281087 0.1175682 -0.9847672 0
0.9903466 0.03783189 0.1333511 0
-0.1970912 -0.01591367 -0.2365 1

0.3249397 -0.9443702 -0.05078743 0
0.3168715 0.1593127 -0.9349934 0
0.8910705 0.2877233 0.3510108 0
-0.1943378 -0.04493505 -0.2395936 1

0.1233138 -0.9697948 -0.210457 0
0.1984554 0.2318912 -0.9522827 0
0.9723216 0.0756633 0.2210562 0
-0.2001515 0.01334214 -0.2335085 1

-0.1287129 -0.5038193 -0.8541659 0
0.5338409 0.6906771 -0.4878313 0
0.8357315 -0.5187788 0.1800604 0
-0.195849 -0.009040534 -0.1739763 1

0.5808523 -0.2213161 -0.7833455 0
-0.6496075 0.4538821 -0.6099191 0
0.4905313 0.8631399 0.1198698 0
-0.2453105 -0.03277171 -0.3557762 1

0.5190137 -0.3655007 -0.77268 0
-0.659542 0.4037707 -0.6340137 0
0.5437181 0.8386768 -0.03150073 0
-0.2599311 -0.01685411 -0.3306116 1

0.8683176 -0.3645743 -0.3363188 0
-0.1929638 0.3763443 -0.9061624 0
0.4569351 0.8517339 0.2564365 0
-0.1797242 -0.03952652 -0.3427836 1

0.5648039 -0.2459253 -0.7877296 0
-0.6496421 0.4561363 -0.6081981 0
0.5088832 0.8552548 0.09786399 0
-0.2266165 -0.03805059 -0.3710861 1

3.632347 -1.668774 -0.1458176 0
1.617355 3.403088 1.342819 0
-0.4361576 -1.278355 3.765048 0
-0.1637614 0.02920753 -0.3228527 1

-0.4661322 -0.8467637 -0.2563446 0
0.3413683 0.09516822 -0.9350996 0
0.816204 -0.5233877 0.2446973 0
-0.1809137 0.008303821 -0.1933253 1

0.1492509 -0.988747 -0.01019865 0
0.7114546 0.1002192 0.6955492 0
-0.6867 -0.1110673 0.7184064 0
-0.1834312 -0.03937298 -0.2718403 1

0.117222 -0.9744864 -0.1914038 0
0.3911005 0.2224562 -0.8930589 0
0.9128526 0.02982807 0.4071988 0
-0.1931302 0.02153713 -0.2671968 1

-0.08002268 -0.9962731 -0.03219623 0
0.9359412 -0.08621109 0.3414419 0
-0.3429451 -0.00281091 0.9393516 0
-0.1920948 -0.01129907 -0.2749155 1

0.6064889 -0.06939227 -0.7920583 0
-0.6333396 0.5600874 -0.5340254 0
0.4806791 0.8255223 0.2957377 0
-0.1899913 -0.02630699 -0.3683965 1

0.4799511 -0.2569177 -0.8388329 0
0.2127709 0.9616997 -0.1728093 0
0.8511026 -0.09553918 0.516233 0
-0.2805833 -0.004207909 -0.3503858 1

0.5298598 -0.2020898 -0.8236557 0
-0.3655698 0.8219097 -0.4368334 0
0.7652501 0.532564 0.3616188 0
-0.2502853 -0.02143198 -0.3932449 1

0.5425678 -0.1511706 -0.8262976 0
-0.1508608 0.9501441 -0.2728875 0
0.8263544 0.2727159 0.4927116 0
-0.2703297 -0.01526976 -0.3794173 1

-0.4719412 -0.8815219 -0.01382804 0
0.07046449 -0.02208076 -0.99727 0
0.8788099 -0.471627 0.07253689 0
-0.1661507 0.01749831 -0.2229023 1

0.1296866 -0.9799291 -0.1513966 0
-0.5158129 -0.1970728 0.8337265 0
-0.8468285 -0.03003073 -0.5310177 0
-0.1595027 -0.03605968 -0.2484557 1

0.08045822 -0.9855756 -0.1488884 0
0.8353007 0.1481732 -0.5294507 0
0.5438749 -0.081768 0.8351734 0
-0.1800053 0.02901155 -0.2971678 1

-0.1441433 -0.9816273 -0.1250224 0
-0.03025138 -0.1219116 0.9920801 0
-0.9890947 0.1467839 -0.01212299 0
-0.1555019 -0.01465577 -0.261566 1

0.8451519 -0.4412623 -0.3016731 0
-0.2952428 0.08510693 -0.9516244 0
0.4455902 0.8933335 -0.05835122 0
-0.2071818 -0.007838547 -0.3920088 1

0.5933734 -0.07720991 -0.8012161 0
0.5274451 0.7892078 0.3145682 0
0.6080379 -0.6092539 0.5090187 0
-0.2740793 0.02549207 -0.3556125 1

0.517318 -0.138243 -0.8445539 0
0.008150429 0.9876177 -0.1566684 0
0.8557547 0.07416404 0.5120389 0
-0.2642251 0.009892344 -0.4098779 1

0.5523074 -0.06927396 -0.8307576 0
0.420033 0.8839262 0.2055404 0
0.7200897 -0.4624672 0.5172961 0
-0.2758971 0.01989573 -0.389544 1

-0.4848419 -0.07293232 0.8715556 0
-0.04573234 0.9972679 0.05801133 0
-0.8734054 -0.01173194 -0.4868527 0
-0.006228385 -0.2794286 -0.0280242 1

0.1561277 -0.1341722 -0.9785817 0
-0.8051264 -0.5912068 -0.04739419 0
-0.5721851 0.7952815 -0.2003293 0
-0.05400787 -0.325003 0.05867647 1

-0.4711171 -0.1864856 0.8621321 0
-0.3476138 0.9375498 0.01284347 0
-0.810687 -0.2936382 -0.5065208 0
-0.01047049 -0.2108707 -0.02464709 1

0.3815502 0.3152835 -0.8689165 0
-0.179098 -0.8970021 -0.404118 0
-0.9068316 0.3098124 -0.2857847 0
0.04364511 -0.3101345 -0.1199431 1

0.1942839 0.2127225 -0.9576029 0
0.9728527 -0.1669198 0.1602982 0
-0.1257439 -0.9627498 -0.2393775 0
0.02033762 -0.4268688 -0.1725344 1

-0.5404162 -0.1105355 0.8341056 0
-0.4064334 0.9023006 -0.1437552 0
-0.7367241 -0.416696 -0.5325433 0
-0.03836095 -0.1356472 -0.0236166 1

0.2924604 -0.0820759 -0.952749 0
-0.1897764 -0.9814754 0.02629587 0
-0.9372578 0.1731187 -0.3026187 0
-0.1588012 -0.401953 0.05250776 1

-0.6049429 -0.03964716 0.7952812 0
-0.4504427 0.8406332 -0.3007281 0
-0.6566167 -0.5401518 -0.5263938 0
-0.07562929 -0.05290985 -0.03679838 1

0.4203004 0.2916273 -0.8592445 0
0.3725731 -0.9189042 -0.1296313 0
-0.8273675 -0.2656473 -0.4948684 0
0.1269725 -0.445165 -0.154964 1

0.002679944 -0.02071075 -0.999782 0
-0.5865715 -0.8097551 0.01520193 0
-0.8098931 0.5864028 -0.01431844 0
-0.1795173 -0.5090914 0.05537823 1

-0.6616185 -0.132082 0.738116 0
-0.4889267 0.822319 -0.2911052 0
-0.5685171 -0.5534853 -0.60864 0
-0.1220961 0.03380817 -0.0678209 1

0.409307 0.2346318 -0.8817118 0
-0.2647614 -0.8942436 -0.3608738 0
-0.8731376 0.3811513 -0.3038987 0
0.1658489 -0.5410485 -0.1684904 1

-0.7701384 -0.6073236 -0.1950509 0
0.50547 -0.3945291 -0.7673637 0
0.3890849 -0.6895685 0.6108259 0
-0.08890869 0.02295792 -0.09834504 1

0.06780589 -0.04981884 -0.996454 0
-0.996259 -0.05701483 -0.06494215 0
-0.05357721 0.9971297 -0.05349839 0
-0.2399322 -0.5924934 0.05694397 1

0.2557733 0.5930619 0.7634511 0
-0.6177094 -0.5072229 0.600966 0
0.74365 -0.6253018 0.2366059 0
-0.1418254 0.01965147 -0.02830634 1

-0.9746494 -0.1936109 0.1121312 0
-0.2203202 0.9177903 -0.3303337 0
-0.0389567 -0.3466643 -0.93718 0
-0.1459522 0.109823 -0.07560216 1

-0.3104803 -0.00393229 0.9505718 0
-0.4764023 -0.8646978 -0.1591818 0
0.8225831 -0.5022774 0.2665982 0
-0.199054 -0.02734095 0.02737108 1

-0.8342514 0.2103168 -0.5096976 0
0.2211066 -0.7192141 -0.6586677 0
-0.5051105 -0.6621919 0.5535029 0
-0.04208087 -0.01359212 -0.1694352 1

-0.005026601 -0.9510595 -0.3089668 0
0.1566899 0.304405 -0.939567 0
0.9876351 -0.05313485 0.1474914 0
-0.2395223 -0.1007932 0.01384929 1

0.4802363 0.3750331 -0.7929209 0
-0.8767303 0.1776262 -0.4469827 0
-0.02678987 0.9098347 0.4141053 0
-0.02325839 -0.07481772 -0.2255066 1

0.1478469 -0.9403042 -0.3065445 0
0.08362281 0.320726 -0.9434735 0
0.9854688 0.1138554 0.1260493 0
-0.2105601 -0.04452771 -0.159818 1

0.4825833 -0.3674834 -0.795028 0
-0.8106187 0.1563497 -0.5643159 0
0.331679 0.9167938 -0.2224373 0
-0.1853198 -0.0419839 -0.3081303 1

0.06416054 -0.9921311 -0.1075144 0
0.1126591 0.1142486 -0.9870437 0
0.9915602 0.05121681 0.119103 0
-0.2039354 -0.01839703 -0.2370289 1

0.3363561 -0.9403629 -0.05081362 0
0.3015514 0.1586635 -0.9401558 0
0.8921499 0.3009044 0.3369352 0
-0.2008516 -0.047396 -0.2400206 1

0.1328405 -0.9691774 -0.2074815 0
0.1819757 0.2296276 -0.9561151 0
0.9742886 0.08925435 0.2068705 0
-0.2073308 0.01083165 -0.2341362 1

-0.1342478 -0.5097208 -0.8498014 0
0.5179358 0.695013 -0.4986981 0
0.8448197 -0.5070913 0.1706986 0
-0.2018992 -0.01119417 -0.1745632 1

0.576784 -0.2079276 -0.7899915 0
-0.6651655 0.4418407 -0.6019402 0
0.4742104 0.8726643 0.1165403 0
-0.2540571 -0.03255731 -0.3583359 1

0.5179954 -0.3533571 -0.7789863 0
-0.6743411 0.3915867 -0.6260386 0
0.5262558 0.8495873 -0.03544334 0
-0.2687265 -0.01698983 -0.3329815 1

0.8718666 -0.3462238 -0.3463783 0
-0.2102473 0.3741686 -0.9032134 0
0.4423179 0.8603063 0.2534324 0
-0.1882119 -0.03800732 -0.3460594 1

0.561191 -0.2328481 -0.7942585 0
-0.6652272 0.4440902 -0.600214 0
0.4924814 0.865197 0.09432237 0
-0.2354253 -0.03742558 -0.3738563 1

3.651168 -1.622703 -0.1892428 0
1.592084 3.430288 1.303226 0
-0.3663974 -1.264896 3.777009 0
-0.172414 0.02671343 -0.3240635 1

-0.4587341 -0.8539584 -0.245598 0
0.3268704 0.09483927 -0.9402986 0
0.8262682 -0.5116256 0.2356278 0
-0.1874638 0.00624305 -0.1942059 1

0.1618457 -0.9867873 -0.007521753 0
0.7198538 0.1128447 0.6848921 0
-0.674994 -0.1162614 0.7286059 0
-0.1904742 -0.04185653 -0.2724453 1

0.1270795 -0.9738511 -0.1883213 0
0.3755438 0.2229652 -0.8995852 0
0.9180512 0.04359608 0.394058 0
-0.2008923 0.01894659 -0.26796 1

-0.0675993 -0.9973677 -0.02622781 0
0.941705 -0.07246619 0.3285435 0
-0.3295794 -0.002489574 0.9441248 0
-0.199542 -0.01391208 -0.2755333 1

0.5992443 -0.05549823 -0.7986404 0
-0.6502389 0.5482018 -0.5259892 0
0.4670077 0.8345026 0.2924197 0
-0.1990186 -0.02494735 -0.3715318 1

0.4760354 -0.2454561 -0.8444774 0
0.1913898 0.966159 -0.1729371 0
0.8583477 -0.07930008 0.5069034 0
-0.2898413 -0.004725277 -0.352506 1

0.5249835 -0.1896583 -0.8297122 0
-0.3867989 0.8152031 -0.4310809 0
0.7581421 0.5472419 0.3546086 0
-0.2596618 -0.02124578 -0.3957242 1

0.5366288 -0.1384869 -0.8323767 0
-0.1729855 0.947435 -0.2691526 0
0.8258969 0.2884238 0.4844646 0
-0.2796776 -0.01551884 -0.3816697 1

-0.4606681 -0.8875681 -0.002857789 0
0.05665198 -0.02619027 -0.9980506 0
0.8857629 -0.4599317 0.06234765 0
-0.17324 0.0154773 -0.2240337 1

0.140177 -0.9789319 -0.148469 0
-0.501399 -0.1994842 0.8419058 0
-0.8537853 -0.04357367 -0.5187986 0
-0.1662626 -0.03811866 -0.2494188 1

0.09106609 -0.9851974 -0.1452352 0
0.8257569 0.1562226 -0.5419598 0
0.5566263 -0.07057483 0.8277599 0
-0.1882895 0.02643818 -0.2981501 1

-0.1332082 -0.9840139 -0.1182047 0
-0.01466054 -0.1172981 0.9929888 0
-0.9909799 0.1340072 0.001199067 0
-0.1627241 -0.01673132 -0.2626882 1

0.8506311 -0.4234347 -0.3116575 0
-0.3070897 0.08100954 -0.9482268 0
0.4267591 0.9022974 -0.0611234 0
-0.2168316 -0.006783903 -0.3949182 1

0.5861923 -0.0635618 -0.8076751 0
0.5146986 0.7991061 0.3106691 0
0.6256713 -0.5978208 0.5011449 0
-0.2839963 0.0251109 -0.3577358 1

0.5109282 -0.1260371 -0.8503337 0
-0.01352888 0.9878916 -0.1545551 0
0.8595173 0.09047058 0.5030364 0
-0.2744105 0.009822667 -0.4121379 1

0.5446598 -0.05640077 -0.8367589 0
0.4042282 0.8918458 0.2030046 0
0.7348102 -0.4488098 0.5085512 0
-0.2860641 0.01954675 -0.3916584 1

-0.4265459 -0.04272328 0.9034563 0
-0.0333406 0.9989476 0.03149795 0
-0.9038512 -0.01668645 -0.4275215 0
-0.01231349 -0.2788262 -0.03133532 1

0.1897685 -0.1503915 -0.9702425 0
-0.8653151 -0.4925442 -0.09289959 0
-0.4639159 0.8571948 -0.2236054 0
-0.05461912 -0.3213821 0.05963794 1

-0.4194196 -0.1539284 0.8946469 0
-0.3347059 0.9423082 0.005215228 0
-0.843836 -0.2972563 -0.4467433 0
-0.01574179 -0.2101589 -0.02970672 1

0.4468807 0.2925881 -0.8453933 0
-0.02612251 -0.9403318 -0.3392546 0
-0.8942121 0.1736901 -0.4125731 0
0.03108964 -0.3126869 -0.1254041 1

0.3096844 0.302781 -0.9013431 0
0.9178944 -0.3425665 0.2002955 0
-0.2481242 -0.889366 -0.3840084 0
0.0276901 -0.43506 -0.1695541 1

-0.4923107 -0.0738242 0.8672832 0
-0.395108 0.9067813 -0.1470956 0
-0.7755771 -0.4150873 -0.4755868 0
-0.0425966 -0.1345538 -0.02928828 1

0.3072392 -0.1200706 -0.9440272 0
-0.3891159 -0.9211403 -0.009480491 0
-0.8684429 0.3702487 -0.3297318 0
-0.1672465 -0.3854905 0.04754636 1

-0.5610496 -0.001140147 0.8277813 0
-0.4430807 0.8450987 -0.299145 0
-0.6992159 -0.5346091 -0.4746475 0
-0.07882645 -0.05140549 -0.04277637 1

0.383516 0.4305429 -0.8170364 0
0.4993497 -0.8408851 -0.2087159 0
-0.7768947 -0.327941 -0.5374843 0
0.128301 -0.4726089 -0.1475996 1

0.07295516 -0.04954315 -0.996104 0
-0.6567252 -0.7540559 -0.01059449 0
-0.7505931 0.6549394 -0.08754851 0
-0.2097225 -0.4860426 0.04651146 1

-0.627554 -0.09414007 0.7728607 0
-0.4786435 0.8295683 -0.2876055 0
-0.6140656 -0.5504125 -0.5656585 0
-0.1245338 0.03577322 -0.07363557 1

0.5071085 0.3148375 -0.8023205 0
-0.2800021 -0.8202197 -0.4988372 0
-0.8151317 0.4776161 -0.3277853 0
0.1804059 -0.5603516 -0.1693781 1

-0.7881317 -0.5831173 -0.1970347 0
0.4916059 -0.403733 -0.7715719 0
0.3703676 -0.7049637 0.6048588 0
-0.09338972 0.02316594 -0.1056037 1

0.124749 -0.1157586 -0.9854126 0
-0.992184 -0.01157318 -0.1242468 0
0.002978325 0.9932102 -0.1162975 0
-0.277363 -0.5637078 0.04542025 1

0.3162079 0.6225671 0.7158371 0
-0.586462 -0.4648285 0.6633225 0
0.7457042 -0.629559 0.2181297 0
-0.1424364 0.02324015 -0.03272744 1

-0.9674946 -0.2118721 0.1380744 0
-0.2468345 0.9099313 -0.3333133 0
-0.05501837 -0.3565602 -0.9326509 0
-0.146521 0.1122691 -0.08217119 1

-0.3254159 -0.003925081 0.9455628 0
-0.4861486 -0.8570091 -0.1708659 0
0.8110265 -0.5152865 0.2769764 0
-0.1967701 -0.01982456 0.02872711 1

-0.8191081 0.1854599 -0.5428323 0
0.2603414 -0.7230405 -0.6398711 0
-0.51116 -0.6654451 0.5439653 0
-0.04784627 -0.01423681 -0.1770838 1

0.06479764 -0.9624395 -0.2636501 0
0.1717023 0.2710183 -0.9471365 0
0.9830156 0.01610282 0.1828146 0
-0.2380663 -0.09262365 0.01421281 1

0.494515 0.3378809 -0.8008067 0
-0.8689852 0.2111668 -0.4475197 0
0.01789528 0.9171942 0.3980386 0
-0.02568383 -0.07578808 -0.231555 1

0.1858331 -0.9354482 -0.3006709 0
0.07879764 0.3192035 -0.9444047 0
0.9794167 0.1518094 0.1330297 0
-0.2063292 -0.04252928 -0.1608537 1

0.5043535 -0.3586465 -0.7854939 0
-0.8083714 0.1237107 -0.5755274 0
0.3035849 0.9252397 -0.2275257 0
-0.1863136 -0.03675443 -0.3142779 1

0.1026134 -0.9894746 -0.1020304 0
0.1159912 0.1137746 -0.9867125 0
0.9879357 0.08941532 0.1264453 0
-0.2000948 -0.01653153 -0.2381419 1

0.3721944 -0.9271349 -0.04350454 0
0.3026874 0.1655554 -0.938601 0
0.8774121 0.3361737 0.3422509 0
-0.1958892 -0.04540616 -0.2409639 1

0.1711557 -0.9644015 -0.2015819 0
0.1806334 0.2318487 -0.9558336 0
0.9685439 0.1271841 0.2138856 0
-0.2046197 0.01256043 -0.2354222 1

-0.1081252 -0.5184689 -0.848233 0
0.4950842 0.7118216 -0.4981985 0
0.8620909 -0.4738145 0.1797201 0
-0.1988242 -0.008961022 -0.1756993 1

0.5931023 -0.1959818 -0.7809104 0
-0.6720836 0.4135466 -0.6142339 0
0.4433213 0.8891402 0.1135594 0
-0.2547033 -0.03011554 -0.3653959 1

0.5390735 -0.343189 -0.7691694 0
-0.6792775 0.3627862 -0.6379409 0
0.4979782 0.8663762 -0.03755231 0
-0.270196 -0.01480806 -0.340375 1

0.8871493 -0.3200811 -0.3324376 0
-0.2114795 0.3582997 -0.9093394 0
0.4101745 0.8770232 0.2501746 0
-0.1888692 -0.03323799 -0.3522765 1

0.5784042 -0.2214505 -0.7851168 0
-0.6722417 0.4158091 -0.6125311 0
0.462104 0.8820788 0.09163739 0
-0.2357294 -0.034504 -0.3806425 1

3.711501 -1.483689 -0.1530749 0
1.450454 3.494428 1.298138 0
-0.3477803 -1.260016 3.780398 0
-0.1696256 0.02933162 -0.3251578 1

-0.4240481 -0.8719231 -0.2448131 0
0.3304111 0.1027391 -0.938229 0
0.8432152 -0.4787431 0.2445269 0
-0.1849072 0.008918941 -0.1953182 1

0.1992369 -0.9799505 -0.001319643 0
0.70965 0.1433523 0.689817 0
-0.675797 -0.1383736 0.7239827 0
-0.1854752 -0.03962994 -0.2733356 1

0.165426 -0.9692001 -0.1824432 0
0.3738649 0.2328131 -0.897788 0
0.9126113 0.08030836 0.4008633 0
-0.1982285 0.02075392 -0.2692361 1

-0.02948713 -0.9993289 -0.02173145 0
0.9411673 -0.03508004 0.3361165 0
-0.3366531 -0.0105419 0.9415699 0
-0.1955725 -0.01206511 -0.2766335 1

0.610563 -0.04297432 -0.7908011 0
-0.6616556 0.5210662 -0.5391682 0
0.43523 0.8524339 0.2897094 0
-0.1997914 -0.02079064 -0.3780052 1

0.4943427 -0.2373833 -0.8362265 0
0.1611252 0.9703431 -0.1802049 0
0.854204 -0.04565418 0.5179303 0
-0.2914665 -0.003444552 -0.3602723 1

0.5412139 -0.1798379 -0.8214292 0
-0.4084719 0.7976397 -0.4437588 0
0.7350092 0.575699 0.3582349 0
-0.2602215 -0.01935452 -0.4029591 1

0.5511754 -0.1283327 -0.8244615 0
-0.2012074 0.9384997 -0.2805962 0
0.8097666 0.3205452 0.4914563 0
-0.280589 -0.01416832 -0.3892034 1

-0.4266115 -0.904433 -0.001929075 0
0.06544307 -0.02874135 -0.9974424 0
0.9020643 -0.4256466 0.0714505 0
-0.1708102 0.01854581 -0.2250821 1

0.1783934 -0.9735908 -0.1424666 0
-0.5000638 -0.2144039 0.8390276 0
-0.8474149 -0.07843461 -0.525106 0
-0.1616045 -0.03486598 -0.2501432 1

0.1295317 -0.9817022 -0.1395783 0
0.8234639 0.1849165 -0.536389 0
0.5523848 -0.04545835 0.832349 0
-0.1856823 0.02857602 -0.2993658 1

-0.09483123 -0.9889125 -0.1142748 0
-0.01799709 -0.1130704 0.9934242 0
-0.9953308 0.09626421 -0.00707522 0
-0.1587761 -0.01342267 -0.2634923 1

0.8680783 -0.3976265 -0.2972097 0
-0.2979123 0.06164377 -0.952601 0
0.3971003 0.9154743 -0.06494631 0
-0.2179115 -0.003457963 -0.4017828 1

0.5979 -0.05155648 -0.7999113 0
0.4838482 0.8188313 0.3088802 0
0.6390675 -0.5717149 0.5145244 0
-0.2865573 0.02651966 -0.3657274 1

0.5252963 -0.1169228 -0.8428481 0
-0.04461606 0.9853676 -0.1645001 0
0.8497491 0.1240157 0.5123933 0
-0.2757963 0.01104456 -0.4198561 1

0.556513 -0.04606873 -0.8295609 0
0.3716769 0.9067869 0.198983 0
0.743068 -0.4190654 0.5217612 0
-0.2880198 0.02056676 -0.3996153 1

-0.3704413 -0.01513271 0.9287326 0
-0.01893358 0.9997826 0.008738406 0
-0.9286629 -0.01434716 -0.3706473 0
-0.008433296 -0.2869038 -0.03370878 1

0.1248237 -0.1065518 -0.9864409 0
-0.8704319 -0.4889391 -0.05733055 0
-0.4762009 0.8657858 -0.1537773 0
-0.04556546 -0.3266757 0.06071738 1

-0.376917 -0.1038719 0.9204044 0
-0.3002365 0.9537418 -0.01531642 0
-0.8762371 -0.282112 -0.3906676 0
-0.01090214 -0.2181762 -0.03357368 1

0.4247161 0.2717346 -0.8635835 0
-0.0643649 -0.9424147 -0.3281947 0
-0.9030356 0.194974 -0.3827685 0
0.02865479 -0.3236085 -0.1293986 1

0.2887634 0.2790609 -0.9158279 0
0.868337 -0.4792368 0.1277617 0
-0.4032451 -0.8321401 -0.380705 0
0.02027845 -0.4462527 -0.1721093 1

-0.4502569 -0.02296667 0.8926037 0
-0.3695887 0.9148058 -0.1628941 0
-0.8128178 -0.4032404 -0.4203859 0
-0.03499133 -0.1416536 -0.03480257 1

0.3003323 -0.09864622 -0.9487198 0
-0.262758 -0.9647097 0.01712862 0
-0.916929 0.2441394 -0.3156537 0
-0.1588588 -0.3903149 0.05325538 1

-0.5219752 0.04722898 0.8516522 0
-0.4284784 0.8488234 -0.3096853 0
-0.7375283 -0.5265626 -0.4228281 0
-0.06888115 -0.05776954 -0.04973932 1

0.4807983 0.3466906 -0.8053809 0
0.4106591 -0.9005823 -0.1425154 0
-0.7747208 -0.2622159 -0.5753701 0
0.1154573 -0.4987821 -0.1581053 1

0.233893 -0.04475256 -0.9712318 0
-0.7853937 -0.5975283 -0.1616063 0
-0.5731062 0.8005981 -0.1749061 0
-0.1875416 -0.4956231 0.05512513 1

-0.6011204 -0.04254793 0.798025 0
-0.4581852 0.8365084 -0.3005329 0
-0.6547675 -0.5462997 -0.5223371 0
-0.1130821 0.02979338 -0.08168583 1

0.8533726 0.01263949 -0.521148 0
-0.5059049 -0.221091 -0.833774 0
-0.1257597 0.9751714 -0.1822786 0
0.1583078 -0.5927539 -0.1729761 1

-0.8101165 -0.5618305 -0.1675044 0
0.4619009 -0.4357015 -0.7725359 0
0.3610523 -0.7032145 0.6124791 0
-0.083877 0.01500732 -0.1145383 1

0.2686064 -0.1166429 -0.9561616 0
-0.9363955 0.2011348 -0.2875903 0
0.2258626 0.9725941 -0.05519783 0
-0.2684345 -0.5571665 0.03848023 1

0.3778343 0.6588311 0.6505252 0
-0.549805 -0.4056603 0.7301742 0
0.7449536 -0.6335467 0.2089565 0
-0.1294785 0.01932782 -0.03958254 1

-0.9683184 -0.1887489 0.1635027 0
-0.2347884 0.9111416 -0.3386671 0
-0.08505103 -0.3663262 -0.9265913 0
-0.1325379 0.1067219 -0.09223953 1

-0.2918141 0.005572427 0.9564589 0
-0.5271578 -0.8353316 -0.1559682 0
0.7980912 -0.5497184 0.2466993 0
-0.180416 -0.01825529 0.02806556 1

-0.8528399 0.1603483 -0.4969432 0
0.2550492 -0.7025208 -0.6643903 0
-0.4556469 -0.6933634 0.5582411 0
-0.04108551 -0.02535707 -0.1861077 1

0.03181225 -0.9726282 -0.2301796 0
0.1371374 0.2323657 -0.9629123 0
0.9900411 -0.000933873 0.1407759 0
-0.2251957 -0.08921295 0.01481676 1

0.4473532 0.3435157 -0.8257557 0
-0.8927213 0.2273345 -0.3890603 0
0.05407462 0.9112169 0.4083625 0
-0.01937356 -0.08516157 -0.2426662 1

0.163604 -0.935051 -0.3145044 0
0.08207804 0.330596 -0.9401969 0
0.9831058 0.1280061 0.130834 0
-0.1998476 -0.04626304 -0.1631656 1

0.4934459 -0.3641468 -0.7898785 0
-0.8076746 0.1451547 -0.5714821 0
0.322758 0.9199605 -0.2224862 0
-0.1843909 -0.04313934 -0.314583 1

0.08000547 -0.9899898 -0.1162735 0
0.1144875 0.1250019 -0.9855291 0
0.990198 0.06553586 0.1233424 0
-0.1933475 -0.01932806 -0.2401103 1

0.3511516 -0.9345164 -0.05806756 0
0.3024914 0.1719177 -0.93752 0
0.8861104 0.3116466 0.3430524 0
-0.1898012 -0.04824704 -0.2433533 1

0.148686 -0.9650585 -0.2157654 0
0.1818839 0.2411571 -0.9532902 0
0.9720139 0.1024967 0.2113853 0
-0.1972084 0.009816587 -0.2369652 1

-0.1231693 -0.5039591 -0.8549006 0
0.5088706 0.7075098 -0.4903884 0
0.8519861 -0.4954344 0.1693067 0
-0.191653 -0.01266563 -0.1775744 1

0.5857266 -0.2034822 -0.7845504 0
-0.6652668 0.4322204 -0.6087738 0
0.4629734 0.8785105 0.117793 0
-0.2528139 -0.03466874 -0.3653845 1

0.5285556 -0.3495584 -0.7735876 0
-0.6736528 0.381791 -0.6327935 0
0.5165472 0.8555962 -0.03368323 0
-0.2678749 -0.01919943 -0.3402001 1

0.8787106 -0.3369922 -0.338089 0
-0.2070987 0.3690001 -0.9060625 0
0.4300911 0.8661844 0.2544535 0
-0.187014 -0.0393092 -0.3525468 1

0.5704625 -0.2285966 -0.7888703 0
-0.6653693 0.4344742 -0.607055 0
0.4815147 0.8711923 0.09575009 0
-0.2339981 -0.03936392 -0.3807352 1

3.676678 -1.563944 -0.1900487 0
1.533648 3.442573 1.34038 0
-0.3605055 -1.304904 3.763944 0
-0.1622135 0.02706051 -0.3266109 1

-0.4444683 -0.8587072 -0.2550893 0
0.3288023 0.1084988 -0.9381458 0
0.8332691 -0.5008498 0.2341207 0
-0.1774191 0.00517267 -0.1970028 1

0.1772278 -0.984042 -0.01586467 0
0.7154893 0.117759 0.688628 0
-0.6757704 -0.1333952 0.7249416 0
-0.1793925 -0.04225087 -0.2756867 1

0.1429282 -0.9699961 -0.1966706 0
0.3753236 0.2369887 -0.8960854 0
0.915808 0.05426084 0.3979348 0
-0.1907731 0.0183394 -0.2706892 1

-0.0519542 -0.9980168 -0.03554057 0
0.9415076 -0.06081592 0.3314598 0
-0.3329637 -0.01624121 0.9428001 0
-0.1888832 -0.01442367 -0.2785553 1

0.6064714 -0.05082611 -0.793479 0
-0.6522186 0.5389738 -0.5330274 0
0.4547563 0.8407878 0.2937225 0
-0.1977608 -0.02645248 -0.3781476 1

0.4858807 -0.2423517 -0.8397533 0
0.1814938 0.9678223 -0.1743001 0
0.8549738 -0.06772061 0.5142314 0
-0.288969 -0.007241428 -0.3599361 1

0.5340477 -0.1859397 -0.8247542 0
-0.3927215 0.809328 -0.4367585 0
0.7487077 0.5571486 0.3591973 0
-0.2582399 -0.02353448 -0.4028523 1

0.5451148 -0.1346433 -0.8274788 0
-0.1818247 0.9445388 -0.2734708 0
0.818407 0.2995292 0.4904006 0
-0.2784374 -0.01800126 -0.3889815 1

-0.4467693 -0.8945595 -0.01267323 0
0.06071624 -0.01618439 -0.9980241 0
0.8925868 -0.4466558 0.06154516 0
-0.1632314 0.01489919 -0.2266911 1

0.1559569 -0.9752364 -0.1568163 0
-0.5013167 -0.214941 0.8381421 0
-0.8510929 -0.0520993 -0.5224242 0
-0.1553268 -0.0383476 -0.252535 1

0.1069379 -0.9822941 -0.153827 0
0.8252063 0.1739881 -0.5373669 0
0.5546163 -0.06947415 0.8292012 0
-0.1781778 0.02630156 -0.3007617 1

-0.1174252 -0.9848446 -0.1276419 0
-0.01647571 -0.1265816 0.9918197 0
-0.9929452 0.1185675 -0.001362264 0
-0.1520732 -0.01678747 -0.2655961 1

0.8580924 -0.414344 -0.3033093 0
-0.3001238 0.07459274 -0.9509794 0
0.4166571 0.9070586 -0.06034712 0
-0.2155901 -0.008568585 -0.4017361 1

0.5935903 -0.05906896 -0.8025967 0
0.502705 0.8060074 0.3124741 0
0.6284412 -0.5889511 0.5081325 0
-0.2834304 0.02264565 -0.3652087 1

0.5194201 -0.1225493 -0.8456858 0
-0.02381105 0.9872029 -0.1576815 0
0.8541873 0.1020399 0.509855 0
-0.2732143 0.007310092 -0.4194824 1

0.55222 -0.05248195 -0.832045 0
0.3920551 0.8971251 0.203616 0
0.7357623 -0.4386482 0.5159862 0
-0.2851508 0.01695734 -0.3991299 1

-0.317862 0.01001263 0.9480842 0
-0.00184802 0.9999358 -0.01117981 0
-0.9481352 -0.005305717 -0.3178231 0
-0.00993321 -0.2996883 -0.03506348 1

0.0492112 -0.04833021 -0.9976185 0
-0.9039955 -0.4268729 -0.02391273 0
-0.4247005 0.9030192 -0.06469718 0
-0.0423538 -0.3368994 0.06210206 1

-0.3402501 -0.05150688 0.9389233 0
-0.2665416 0.9628289 -0.04377196 0
-0.9017679 -0.2651556 -0.3413314 0
-0.01125171 -0.2309388 -0.03623158 1

0.3832993 0.2817111 -0.8796141 0
-0.03672542 -0.9469488 -0.3192796 0
-0.9228938 0.1546838 -0.3526188 0
0.02110549 -0.3389511 -0.1318847 1

0.2529195 0.3441201 -0.9042198 0
0.9421791 -0.2999767 0.1493745 0
-0.219842 -0.8897166 -0.4000927 0
0.01632611 -0.4621853 -0.1734352 1

-0.412287 0.0175667 0.9108847 0
-0.346373 0.9217144 -0.1745518 0
-0.8426418 -0.3874713 -0.3739262 0
-0.03263742 -0.1536871 -0.03974359 1

0.301942 -0.06699234 -0.9509697 0
-0.2011843 -0.97954 0.00512708 0
-0.9318563 0.1897721 -0.309242 0
-0.1600157 -0.3924602 0.05898963 1

-0.4840406 0.07513078 0.8718143 0
-0.4180635 0.8553898 -0.3058287 0
-0.7687182 -0.5125072 -0.382634 0
-0.06439846 -0.06916958 -0.0557493 1

