MeshAnim
1
135
47
30
-0.9990368 0.01722284 0.04035817 0
0.01987612 0.9976023 0.06629227 0
-0.03911966 0.06703058 -0.9969837 0
0.001544227 -0.2831312 0.01389053 1

0.9060267 -0.2987181 -0.2998059 0
-0.3584942 -0.9181955 -0.1685213 0
-0.22494 0.2601634 -0.9389979 0
-0.1011734 -0.3195134 0.01541962 1

-0.9992462 0.00695032 0.03819405 0
0.008325027 0.9993188 0.03595237 0
-0.03791814 0.03624323 -0.9986234 0
0.002861762 -0.2144513 0.01719601 1

0.9200296 0.312125 0.2369045 0
0.3502312 -0.9261539 -0.1399186 0
0.1757379 0.2117006 -0.9614047 0
0.1026791 -0.3229283 0.005690353 1

0.9123157 0.2564505 0.3192387 0
0.009965977 -0.7932797 0.6087758 0
0.4093665 -0.5522143 -0.7262771 0
0.1482575 -0.4434564 -0.01251841 1

-0.9993242 -0.009840626 0.03541611 0
-0.009404801 0.9998783 0.01245136 0
-0.03553433 0.01210985 -0.9992951 0
0.003529713 -0.1342719 0.02008061 1

0.918146 -0.1950997 -0.3448838 0
0.02730728 -0.8371602 0.5462759 0
-0.3953012 -0.5109788 -0.7633071 0
-0.1478341 -0.4390235 -0.006514708 1

-0.999096 -0.02669346 0.03308697 0
-0.02707392 0.9995717 -0.01110453 0
-0.03277637 -0.0119903 -0.9993907 0
0.00266733 -0.04258698 0.02122235 1

0.8675677 -0.07991415 0.4908565 0
0.3076952 -0.6891586 -0.6560367 0
0.3907045 0.7201906 -0.5733025 0
0.1493499 -0.5304082 0.05420984 1

0.8677086 0.08123268 -0.4903911 0
-0.3015919 -0.6981817 -0.6492958 0
-0.3951261 0.7112976 -0.5813187 0
-0.1448533 -0.5304083 0.05311701 1

-0.9996123 -0.01025476 0.02588523 0
-0.01414973 0.9877987 -0.1550929 0
-0.02397896 -0.1553991 -0.9875607 0
-0.0001255622 0.06052685 0.02007684 1

0.9048066 -0.001378258 0.4258208 0
0.4257731 0.01823414 -0.9046461 0
-0.006517647 0.999833 0.01708518 0
0.1814566 -0.6023189 -0.01424468 1

0.05162077 -0.01884217 -0.9984889 0
0.892481 -0.4477693 0.05458998 0
-0.4481215 -0.8939504 -0.006297927 0
0.04415494 0.04681337 0.0186519 1

0.9065199 0.00101593 -0.4221622 0
-0.422109 0.01824456 -0.9063615 0
0.006781379 0.9998332 0.016968 0
-0.1759162 -0.6023186 -0.01375826 1

0.1058309 0.02425067 0.9940885 0
-0.8636348 -0.493279 0.1039762 0
0.4928844 -0.8695331 -0.0312604 0
-0.04359758 0.04446638 0.02189424 1

-0.9996546 -0.02216428 0.01412075 0
-0.0204675 0.9936445 0.1106874 0
-0.01648431 0.1103602 -0.993755 0
-0.0006370432 0.1397262 0.03170064 1

-0.3733295 -0.08709547 0.9236014 0
-0.2954754 -0.9325717 -0.2073756 0
0.8793859 -0.3503208 0.322422 0
-0.1236104 -0.001234233 0.03152728 1

-0.6954879 -0.04531867 -0.7171074 0
0.2909555 -0.9302908 -0.2233925 0
-0.6569944 -0.364013 0.6601915 0
0.1268363 0.00533098 0.02370923 1

-0.4422754 -0.3573669 0.8226065 0
-0.1800359 -0.8631434 -0.4717739 0
0.8786238 -0.3567526 0.3174083 0
-0.1487097 -0.08045202 0.01391163 1

-0.7503693 0.2713643 -0.6027498 0
0.0492598 -0.8863584 -0.4603719 0
-0.6591808 -0.3751403 0.6517287 0
0.1516049 -0.07386315 0.004692169 1

-0.4204684 -0.4217561 0.8033233 0
-0.1006233 -0.8582548 -0.5032631 0
0.9017103 -0.2924392 0.3184306 0
-0.1819871 -0.2399935 -0.07328994 1

-0.3385243 0.3572762 -0.8704911 0
0.1197895 -0.9012215 -0.4164736 0
-0.9333016 -0.2452622 0.2622874 0
0.1607105 -0.2377043 -0.08040643 1

-0.4050931 -0.3686464 0.8366596 0
0.4689145 -0.8693554 -0.156014 0
0.7848687 0.3291216 0.5250336 0
-0.190455 -0.3101482 -0.1144582 1

-0.4073133 -0.3409222 0.847271 0
0.458043 -0.8788583 -0.1334345 0
0.7901219 0.333737 0.5141277 0
-0.2024485 -0.316702 -0.08852363 1

-0.416585 -0.3728528 0.8291186 0
0.5481341 -0.8306153 -0.09811952 0
0.7252628 0.4135932 0.5503952 0
-0.1786427 -0.3035319 -0.1407433 1

-0.208367 -0.977355 0.03688771 0
0.69811 -0.1750366 -0.6942655 0
0.6850005 -0.1189103 0.7187731 0
-0.1643532 -0.2540197 -0.1032209 1

-0.3275714 0.320935 -0.8886493 0
-0.4660933 -0.8730235 -0.1434818 0
-0.8218601 0.367193 0.4355633 0
0.1726348 -0.3128769 -0.119664 1

-0.3370708 0.3029246 -0.8914146 0
-0.4589859 -0.8795578 -0.125339 0
-0.8220189 0.3668986 0.4355114 0
0.1802782 -0.3255914 -0.08999405 1

-0.2222647 0.9620171 -0.1584975 0
-0.6226017 -0.2651471 -0.7362499 0
-0.7503104 -0.0649616 0.6578863 0
0.1440074 -0.2526426 -0.1114009 1

-0.3269747 0.3180521 -0.8899045 0
-0.5492807 -0.8302311 -0.09490439 0
-0.7690111 0.4577762 0.4461645 0
0.159133 -0.2994805 -0.1354742 1

2.1671 -1.855498 2.803713 0
3.339883 0.8052946 -2.048582 0
0.3858319 3.45089 1.985574 0
-0.173032 -0.3980092 -0.1652564 1

-0.6831902 -0.2010162 0.7020283 0
0.1699877 -0.9787344 -0.1148207 0
0.71018 0.04089189 0.7028317 0
-0.145057 -0.2648978 -0.1234099 1

-0.5681841 -0.2973879 0.7672856 0
0.4976811 0.6183783 0.6082125 0
-0.6553475 0.7274402 -0.2033483 0
-0.1866206 -0.3469918 -0.09318621 1

-0.5367096 -0.3262008 0.7781618 0
0.6980996 0.3463289 0.6266684 0
-0.4739194 0.8795735 0.04184265 0
-0.1592561 -0.3329176 -0.1442073 1

-0.5321149 -0.315541 0.7856765 0
0.6889276 0.3780602 0.618425 0
-0.4921716 0.8703474 0.01621329 0
-0.17215 -0.344054 -0.1205682 1

-0.6089108 0.1725862 -0.7742358 0
-0.1717291 -0.9815783 -0.08374615 0
-0.7744266 0.08196507 0.6273317 0
0.1263643 -0.265567 -0.1327988 1

-0.5145657 0.257005 -0.8180283 0
-0.532415 0.6520619 0.5397682 0
0.6721284 0.7132766 -0.1986954 0
0.1659492 -0.3531089 -0.09385759 1

-0.4952371 0.259112 -0.8292172 0
-0.7357727 0.3824152 0.558925 0
0.4619294 0.8869157 0.001261437 0
0.1391208 -0.3297288 -0.1389319 1

-0.4836838 0.2636234 -0.8345972 0
-0.7251199 0.4133166 0.5507911 0
0.4901544 0.8715917 -0.008755937 0
0.1545992 -0.346553 -0.1253053 1

-0.7791427 -0.02658286 0.6262826 0
-0.1842286 -0.9452666 -0.2693165 0
0.5991632 -0.3252152 0.7316002 0
-0.1345097 -0.2963319 -0.1322386 1

-0.5750265 -0.4017352 0.7127085 0
-0.4129794 0.8945377 0.171028 0
-0.7062528 -0.1959885 -0.6802911 0
-0.1699202 -0.3262181 -0.07269376 1

-0.5711214 -0.3839525 0.7255348 0
0.03129078 0.8730404 0.4866433 0
-0.8202691 0.3006349 -0.4865979 0
-0.135822 -0.3212914 -0.123182 1

-0.56506 -0.373987 0.7354187 0
0.008937687 0.888536 0.4587199 0
-0.8250015 0.2657771 -0.4987339 0
-0.1452082 -0.3292689 -0.0964011 1

-0.7229677 0.1494386 -0.6745262 0
0.1099017 -0.9390187 -0.3258302 0
-0.6820846 -0.3096963 0.6624566 0
0.1162935 -0.2975773 -0.1410485 1

-0.5214681 0.383188 -0.7623895 0
0.4165334 0.8941156 0.1644902 0
0.7446952 -0.2317842 -0.6258634 0
0.1495885 -0.3330251 -0.07710411 1

-0.5467573 0.3426878 -0.7639511 0
-0.0543851 0.8959461 0.4408206 0
0.8355229 0.2825693 -0.471228 0
0.1110905 -0.3151602 -0.1176188 1

-0.5265031 0.3327744 -0.7823399 0
-0.03275297 0.9115897 0.4097941 0
0.8495423 0.2413818 -0.4690556 0
0.1277435 -0.3312457 -0.1049433 1

-0.9990303 0.0168342 0.04068311 0
0.01947982 0.9976602 0.06553373 0
-0.03948471 0.06626268 -0.9970207 0
0.001532939 -0.2831421 0.01414205 1

0.906385 -0.2982152 -0.2992234 0
-0.3584394 -0.9177377 -0.1711123 0
-0.2235802 0.2623469 -0.9387151 0
-0.1011689 -0.3195661 0.0157333 1

-0.9992345 0.006741735 0.03853471 0
0.008071718 0.9993734 0.03446312 0
-0.03827823 0.03474778 -0.9986628 0
0.002822766 -0.2144591 0.01739533 1

0.9207005 0.3110366 0.2357271 0
0.348738 -0.9268307 -0.1391651 0
0.1751936 0.2103364 -0.9618034 0
0.1026817 -0.3229029 0.005937655 1

0.9121932 0.2559473 0.319992 0
0.009459947 -0.7938701 0.6080138 0
0.4096516 -0.551599 -0.726584 0
0.1480659 -0.4435191 -0.01217305 1

-0.9993135 -0.009500664 0.0358093 0
-0.009207966 0.9999229 0.008329862 0
-0.03588568 0.007994413 -0.9993238 0
0.003470392 -0.1342753 0.02016044 1

0.9181137 -0.1975388 -0.3435785 0
0.02505741 -0.8362594 0.5477616 0
-0.3955249 -0.5115167 -0.7628309 0
-0.1478225 -0.4390166 -0.006538262 1

-0.9991021 -0.02581515 0.03359433 0
-0.0264255 0.9994914 -0.01785271 0
-0.03311638 -0.01872442 -0.9992762 0
0.002626058 -0.04258639 0.02092426 1

0.8672836 -0.07972129 0.4913899 0
0.307943 -0.6896588 -0.6553947 0
0.3911403 0.719733 -0.57358 0
0.1491028 -0.5305356 0.05447166 1

0.8679038 0.08128465 -0.4900371 0
-0.3011843 -0.6983816 -0.6492704 0
-0.3950085 0.7110956 -0.581646 0
-0.1450872 -0.5303031 0.05325565 1

-0.9996033 -0.00966046 0.02645444 0
-0.01384225 0.9865664 -0.1627731 0
-0.02452661 -0.1630747 -0.9863088 0
-9.99436E-05 0.06051916 0.01908261 1

0.904571 -0.001225797 0.4263218 0
0.4262803 0.01687572 -0.9044339 0
-0.00608586 0.9998571 0.01578792 0
0.1812352 -0.6024984 -0.01391587 1

0.05100637 -0.02578258 -0.9983655 0
0.8916334 -0.4491365 0.05715228 0
-0.449876 -0.8930911 7.977895E-05 0
0.04417113 0.04676741 0.01773589 1

0.9067007 0.001090247 -0.421774 0
-0.4217241 0.01796352 -0.9065464 0
0.006588161 0.9998385 0.01674728 0
-0.1761082 -0.602234 -0.01361699 1

0.1051357 0.03026252 0.9939973 0
-0.8647812 -0.490745 0.1064094 0
0.4910193 -0.8707776 -0.02542436 0
-0.04358182 0.04449993 0.0210228 1

-0.999662 -0.02066841 0.01576729 0
-0.0189155 0.9943757 0.1042071 0
-0.01783241 0.1038736 -0.9944305 0
-0.0005749032 0.1398068 0.0300896 1

-0.3763415 -0.06846295 0.923948 0
-0.2966698 -0.935851 -0.1901841 0
0.8776984 -0.3456815 0.3318886 0
-0.1237008 -0.0009659529 0.03088126 1

-0.7112531 -0.02669363 -0.7024289 0
0.2710254 -0.9324303 -0.238996 0
-0.6485865 -0.3603626 0.6704286 0
0.1267739 0.005158365 0.0230306 1

-0.446057 -0.3431735 0.8265986 0
-0.1789835 -0.8707099 -0.4580715 0
0.8769255 -0.3522735 0.3269637 0
-0.1489016 -0.0804624 0.01472596 1

-0.7562907 0.2439105 -0.6070685 0
0.06284385 -0.8965299 -0.4385029 0
-0.6512105 -0.3697862 0.6627091 0
0.1498459 -0.07421792 0.00268524 1

-0.4222899 -0.4055603 0.810674 0
-0.1011559 -0.8676584 -0.4867615 0
0.9007992 -0.2875589 0.3253784 0
-0.1819845 -0.2414023 -0.06994292 1

-0.3466054 0.3299899 -0.8780497 0
0.133721 -0.9091325 -0.3944573 0
-0.9284307 -0.2541347 0.2709837 0
0.1614625 -0.2399393 -0.07837094 1

-0.4068849 -0.3518398 0.8430027 0
0.4678483 -0.8728891 -0.138501 0
0.7845783 0.3380432 0.5197731 0
-0.1904959 -0.312326 -0.1097627 1

-0.4090795 -0.3239128 0.8530737 0
0.4569292 -0.8819388 -0.1157589 0
0.7898544 0.3424395 0.5087882 0
-0.2025377 -0.3183604 -0.08372467 1

-0.4183718 -0.3561741 0.8355269 0
0.5470394 -0.833155 -0.08124501 0
0.7250608 0.4230756 0.5434098 0
-0.1786347 -0.3062354 -0.1361526 1

-0.2098795 -0.9761553 0.05542312 0
0.6988786 -0.1894224 -0.6897016 0
0.683754 -0.1060201 0.7219696 0
-0.1643271 -0.2560293 -0.09957092 1

-0.3350951 0.2933976 -0.8953375 0
-0.4518627 -0.8839068 -0.1205347 0
-0.8267596 0.364179 0.4287683 0
0.1745373 -0.3158514 -0.1157963 1

-0.3443004 0.2751694 -0.8976297 0
-0.4446021 -0.8898721 -0.102257 0
-0.8269136 0.3638809 0.4287242 0
0.1824656 -0.3277001 -0.08584411 1

-0.2386364 0.9539899 -0.1815372 0
-0.6199503 -0.2935465 -0.7276621 0
-0.747472 -0.06110262 0.6614772 0
0.1449325 -0.2559139 -0.1089384 1

-0.3344536 0.2904949 -0.8965231 0
-0.5356285 -0.8413112 -0.07278527 0
-0.7753985 0.45586 0.4369769 0
0.1607748 -0.3030755 -0.1318927 1

2.160162 -1.804218 2.84227 0
3.34412 0.7607264 -2.05868 0
0.38803 3.487993 1.919203 0
-0.1731285 -0.4011762 -0.1588297 1

-0.6845313 -0.1864322 0.7047414 0
0.1686978 -0.9810153 -0.09565756 0
0.7091955 0.05340771 0.7029862 0
-0.1450172 -0.2673232 -0.1195171 1

-0.5697663 -0.2816948 0.7720198 0
0.4976992 0.629271 0.5969204 0
-0.6539589 0.7243388 -0.218338 0
-0.1867481 -0.3487578 -0.08777796 1

-0.538351 -0.3103384 0.7834977 0
0.697684 0.3573354 0.6209256 0
-0.4726684 0.8809096 0.02414632 0
-0.1592869 -0.3357109 -0.1390197 1

-0.5337514 -0.2995423 0.7908123 0
0.6885715 0.3889153 0.6120574 0
-0.4908962 0.8712172 -0.001327723 0
-0.1722324 -0.34637 -0.1151896 1

-0.6136394 0.1432809 -0.7764775 0
-0.1555843 -0.9860594 -0.05899847 0
-0.774106 0.08460403 0.627377 0
0.1274532 -0.2696539 -0.1299592 1

-0.520822 0.2281432 -0.8226148 0
-0.5418332 0.6562939 0.5250668 0
0.6596676 0.7191863 -0.2181967 0
0.1685867 -0.3555384 -0.08898562 1

-0.5015592 0.2302929 -0.8339086 0
-0.7406281 0.3838705 0.5514649 0
0.4471114 0.8942081 -0.02197239 0
0.14126 -0.3337274 -0.1345445 1

-0.4900962 0.2348608 -0.8394321 0
-0.7305111 0.4147337 0.54254 0
0.4755622 0.8791111 -0.03169098 0
0.1570504 -0.349951 -0.1205522 1

-0.7801109 -0.01335271 0.6254987 0
-0.1852384 -0.9500169 -0.2513063 0
0.5975901 -0.3119132 0.738645 0
-0.1345037 -0.2989371 -0.1277217 1

-0.5766831 -0.3870657 0.719456 0
-0.411898 0.8982748 0.1531111 0
-0.7055333 -0.208046 -0.6774514 0
-0.1700472 -0.327617 -0.06766492 1

-0.5727707 -0.3690445 0.7319427 0
0.03187033 0.8822218 0.4697547 0
-0.8190961 0.2923889 -0.4935492 0
-0.1358667 -0.3237154 -0.1181871 1

-0.5667092 -0.3588991 0.7416416 0
0.009581899 0.8972086 0.4415036 0
-0.8238624 0.2573104 -0.5050173 0
-0.1453045 -0.3311608 -0.09127154 1

-0.7270446 0.1207186 -0.6758944 0
0.124691 -0.9448363 -0.3028805 0
-0.6751729 -0.3044856 0.6718856 0
0.1178957 -0.3020208 -0.1373872 1

-0.5296831 0.3555313 -0.7700868 0
0.4020116 0.9046878 0.1411609 0
0.7468753 -0.2348131 -0.6221256 0
0.1519362 -0.3353205 -0.07268511 1

-0.5542988 0.3145915 -0.7705745 0
-0.068177 0.9055451 0.4187359 0
0.8295208 0.2846403 -0.4804947 0
0.1130447 -0.3191028 -0.1135157 1

-0.5339288 0.3045633 -0.7887722 0
-0.04688602 0.9207734 0.3872699 0
0.8442286 0.2437569 -0.4773476 0
0.1299948 -0.334592 -0.1004958 1

-0.9990093 0.01739732 0.04096165 0
0.01994982 0.9978296 0.06275363 0
-0.039781 0.06350863 -0.9971881 0
0.001517325 -0.2831971 0.01440481 1

0.9070972 -0.2980115 -0.2972607 0
-0.358452 -0.9171147 -0.1743926 0
-0.2206511 0.2647447 -0.9387349 0
-0.1012003 -0.3195703 0.01613078 1

-0.9992191 0.007363779 0.03881941 0
0.008574286 0.9994792 0.03110936 0
-0.03857011 0.03141791 -0.9987618 0
0.002839097 -0.214506 0.01746671 1

0.9214398 0.3095599 0.2347796 0
0.3467305 -0.9278401 -0.1374447 0
0.1752905 0.2080522 -0.9622825 0
0.1026455 -0.3230262 0.006278027 1

0.912204 0.2541906 0.3213581 0
0.007187751 -0.7941113 0.6077299 0
0.4096733 -0.5520638 -0.7262185 0
0.1477684 -0.4437737 -0.01160879 1

-0.9993099 -0.008235089 0.03622006 0
-0.008247603 0.999966 -0.0001960709 0
-0.03621721 -0.0004946704 -0.9993438 0
0.003527047 -0.1343137 0.01996274 1

0.9180118 -0.2024553 -0.3409783 0
0.02042618 -0.8345726 0.5505192 0
-0.3960267 -0.5123481 -0.762012 0
-0.1478556 -0.4389398 -0.006567741 1

-0.9991254 -0.02391846 0.03429707 0
-0.02500254 0.9991898 -0.03153583 0
-0.033515 -0.03236577 -0.998914 0
0.002770774 -0.04262084 0.01994476 1

0.8668408 -0.07929212 0.4922395 0
0.3082614 -0.6907275 -0.6541182 0
0.3918697 0.7187548 -0.5743081 0
0.1485562 -0.5308166 0.05500481 1

0.8683101 0.08127123 -0.4893185 0
-0.3004258 -0.6987939 -0.6491775 0
-0.3946922 0.7106913 -0.5823538 0
-0.1456259 -0.5300421 0.05352718 1

-0.9995969 -0.008577393 0.02706031 0
-0.01330277 0.9836481 -0.1796087 0
-0.02507724 -0.1798964 -0.9833659 0
0.0001915608 0.06045371 0.01669159 1

0.9042091 -0.0008832449 0.4270891 0
0.4270586 0.01399381 -0.9041158 0
-0.005177964 0.9999018 0.01303043 0
0.180722 -0.602891 -0.01324953 1

0.05033759 -0.0393011 -0.9979587 0
0.8912117 -0.4492413 0.06264485 0
-0.4507862 -0.8925458 0.01241207 0
0.04444241 0.04662114 0.0155178 1

0.9070688 0.001122253 -0.4209807 0
-0.420935 0.01738396 -0.9069241 0
0.006300457 0.9998483 0.01624083 0
-0.1765687 -0.6020155 -0.0133359 1

0.1019982 0.04123963 0.9939293 0
-0.8667209 -0.4867073 0.1091381 0
0.4882534 -0.8725913 -0.01389999 0
-0.04331246 0.04452485 0.01886641 1

-0.9997273 -0.01613351 0.01688006 0
-0.01451215 0.995642 0.09212118 0
-0.01829274 0.09185108 -0.9956047 0
-0.0002290705 0.1399181 0.02634174 1

-0.3860492 -0.04349237 0.9214522 0
-0.2974304 -0.9396738 -0.1689631 0
0.8732131 -0.339296 0.3498244 0
-0.1236112 -0.0005668998 0.02897768 1

-0.7314276 -0.01730757 -0.6816995 0
0.253386 -0.9350009 -0.248131 0
-0.6330953 -0.3542229 0.688271 0
0.1270062 0.005002439 0.02132136 1

-0.456661 -0.3259706 0.8277704 0
-0.1740725 -0.8797298 -0.4424635 0
0.8724444 -0.346148 0.3449959 0
-0.1488765 -0.08038801 0.01462501 1

-0.7677767 0.2096173 -0.6054581 0
0.07640645 -0.9082716 -0.4113455 0
-0.6361454 -0.3620825 0.6813337 0
0.1485765 -0.07459271 0.0001983531 1

-0.4243069 -0.3844832 0.8198391 0
-0.09952064 -0.8800958 -0.4642488 0
0.9000331 -0.2785749 0.3351667 0
-0.1810517 -0.2429952 -0.06715886 1

-0.3629532 0.2954856 -0.8837157 0
0.148008 -0.9180667 -0.3677602 0
-0.9199776 -0.2642766 0.2894813 0
0.1627001 -0.2424845 -0.07583784 1

-0.4090091 -0.3299315 0.8507977 0
0.4685499 -0.875992 -0.1144527 0
0.7830534 0.351829 0.5128781 0
-0.1894294 -0.3149365 -0.1051391 1

-0.4112413 -0.3017524 0.8601314 0
0.4575732 -0.8844504 -0.09151153 0
0.7883575 0.3559398 0.5017964 0
-0.2015386 -0.3202958 -0.07898486 1

-0.4204743 -0.3344644 0.8434067 0
0.5475721 -0.834743 -0.05804047 0
0.7234405 0.4374216 0.5341314 0
-0.1774998 -0.3095304 -0.131647 1

-0.2096559 -0.9744735 0.08028734 0
0.7007967 -0.2070196 -0.6826617 0
0.6818567 -0.08685895 0.7263106 0
-0.1633094 -0.2583815 -0.09634832 1

-0.350885 0.2586135 -0.8999994 0
-0.4349191 -0.8961645 -0.08794817 0
-0.8292921 0.3605673 0.4269268 0
0.1769179 -0.3192436 -0.1110538 1

-0.3597389 0.2401408 -0.9016209 0
-0.4273368 -0.9014111 -0.06958096 0
-0.8294405 0.3602647 0.4268937 0
0.1854171 -0.3299934 -0.08084472 1

-0.2601573 0.9428784 -0.2080837 0
-0.6217661 -0.3284662 -0.710997 0
-0.7387325 -0.05559162 0.6717028 0
0.1461661 -0.2597315 -0.1057036 1

-0.3501973 0.2556888 -0.9011022 0
-0.5190111 -0.8538047 -0.04056346 0
-0.7797369 0.4534767 0.4317054 0
0.1627196 -0.3072543 -0.1273753 1

2.153223 -1.728552 2.894088 0
3.349336 0.7083159 -2.068874 0
0.3815569 3.537004 1.828665 0
-0.1718967 -0.4050276 -0.151827 1

-0.6863467 -0.1683086 0.7075312 0
0.1693268 -0.9830991 -0.0696041 0
0.7072881 0.0720314 0.7032459 0
-0.1439418 -0.2701828 -0.1159417 1

-0.5717262 -0.2617337 0.777576 0
0.4958577 0.6448393 0.5816422 0
-0.6536469 0.7181074 -0.2388887 0
-0.1857266 -0.3507813 -0.08220231 1

-0.5403309 -0.2900543 0.7898803 0
0.6958812 0.3737118 0.6132609 0
-0.4730666 0.8810267 -8.478202E-05 0
-0.1581331 -0.3390619 -0.1336931 1

-0.5357552 -0.2790692 0.7969233 0
0.6867803 0.4050457 0.6035484 0
-0.4912222 0.8706656 -0.02534613 0
-0.1711384 -0.3491022 -0.109628 1

-0.6249631 0.1066719 -0.7733318 0
-0.1359462 -0.9903555 -0.02674354 0
-0.7687262 0.08841781 0.6334372 0
0.1287422 -0.274468 -0.1260858 1

-0.5344213 0.1919154 -0.8231418 0
-0.5493805 0.6612238 0.510847 0
0.6423203 0.7252254 -0.2479377 0
0.172079 -0.3581903 -0.0829644 1

-0.5153321 0.1941014 -0.8347201 0
-0.7422374 0.3857958 0.5479468 0
0.4283886 0.9019349 -0.05474385 0
0.1438103 -0.3383614 -0.1288532 1

-0.5040268 0.1987259 -0.8405148 0
-0.7328553 0.4165647 0.537957 0
0.4570347 0.8871202 -0.06432263 0
0.1600835 -0.3538202 -0.1145519 1

-0.7817796 0.002603495 0.6235496 0
-0.1842025 -0.9563273 -0.2269523 0
0.5957265 -0.2922861 0.7481167 0
-0.1333944 -0.3019951 -0.1232914 1

-0.5784619 -0.3684419 0.7277583 0
-0.4126486 0.9017747 0.1285453 0
-0.7036354 -0.22595 -0.6736794 0
-0.1690877 -0.3291159 -0.0626026 1

-0.57459 -0.3500997 0.7397813 0
0.0302754 0.8941797 0.4466832 0
-0.8178813 0.2790569 -0.5031875 0
-0.1347735 -0.326517 -0.1131179 1

-0.5685584 -0.3397022 0.7492288 0
0.008056985 0.908415 0.4179917 0
-0.8226035 0.2436893 -0.5137501 0
-0.1442806 -0.3332627 -0.08604269 1

-0.7367672 0.08496166 -0.6707875 0
0.1407217 -0.9510825 -0.2750267 0
-0.6613412 -0.297025 0.6887704 0
0.1197701 -0.3072364 -0.1324002 1

-0.5453172 0.3206694 -0.7744678 0
0.384882 0.916566 0.1085026 0
0.7446446 -0.2389104 -0.623239 0
0.1551973 -0.3378158 -0.06710249 1

-0.569091 0.2792457 -0.7734063 0
-0.08214086 0.9165586 0.3913733 0
0.8181617 0.2862552 -0.4986681 0
0.1155339 -0.3236628 -0.1079584 1

-0.5487208 0.2690701 -0.7915218 0
-0.06151477 0.9312286 0.3592069 0
0.8337396 0.2457946 -0.4944329 0
0.1329408 -0.3383948 -0.09466514 1

-0.9989754 0.01883453 0.04115088 0
0.02119904 0.9981031 0.05779992 0
-0.03998419 0.05861306 -0.9974797 0
0.001481922 -0.2834291 0.01467062 1

0.9086778 -0.2968822 -0.2935403 0
-0.3576635 -0.9162398 -0.1805051 0
-0.2153645 0.2690095 -0.9387503 0
-0.1012801 -0.3196664 0.0166053 1

-0.9992034 0.008545581 0.03898022 0
0.009465964 0.9996793 0.02348838 0
-0.038767 0.02383866 -0.998964 0
0.002889336 -0.2147253 0.01739154 1

0.9213079 0.3090781 0.235929 0
0.3466365 -0.9277612 -0.1382121 0
0.1761674 0.2091175 -0.9618913 0
0.1025586 -0.3234229 0.006713484 1

0.9124507 0.2509187 0.3232237 0
0.002401325 -0.7931875 0.6089731 0
0.4091796 -0.5548817 -0.7243469 0
0.1476692 -0.4441601 -0.0112732 1

-0.9993073 -0.006731849 0.03660214 0
-0.00734682 0.9998336 -0.01669312 0
-0.03648368 -0.01695046 -0.9991904 0
0.003648828 -0.134517 0.01927611 1

0.9177919 -0.2092008 -0.3374812 0
0.01454442 -0.8316619 0.5550919 0
-0.3967959 -0.5143673 -0.7602496 0
-0.1478327 -0.4389219 -0.006888816 1

-0.9991359 -0.02208769 0.03520851 0
-0.0240686 0.9980915 -0.05686881 0
-0.0338852 -0.05766708 -0.9977606 0
0.002975154 -0.04283619 0.01774542 1

0.8662575 -0.07885378 0.4933358 0
0.308814 -0.6917134 -0.6528145 0
0.3927237 0.7178545 -0.5748508 0
0.1479324 -0.5311018 0.05547666 1

0.8688784 0.08094176 -0.4883638 0
-0.2997248 -0.6991358 -0.6491339 0
-0.3939746 0.7103931 -0.5832033 0
-0.146245 -0.5297065 0.05370526 1

-0.9995794 -0.008225445 0.0278088 0
-0.01387658 0.9776881 -0.2096034 0
-0.02546425 -0.2099012 -0.9773909 0
0.0004922854 0.06012499 0.01187894 1

0.903721 -0.0005239062 0.4281216 0
0.4280998 0.01127265 -0.9036613 0
-0.004352676 0.9999366 0.01041157 0
0.1801558 -0.6032791 -0.01264165 1

0.04934497 -0.06403422 -0.9967272 0
0.8936417 -0.4428549 0.0726925 0
-0.4460601 -0.8943038 0.03537104 0
0.04472963 0.04622495 0.01104251 1

0.9075532 0.0008284003 -0.419937 0
-0.4198899 0.01690293 -0.9074178 0
0.006346435 0.999857 0.01568826 0
-0.1771156 -0.6017151 -0.01315334 1

0.09833336 0.06315301 0.9931476 0
-0.8689544 -0.4809554 0.11662 0
0.4850245 -0.8744676 0.007583149 0
-0.04302604 0.04429799 0.01447095 1

-0.999781 -0.01197358 0.01716033 0
-0.01064092 0.99707 0.07575069 0
-0.01801706 0.07555155 -0.9969792 0
3.699248E-05 0.1398472 0.01909432 1

-0.4136838 -0.008788849 0.9103782 0
-0.3020104 -0.9420071 -0.1463303 0
0.8588687 -0.3354782 0.3870388 0
-0.1235317 -0.0002608895 0.0252754 1

-0.7568941 -0.02708418 -0.652976 0
0.2457746 -0.9375926 -0.2459989 0
-0.6055627 -0.34668 0.7163148 0
0.1275185 0.005197942 0.0177769 1

-0.4874952 -0.3101733 0.8161746 0
-0.1613038 -0.8866891 -0.4333168 0
0.8580964 -0.342892 0.3822246 0
-0.1491861 -0.08028024 0.01284527 1

-0.7892795 0.1810479 -0.5867364 0
0.07915215 -0.9175729 -0.3896089 0
-0.6089112 -0.3539518 0.7098911 0
0.148441 -0.07461792 -0.003164602 1

-0.4384848 -0.3678162 0.8200258 0
-0.0910291 -0.8895506 -0.447676 0
0.8941167 -0.2709453 0.3565724 0
-0.1790011 -0.2441738 -0.06724797 1

-0.3946208 0.2659535 -0.8795131 0
0.1522025 -0.9250518 -0.3480141 0
-0.9061506 -0.2711977 0.3245659 0
0.163072 -0.244229 -0.07518284 1

-0.4237531 -0.3126266 0.8501164 0
0.470814 -0.8778197 -0.08813009 0
0.7738008 0.3629013 0.5191678 0
-0.1866841 -0.3168887 -0.1038776 1

-0.4261592 -0.2842628 0.8588265 0
0.4594395 -0.8858116 -0.06521547 0
0.7792969 0.3667868 0.5080984 0
-0.1992484 -0.3217165 -0.07783489 1

-0.435085 -0.3173192 0.8426206 0
0.5488186 -0.8353589 -0.03120336 0
0.713792 0.4488698 0.537603 0
-0.1742932 -0.3120214 -0.1302782 1

-0.2106679 -0.9727655 0.09667537 0
0.7127461 -0.2205301 -0.6658525 0
0.6690384 -0.07136871 0.7397935 0
-0.1607435 -0.2601454 -0.09579828 1

-0.382434 0.2288586 -0.8951917 0
-0.4222219 -0.9050568 -0.05100367 0
-0.8218718 0.3584638 0.4427535 0
0.1775034 -0.3216617 -0.1088011 1

-0.3910203 0.2102097 -0.8960555 0
-0.4139965 -0.9096893 -0.03274838 0
-0.822016 0.3581585 0.442733 0
0.1870984 -0.3314644 -0.07859804 1

-0.2822337 0.9326974 -0.2245438 0
-0.6374972 -0.3572454 -0.6826224 0
-0.7168972 -0.049513 0.6954185 0
0.1459295 -0.2625293 -0.1040624 1

-0.3817309 0.2259171 -0.8962383 0
-0.5055344 -0.8628039 -0.002169088 0
-0.7737677 0.4522513 0.4435677 0
0.1626147 -0.3103412 -0.1249844 1

2.10275 -1.66695 2.966433 0
3.384861 0.6679889 -2.023983 0
0.3480839 3.574224 1.761751 0
-0.1683011 -0.4079101 -0.1483833 1

-0.6985942 -0.1541951 0.6987059 0
0.1708901 -0.9841999 -0.04633696 0
0.694811 0.08703113 0.7139068 0
-0.1410307 -0.2723337 -0.1148015 1

-0.5851855 -0.2460722 0.7726616 0
0.4853331 0.6570551 0.576828 0
-0.6496226 0.7125499 -0.2650721 0
-0.183371 -0.3522503 -0.08014527 1

-0.5540004 -0.2741101 0.7860961 0
0.6848722 0.3867843 0.6175337 0
-0.4733218 0.8804895 -0.02654835 0
-0.1548826 -0.3415744 -0.1313749 1

-0.5495531 -0.2629788 0.7929901 0
0.6759314 0.4179046 0.6070192 0
-0.4910275 0.8695962 -0.05190522 0
-0.1683044 -0.3511262 -0.1073397 1

-0.6499274 0.07596862 -0.7561898 0
-0.1199784 -0.992771 0.003382499 0
-0.7504663 0.09292494 0.6543435 0
0.1281442 -0.2780819 -0.1235044 1

-0.5623944 0.1612961 -0.8109849 0
-0.5446445 0.6657057 0.5100967 0
0.6221538 0.7285737 -0.28654 0
0.1741793 -0.3599182 -0.07956651 1

-0.5437061 0.1634788 -0.8232002 0
-0.7316106 0.3883046 0.5603263 0
0.4112537 0.9069147 -0.0915207 0
0.1441963 -0.3417763 -0.1250635 1

-0.5326621 0.168128 -0.8294601 0
-0.7230573 0.4189427 0.5492501 0
0.4398406 0.8923119 -0.1015888 0
0.1611557 -0.3565852 -0.110872 1

-0.7926025 0.01487956 0.609557 0
-0.1798337 -0.9609373 -0.2103795 0
0.5826157 -0.2763662 0.7643172 0
-0.130344 -0.304283 -0.1213075 1

-0.5910063 -0.3537895 0.7249445 0
-0.4151783 0.9039285 0.1026663 0
-0.6916203 -0.2403049 -0.6811131 0
-0.1670868 -0.3301734 -0.06070764 1

-0.5873526 -0.3352005 0.7366528 0
0.02209744 0.9032186 0.4286119 0
-0.8090293 0.2680244 -0.5231007 0
-0.1318922 -0.3285909 -0.1106563 1

-0.5814917 -0.3246061 0.745988 0
0.0003806725 0.9168429 0.3992477 0
-0.8135523 0.2324433 -0.5330131 0
-0.1418705 -0.3347841 -0.08361861 1

-0.7581756 0.05520841 -0.6497093 0
0.1483006 -0.9556961 -0.2542681 0
-0.6349622 -0.2891322 0.716398 0
0.1195378 -0.3111467 -0.1286794 1

-0.5739728 0.2911107 -0.7653822 0
0.3724968 0.9251933 0.07255264 0
0.7292473 -0.2434591 -0.6394736 0
0.1574472 -0.3394015 -0.06372927 1

-0.5970015 0.2493537 -0.762504 0
-0.08563082 0.9252316 0.3696135 0
0.7976569 0.2859536 -0.5310122 0
0.1163254 -0.3269815 -0.1036971 1

-0.5770236 0.239027 -0.7809675 0
-0.06624393 0.9393676 0.3364526 0
0.8140368 0.2458755 -0.5262032 0
0.1343748 -0.3410725 -0.09056693 1

-0.9989287 0.02106736 0.04120254 0
0.02314116 0.9984549 0.05051993 0
-0.04007456 0.05141928 -0.9978728 0
0.001416644 -0.2839864 0.01497723 1

0.9116228 -0.293602 -0.2876488 0
-0.3551291 -0.9149781 -0.1915684 0
-0.2069475 0.2767906 -0.9383814 0
-0.1014148 -0.3200096 0.01719551 1

-0.9991907 0.01001382 0.03895445 0
0.01037946 0.9999039 0.009195378 0
-0.03885863 0.009592264 -0.9991987 0
0.002957485 -0.2152675 0.01719708 1

0.9193542 0.3109556 0.2410287 0
0.3509009 -0.9251326 -0.1449085 0
0.1779233 0.2177994 -0.9596388 0
0.1024141 -0.3242327 0.007292564 1

0.9130402 0.2458413 0.3254537 0
-0.005632571 -0.7902588 0.6127476 0
0.4078313 -0.5612963 -0.7201529 0
0.1480798 -0.4446279 -0.01156557 1

-0.9993014 -0.005677411 0.03693763 0
-0.00732844 0.9989728 -0.04471703 0
-0.03664582 -0.04495649 -0.9983166 0
0.003790271 -0.1350412 0.01793486 1

0.9174118 -0.2171318 -0.3334807 0
0.008538676 -0.8270854 0.5620116 0
-0.3978475 -0.5184436 -0.7569238 0
-0.1476376 -0.439101 -0.007738579 1

-0.9991081 -0.02138741 0.03640821 0
-0.02488521 0.9948257 -0.09850165 0
-0.03411314 -0.09931981 -0.9944707 0
0.003118282 -0.04343927 0.01383449 1

0.8655718 -0.07866159 0.4945685 0
0.309724 -0.6919599 -0.6521219 0
0.3935184 0.717638 -0.5745774 0
0.1474624 -0.5312486 0.05559801 1

0.8695584 0.0800405 -0.4873004 0
-0.2994968 -0.6991115 -0.6492651 0
-0.3926447 0.7105188 -0.5839462 0
-0.1467055 -0.529386 0.05361086 1

-0.9995329 -0.009791382 0.02894862 0
-0.01689623 0.9663899 -0.256525 0
-0.02546393 -0.2568942 -0.966104 0
0.0005511749 0.05918497 0.003673254 1

0.9031253 -0.0003481135 0.4293773 0
0.4293574 0.01040714 -0.9030747 0
-0.004154291 0.999946 0.00954857 0
0.1797807 -0.6034515 -0.01244802 1

0.04777293 -0.1045752 -0.9933689 0
0.9011729 -0.4244289 0.08802 0
-0.4308191 -0.8994021 0.07396418 0
0.04479943 0.04529709 0.003404525 1

0.9080798 -8.125231E-05 -0.4187971 0
-0.4187357 0.01693255 -0.9079502 0
0.007165124 0.9998567 0.01534213 0
-0.1775527 -0.6013921 -0.01326123 1

0.09605134 0.101879 0.9901489 0
-0.8710166 -0.472865 0.1331491 0
0.4817719 -0.8752251 0.04331897 0
-0.04295371 0.04344565 0.006937496 1

-0.9997947 -0.0116418 0.01658432 0
-0.01068881 0.9983489 0.05643667 0
-0.01721396 0.05624777 -0.9982685 0
-0.0001349412 0.1391608 0.007033734 1

-0.4683388 0.04129009 0.8825837 0
-0.3178212 -0.9399176 -0.1246779 0
0.8244078 -0.3388954 0.4533228 0
-0.1236504 -0.0003636479 0.0192733 1

-0.784555 -0.06448237 -0.6166973 0
0.2568386 -0.939039 -0.2285604 0
-0.5643646 -0.3377099 0.7532892 0
0.128286 0.005977094 0.01155889 1

-0.5503244 -0.2980372 0.7799467 0
-0.1373095 -0.8890998 -0.4366321 0
0.823583 -0.3473834 0.4483701 0
-0.1506479 -0.0802055 0.008682456 1

-0.8210713 0.1729286 -0.5440015 0
0.05919293 -0.922077 -0.3824531 0
-0.5677482 -0.3462223 0.7468548 0
0.1501503 -0.07396185 -0.007898107 1

-0.4730276 -0.3591522 0.8045215 0
-0.07313046 -0.8939855 -0.4420883 0
0.8780075 -0.2679549 0.3966148 0
-0.1760278 -0.2445446 -0.07202358 1

-0.443489 0.2548441 -0.8592857 0
0.1344596 -0.9289575 -0.3449035 0
-0.8861366 -0.2685001 0.3777164 0
0.161092 -0.2444055 -0.0785936 1

-0.4595118 -0.3036706 0.8346456 0
0.4730974 -0.8790091 -0.05934897 0
0.7516835 0.3675969 0.5475807 0
-0.182246 -0.3176222 -0.1082067 1

-0.4622498 -0.275218 0.8429593 0
0.4607595 -0.8867595 -0.03685372 0
0.757645 0.3713658 0.5367138 0
-0.1959007 -0.3221763 -0.08266836 1

-0.4705236 -0.3084308 0.8267273 0
0.548686 -0.8360285 0.0003782846 0
0.6910508 0.4537916 0.5626029 0
-0.1687494 -0.3130323 -0.1341101 1

-0.2156666 -0.9715814 0.09755864 0
0.7398819 -0.2277957 -0.6329961 0
0.6372305 -0.0643342 0.7679832 0
-0.1566033 -0.2608185 -0.09961701 1

-0.432119 0.2175801 -0.8751754 0
-0.4225846 -0.9061709 -0.01663414 0
-0.7966777 0.3626477 0.4835197 0
0.1737858 -0.3222166 -0.1120384 1

-0.4407026 0.1989105 -0.8753375 0
-0.4133467 -0.910573 0.001188781 0
-0.7968223 0.3623418 0.4835109 0
0.1850665 -0.3316433 -0.08230168 1

-0.2961679 0.9295539 -0.2195779 0
-0.6737778 -0.3662723 -0.6417693 0
-0.6769845 -0.04212479 0.7347909 0
0.1424057 -0.2630743 -0.106254 1

-0.4314693 0.214627 -0.8762245 0
-0.5031352 -0.863447 0.03625603 0
-0.7487919 0.4565028 0.4805373 0
0.1579968 -0.3111115 -0.1275014 1

1.974136 -1.638252 3.069026 0
3.467802 0.644955 -1.886368 0
0.2777406 3.59168 1.738591 0
-0.162111 -0.4091042 -0.1509759 1

-0.7275557 -0.1465867 0.6702054 0
0.1715582 -0.9847428 -0.02914321 0
0.6642517 0.093776 0.7416033 0
-0.1361223 -0.2732134 -0.1176494 1

-0.6174653 -0.2377898 0.7497951 0
0.4613827 0.6625291 0.5900686 0
-0.6370733 0.7102895 -0.2993766 0
-0.1799752 -0.3527434 -0.08399929 1

-0.5869053 -0.2657122 0.7648131 0
0.6587216 0.3925418 0.6418697 0
-0.4707738 0.8805156 -0.05535455 0
-0.1493439 -0.342609 -0.1340898 1

-0.5827394 -0.2545147 0.7717754 0
0.650267 0.4235603 0.6306739 0
-0.4874093 0.8693784 -0.08132272 0
-0.1637762 -0.3519064 -0.1105454 1

-0.6911542 0.06601017 -0.7196863 0
-0.1176071 -0.9928193 0.02188256 0
-0.7130738 0.09976441 0.6939544 0
0.1235973 -0.2788831 -0.124489 1

-0.6069781 0.1507913 -0.7802819 0
-0.5167509 0.6710485 0.5316602 0
0.6037766 0.7259174 -0.3293903 0
0.1721707 -0.360124 -0.0822104 1

-0.5890029 0.1528523 -0.7935438 0
-0.7000737 0.3940192 0.5955215 0
0.4036981 0.906303 -0.1250706 0
0.1396658 -0.3425698 -0.1261805 1

-0.5783337 0.1574409 -0.8004639 0
-0.6922114 0.4245337 0.5836219 0
0.4317096 0.8916186 -0.1365398 0
0.1574185 -0.3571845 -0.1127798 1

-0.8175346 0.02164163 0.5754725 0
-0.1719244 -0.9628943 -0.20803 0
0.5496172 -0.2690096 0.7909203 0
-0.1252079 -0.3052348 -0.1233762 1

-0.6213964 -0.3459818 0.7029672 0
-0.4180926 0.9052239 0.07594921 0
-0.6626199 -0.246711 -0.7071555 0
-0.1644981 -0.3304819 -0.06411786 1

-0.6182174 -0.3272776 0.7146304 0
0.005077854 0.9075087 0.4200023 0
-0.7859907 0.2632815 -0.5593759 0
-0.1272309 -0.3294322 -0.1125542 1

-0.6127422 -0.3165931 0.7240966 0
-0.01536824 0.92085 0.3896138 0
-0.7901335 0.2276048 -0.5691093 0
-0.1383453 -0.3353433 -0.08589928 1

-0.793267 0.04638419 -0.6071047 0
0.1358425 -0.9584795 -0.2507272 0
-0.5935271 -0.2813643 0.7540293 0
0.1147828 -0.3120193 -0.1287827 1

-0.6162618 0.2811284 -0.735655 0
0.3740954 0.9264978 0.0406765 0
0.6930181 -0.2501376 -0.676134 0
0.1563048 -0.3394412 -0.06571176 1

-0.6390105 0.239378 -0.7310019 0
-0.06678971 0.9294862 0.3627595 0
0.7662927 0.2806305 -0.5779637 0
0.1129975 -0.3275573 -0.1034734 1

-0.6200705 0.2288572 -0.7504246 0
-0.04930686 0.9432493 0.3284047 0
0.7829951 0.2406351 -0.5735968 0
0.1317779 -0.3414653 -0.0912015 1

-0.9988679 0.02401598 0.04106317 0
0.02569092 0.9988386 0.04076043 0
-0.04003658 0.04176924 -0.9983248 0
0.001308197 -0.2852146 0.01560615 1

0.9163878 -0.2869507 -0.2790929 0
-0.349764 -0.9130792 -0.2096462 0
-0.1946758 0.2897339 -0.9370996 0
-0.1016146 -0.3209521 0.01818333 1

-0.9991849 0.0114907 0.03869756 0
0.01094923 0.9998396 -0.01417544 0
-0.03885424 -0.01374017 -0.9991504 0
0.00302441 -0.2164814 0.01715436 1

0.9145502 0.3164103 0.2519577 0
0.3619902 -0.9181969 -0.1608652 0
0.1804474 0.2383256 -0.9542744 0
0.102202 -0.3257915 0.008308155 1

0.9140955 0.2385941 0.3278756 0
-0.01762645 -0.7844291 0.6199681 0
0.4051159 -0.5724892 -0.7128375 0
0.1493108 -0.445284 -0.01262656 1

-0.9992877 -0.005753784 0.03729675 0
-0.009011285 0.9961001 -0.08776978 0
-0.03664629 -0.08804334 -0.9954423 0
0.003902911 -0.1362602 0.01601701 1

0.916856 -0.2256176 -0.329351 0
0.003524645 -0.8203825 0.5718043 0
-0.3992029 -0.5254229 -0.7513773 0
-0.147139 -0.4397963 -0.009103716 1

-0.9990103 -0.0228392 0.0381672 0
-0.02870019 0.98656 -0.1608592 0
-0.03398034 -0.1617954 -0.9862392 0
0.003076611 -0.04492182 0.007968864 1

0.864857 -0.07903904 0.4957574 0
0.3110332 -0.6907922 -0.6527361 0
0.3940571 0.7187204 -0.5728526 0
0.1473788 -0.5312657 0.05532845 1

0.8703126 0.07829769 -0.4862362 0
-0.3001497 -0.6984243 -0.6497028 0
-0.3904694 0.7113882 -0.5843464 0
-0.1467542 -0.5293497 0.0533147 1

-0.9994147 -0.01437267 0.03103921 0
-0.02365333 0.9458968 -0.3236044 0
-0.02470883 -0.3241492 -0.9456834 0
0.0001159564 0.05684978 -0.008625056 1

0.9024736 -0.0006231535 0.430745 0
0.4307155 0.01311724 -0.9023924 0
-0.005087802 0.9999137 0.01210649 0
0.1798337 -0.6033468 -0.01278166 1

0.04648665 -0.1654916 -0.9851149 0
0.9125738 -0.3940443 0.10926 0
-0.4062607 -0.9040693 0.1327054 0
0.04441675 0.04314023 -0.008041368 1

0.9085855 -0.001910418 -0.4176949 0
-0.4175978 0.01788578 -0.9084562 0
0.009206302 0.9998384 0.01545284 0
-0.1776687 -0.601285 -0.0136025 1

0.09697387 0.1630185 0.9818459 0
-0.8724822 -0.4607726 0.1626757 0
0.4789267 -0.8724183 0.09754783 0
-0.04332783 0.04118222 -0.004356262 1

-0.999669 -0.0176861 0.01867964 0
-0.01717356 0.9994809 0.02725117 0
-0.01915192 0.02692141 -0.9994541 0
-0.001104604 0.1368582 -0.01087746 1

-0.5202268 0.114795 0.8462778 0
-0.3535697 -0.9309649 -0.09106506 0
0.7774011 -0.3465926 0.524901 0
-0.1241603 -0.001506746 0.01071508 1

-0.795031 -0.1355466 -0.5912299 0
0.297691 -0.9364434 -0.1856166 0
-0.5284935 -0.3235749 0.7848526 0
0.1289596 0.00663507 0.002080706 1

-0.6218978 -0.2984667 0.7239894 0
-0.1034735 -0.8850937 -0.4537649 0
0.7762321 -0.3571091 0.5195544 0
-0.1541944 -0.0805881 0.002979501 1

-0.8471074 0.2074111 -0.4892743 0
0.003204212 -0.9186794 -0.3949907 0
-0.5314118 -0.3361673 0.7775557 0
0.1543016 -0.07308292 -0.01372055 1

-0.4927803 -0.3725689 0.7863587 0
-0.05765393 -0.8877354 -0.4567297 0
0.8682415 -0.270404 0.4159786 0
-0.1733203 -0.2441868 -0.08089331 1

-0.4874377 0.2804595 -0.8268899 0
0.08039499 -0.9285724 -0.3623396 0
-0.8694485 -0.2430958 0.4300736 0
0.1548938 -0.2428986 -0.08673362 1

-0.4802999 -0.3174806 0.8176295 0
0.4781305 -0.8762789 -0.05938569 0
0.735325 0.3624106 0.572674 0
-0.178272 -0.3167537 -0.1182797 1

-0.4833755 -0.2891623 0.8262767 0
0.4652305 -0.8844017 -0.03734159 0
0.7415583 0.3663593 0.5620253 0
-0.1925826 -0.3217294 -0.09318282 1

-0.4910776 -0.3221666 0.8093526 0
0.5519253 -0.8338885 0.002949487 0
0.6739593 0.4481506 0.5873158 0
-0.1641101 -0.3117374 -0.1437451 1

-0.2141766 -0.9736957 0.07774942 0
0.7573953 -0.2158071 -0.6162627 0
0.6168312 -0.07310188 0.7836934 0
-0.1531015 -0.2599853 -0.1081909 1

-0.4783806 0.2430346 -0.8438519 0
-0.4538451 -0.8910803 0.0006483104 0
-0.7517822 0.3832881 0.536576 0
0.1627698 -0.3206688 -0.1217199 1

-0.4875973 0.2246696 -0.843666 0
-0.4436652 -0.8960156 0.01780596 0
-0.7519375 0.3829875 0.5365728 0
0.1755608 -0.3308438 -0.09285387 1

-0.2770689 0.9417205 -0.190775 0
-0.7249491 -0.3351935 -0.6017426 0
-0.6306197 -0.02842204 0.7755713 0
0.133876 -0.2605762 -0.1133522 1

-0.4779003 0.2400747 -0.8449705 0
-0.5293962 -0.8463238 0.05895761 0
-0.700964 0.4755 0.5315531 0
0.1464351 -0.3088427 -0.1360393 1

1.89852 -1.675275 3.096623 0
3.514076 0.6852548 -1.783733 0
0.2165669 3.567055 1.797003 0
-0.156629 -0.4075287 -0.1618119 1

-0.7445194 -0.1590276 0.6483836 0
0.1763332 -0.9835672 -0.0387591 0
0.6438925 0.08547466 0.7603264 0
-0.1320969 -0.2720402 -0.1258476 1

-0.6362103 -0.2509651 0.7295566 0
0.4427829 0.655607 0.6116559 0
-0.6318066 0.7121771 -0.3059809 0
-0.1765013 -0.3522142 -0.09452941 1

-0.6059459 -0.2789883 0.7449799 0
0.6397855 0.3856354 0.6648008 0
-0.4727621 0.8794608 -0.05518141 0
-0.1445901 -0.3412385 -0.143634 1

-0.6020127 -0.2678777 0.7522115 0
0.6315038 0.4167813 0.653832 0
-0.4886548 0.8686398 -0.08174188 0
-0.1596053 -0.3509309 -0.1206193 1

-0.7322352 0.09837291 -0.6739095 0
-0.1502278 -0.9884699 0.01893898 0
-0.6642761 0.1151079 0.738571 0
0.1134261 -0.2755096 -0.1305273 1

-0.6491466 0.1810124 -0.738812 0
-0.4589018 0.6814169 0.570158 0
0.6066446 0.7091582 -0.3592725 0
0.1617201 -0.358871 -0.09224504 1

-0.6319782 0.1826306 -0.7531595 0
-0.6473183 0.4099664 0.6425779 0
0.4261246 0.8936291 -0.1408697 0
0.1271474 -0.3396772 -0.1338913 1

-0.621612 0.1869421 -0.7606912 0
-0.6391685 0.4403444 0.6305239 0
0.4528377 0.8781511 -0.1542358 0
0.1451901 -0.355051 -0.1217903 1

-0.8326391 0.0102217 0.5537215 0
-0.1623554 -0.9604064 -0.2264073 0
0.5294834 -0.2784151 0.8013315 0
-0.1209021 -0.303934 -0.1317427 1

-0.6384478 -0.3584794 0.681085 0
-0.4236956 0.9024554 0.07782309 0
-0.6425468 -0.2388869 -0.7280569 0
-0.1616505 -0.3301861 -0.07392334 1

-0.6356574 -0.3399348 0.6930971 0
-0.009842187 0.9013236 0.4330344 0
-0.7719084 0.2684399 -0.5762789 0
-0.1231125 -0.3282935 -0.1213286 1

-0.6304803 -0.3293685 0.7028592 0
-0.02952731 0.9150286 0.4023071 0
-0.7756434 0.2328931 -0.5866327 0
-0.1349076 -0.3346328 -0.09506754 1

-0.8277033 0.08080052 -0.5553185 0
0.08666074 -0.9593034 -0.2687501 0
-0.5544341 -0.2705697 0.7870163 0
0.1032203 -0.3082723 -0.1346003 1

-0.6511056 0.3110186 -0.6923357 0
0.4076903 0.9127322 0.02661619 0
0.6401953 -0.2649285 -0.7210844 0
0.147644 -0.3378722 -0.07456394 1

-0.6749463 0.2700064 -0.6866905 0
-0.01176064 0.9265881 0.3758939 0
0.7377729 0.2617841 -0.6222218 0
0.1024901 -0.3240574 -0.1093917 1

-0.6576364 0.2590957 -0.7073781 0
0.003998369 0.940182 0.3406492 0
0.7533248 0.2211951 -0.6193337 0
0.1215116 -0.3387455 -0.09847471 1

-0.9987912 0.02759837 0.04067462 0
0.02876448 0.9991836 0.02836837 0
-0.03985849 0.02950406 -0.9987696 0
0.00114182 -0.2873961 0.01677316 1

0.9211096 -0.2789258 -0.2715842 0
-0.3445586 -0.9088171 -0.2352263 0
-0.1812096 0.3102458 -0.9332259 0
-0.1018906 -0.3227819 0.01978448 1

-0.9991894 0.01269294 0.03820152 0
0.01081335 0.9987397 -0.0490126 0
-0.03877548 -0.0485598 -0.9980673 0
0.003069595 -0.2186546 0.01746873 1

0.9064461 0.3251965 0.269449 0
0.3812992 -0.9044839 -0.1911016 0
0.1815668 0.275964 -0.943863 0
0.1019106 -0.3283707 0.009987944 1

0.9151652 0.2318415 0.329731 0
-0.03293688 -0.7722821 0.6344253 0
0.4017315 -0.5914643 -0.6991295 0
0.1515322 -0.4460787 -0.01488167 1

-0.9992514 -0.007623184 0.03792667 0
-0.01320438 0.9887245 -0.1491633 0
-0.03636193 -0.1495524 -0.9880849 0
0.003937194 -0.1385217 0.01353625 1

0.9171747 -0.2279071 -0.3268785 0
0.006160667 -0.812093 0.5834956 0
-0.3984385 -0.5371811 -0.7434267 0
-0.1467376 -0.4410713 -0.01083202 1

-0.9987794 -0.02735863 0.04112723 0
-0.03671955 0.9681369 -0.247715 0
-0.03303964 -0.2489228 -0.9679596 0
0.002726404 -0.04785949 -0.0001414362 1

0.8641918 -0.07671463 0.4972803 0
