MeshAnim
1
43
69
30
0.9995803 0.01513788 0.02470174 0
-0.01352231 0.9978384 -0.06430846 0
-0.02562184 0.06394744 0.9976243 0
-0.000123934 0.09748454 0.0003280989 1

0.9987541 0.01301769 0.04817469 0
-0.003422278 0.9809707 -0.194126 0
-0.04978503 0.1937192 0.979793 0
-8.558606E-05 0.1044239 -0.001520296 1

-0.9886339 0.04191953 0.1443809 0
0.0007525762 -0.9589499 0.2835745 0
0.1503414 0.28046 0.9480188 0
0.009610778 0.09369327 0.0003903389 1

-0.9889187 0.002258639 -0.1484415 0
-0.07526835 -0.8694751 0.4882087 0
-0.1279635 0.4939716 0.8600101 0
-0.009251105 0.09340763 -7.578143E-05 1

0.9972932 0.0350806 0.06461991 0
-0.02457732 0.9873409 -0.1566967 0
-0.06929889 0.1546844 0.9855306 0
-0.0001142589 0.1126427 -0.003146738 1

-0.9671746 0.06207204 0.2464148 0
-0.1394224 -0.9403397 -0.3103588 0
0.212449 -0.3345269 0.918127 0
0.009642054 0.05383937 0.01217568 1

-0.9604285 0.1048386 -0.2580429 0
0.02675559 -0.8874444 -0.4601377 0
-0.277239 -0.4488335 0.8495217 0
-0.01237926 0.05727224 0.02021417 1

0.9942027 0.07122356 0.08054873 0
-0.07725886 0.9942257 0.07447269 0
-0.07477941 -0.080264 0.9939647 0
-0.0003495912 0.1220967 -0.004647139 1

-0.9406578 -0.05901806 0.3341851 0
0.2782436 -0.697892 0.6599448 0
0.1942765 0.7137672 0.672899 0
0.00323838 0.01064954 -0.002079112 1

-0.9151652 0.2141388 -0.3414929 0
-0.3401764 -0.8647857 0.3693589 0
-0.216224 0.4541921 0.8642666 0
-0.01115037 0.01651191 -0.0009199493 1

0.9904829 0.1078174 0.08555138 0
-0.1055736 0.9939485 -0.03034546 0
-0.08830543 0.02102466 0.9958715 0
-0.0008558761 0.1327792 -0.005937132 1

-0.1119814 -0.09259369 0.989387 0
-0.8358715 -0.5296533 -0.1441747 0
0.5373816 -0.8431453 -0.01808519 0
-0.005786568 0.1300736 -0.006487975 1

0.1638314 0.1191616 -0.979265 0
0.9061855 -0.4104803 0.101656 0
-0.3898555 -0.9040501 -0.1752321 0
0.004255783 0.1307988 -0.005751086 1

0.04364137 0.08226786 -0.9956543 0
-0.05940467 -0.9946266 -0.08478675 0
-0.9972796 0.0628467 -0.03851973 0
-0.01329991 0.1202025 -0.007813778 1

-0.9469592 0.002470179 0.3213441 0
0.3212234 -0.02118622 0.9467664 0
0.009146767 0.9997725 0.01926913 0
0.006577303 0.002274841 0.005840225 1

-0.924109 0.1505341 -0.3512296 0
-0.3813254 -0.3036841 0.8731363 0
0.02477398 0.9408059 0.3380395 0
-0.01523249 0.006134495 0.003512359 1

0.9929079 0.09920169 0.06551952 0
-0.08120453 0.9684325 -0.2356782 0
-0.08683091 0.2286863 0.9696202 0
-0.00125942 0.1362513 -0.005640777 1

0.2449034 0.01277867 0.9694633 0
-0.3717006 -0.9222749 0.1060548 0
0.8954669 -0.3863233 -0.2211184 0
-0.01523387 0.1240873 -0.008117488 1

0.3655381 0.0768178 -0.9276211 0
0.4314616 -0.897037 0.09573658 0
-0.8247563 -0.4352283 -0.3610453 0
0.01419677 0.1262957 -0.004635905 1

0.04364137 0.08226786 -0.9956543 0
-0.05940467 -0.9946266 -0.08478675 0
-0.9972796 0.0628467 -0.03851973 0
-0.0142756 0.1038663 -0.009206351 1

-0.9469592 0.002470179 0.3213441 0
0.3212234 -0.02118622 0.9467664 0
0.009146767 0.9997725 0.01926913 0
0.007990703 0.002181627 0.01000605 1

-0.924109 0.1505341 -0.3512296 0
-0.3813254 -0.3036841 0.8731363 0
0.02477398 0.9408059 0.3380395 0
-0.01691032 0.004798278 0.007354158 1

0.9929079 0.09920169 0.06551952 0
-0.08120453 0.9684325 -0.2356782 0
-0.08683091 0.2286863 0.9696202 0
-0.003417686 0.1597796 -0.008557292 1

0.9929079 0.09920169 0.06551952 0
-0.08120453 0.9684325 -0.2356782 0
-0.08683091 0.2286863 0.9696202 0
-0.005632367 0.145852 0.00116162 1

0.9929079 0.09920169 0.06551952 0
-0.08120453 0.9684325 -0.2356782 0
-0.08683091 0.2286863 0.9696202 0
-0.000442654 0.1463705 0.001504063 1

0.3863976 0.4280108 0.8170089 0
-0.220989 -0.817044 0.532544 0
0.8954669 -0.3863237 -0.2211182 0
-0.02221548 0.1067643 -0.006125474 1

0.5175552 -0.3237173 -0.7920505 0
0.2278464 -0.8401093 0.4922427 0
-0.8247563 -0.4352285 -0.3610451 0
0.02228522 0.1094793 -0.002841166 1

0.5979713 0.3230232 0.7335438 0
0.09018998 -0.9364985 0.3388751 0
0.7964272 -0.1364794 -0.5891327 0
-0.02802251 0.08529443 0.007868448 1

0.8606634 0.02512534 -0.5085545 0
0.07485829 -0.9941726 0.07757041 0
-0.503642 -0.1048315 -0.8575287 0
0.02821525 0.08761427 0.009970147 1

0.6287993 0.4478698 0.6356289 0
0.4086765 -0.8858024 0.2198588 0
0.6615096 0.1215195 -0.7400257 0
-0.02670864 0.08323274 0.009010065 1

0.6054623 0.2875034 0.74213 0
0.3065761 -0.9447653 0.1158867 0
0.7344567 0.1573541 -0.6601615 0
-0.02636237 0.07810945 0.01107679 1

0.6054519 0.2875367 0.7421259 0
0.3063924 -0.9447992 0.116097 0
0.734542 0.1570905 -0.6601294 0
-0.02729591 0.07775611 0.01059621 1

0.6054624 0.2875037 0.74213 0
0.3065771 -0.9447652 0.1158861 0
0.7344562 0.1573553 -0.6601617 0
-0.02820982 0.07762518 0.009116713 1

0.6253902 0.2199402 0.7486745 0
0.256446 -0.9640923 0.06900706 0
0.7369685 0.1488381 -0.6593366 0
-0.02893327 0.07775329 0.007895011 1

0.8883601 -0.1420176 -0.436632 0
-0.2133334 -0.9697511 -0.1186245 0
-0.4065776 0.1985296 -0.8917853 0
0.02711913 0.0846374 0.01020132 1

0.8608065 0.07164948 -0.5038639 0
-0.0809285 -0.9581723 -0.2745113 0
-0.5024571 0.2770781 -0.8190024 0
0.02742781 0.07952936 0.01103108 1

0.8608064 0.07164975 -0.5038639 0
-0.08092853 -0.9581723 -0.2745118 0
-0.5024573 0.2770785 -0.8190023 0
0.02881779 0.0796103 0.01059532 1

0.8608065 0.07164866 -0.5038638 0
-0.0809292 -0.9581724 -0.274511 0
-0.5024568 0.2770782 -0.8190026 0
0.03021754 0.0793172 0.00967429 1

0.8608064 0.07164975 -0.503864 0
-0.0809283 -0.9581724 -0.2745115 0
-0.5024573 0.2770782 -0.8190024 0
0.03116397 0.08007827 0.008822728 1

0.6847257 0.0469676 0.7272861 0
0.1463677 -0.9864514 -0.07409807 0
0.7139519 0.157188 -0.6823227 0
-0.0258265 0.0813207 0.009484643 1

0.6254285 0.2453977 0.7406883 0
0.5336235 -0.8270863 -0.1765631 0
0.569285 0.5056762 -0.6482333 0
-0.02582379 0.07644976 0.01128037 1

0.6254285 0.2453995 0.7406879 0
0.5336244 -0.8270861 -0.1765618 0
0.5692844 0.5056756 -0.6482342 0
-0.0266692 0.07582361 0.01083368 1

0.6254286 0.2453982 0.7406882 0
0.5336235 -0.8270864 -0.1765626 0
0.569285 0.505676 -0.6482335 0
-0.02759046 0.07571651 0.009350827 1

0.6254285 0.2453973 0.7406884 0
0.5336232 -0.8270865 -0.1765633 0
0.5692852 0.505676 -0.648233 0
-0.02851685 0.07618779 0.008007064 1

0.8862662 0.2021669 -0.4167264 0
0.08057337 -0.95329 -0.2911127 0
-0.4561144 0.2244263 -0.8611578 0
0.0265763 0.08216982 0.009899478 1

0.86649 0.1070899 -0.4875723 0
-0.2036067 -0.815966 -0.5410584 0
-0.4557844 0.5680947 -0.6852222 0
0.0272831 0.07781605 0.01054022 1

0.8664902 0.1070899 -0.4875721 0
-0.2036066 -0.8159661 -0.5410582 0
-0.4557843 0.5680946 -0.6852223 0
0.0286601 0.07774324 0.01006042 1

0.8664904 0.1070893 -0.487572 0
-0.2036065 -0.8159667 -0.5410573 0
-0.455784 0.5680937 -0.6852231 0
0.0300724 0.07759864 0.009181937 1

0.8664902 0.1070904 -0.487572 0
-0.2036057 -0.8159666 -0.5410578 0
-0.4557846 0.5680937 -0.6852229 0
0.03104842 0.07871041 0.00843084 1

0.6668032 -0.1170727 0.7359807 0
0.00702455 -0.9865522 -0.1632956 0
0.7452009 0.1140558 -0.6570139 0
-0.02544768 0.07876761 0.009292861 1

0.6389884 0.2271972 0.734898 0
0.6186612 -0.7195383 -0.3154727 0
0.4571128 0.6562364 -0.6003348 0
-0.02501865 0.07520181 0.01101397 1

0.6389881 0.2271994 0.7348978 0
0.6186624 -0.719538 -0.3154714 0
0.457112 0.6562359 -0.600336 0
-0.02572197 0.07435544 0.01052026 1

0.6389881 0.2271982 0.734898 0
0.6186619 -0.7195382 -0.3154721 0
0.4571125 0.6562363 -0.600335 0
-0.02673153 0.07438522 0.009066632 1

0.6389883 0.2271973 0.7348982 0
0.6186616 -0.7195382 -0.3154727 0
0.4571128 0.6562366 -0.6003347 0
-0.02781211 0.07509548 0.007773882 1

0.8619858 0.289252 -0.4163101 0
0.1760483 -0.9409286 -0.2892416 0
-0.4753816 0.1760314 -0.8619893 0
0.02675874 0.08001132 0.009240322 1

0.8710652 0.1222381 -0.4757136 0
-0.2575685 -0.7109994 -0.6543229 0
-0.4182153 0.6924866 -0.5878423 0
0.02699322 0.07665435 0.009769917 1

0.8710654 0.1222383 -0.4757133 0
-0.2575686 -0.7109988 -0.6543236 0
-0.418215 0.6924874 -0.5878415 0
0.02830253 0.07631029 0.00911024 1

0.8710656 0.1222381 -0.475713 0
-0.2575679 -0.7109997 -0.6543232 0
-0.418215 0.6924864 -0.5878425 0
0.02977527 0.07640789 0.008392366 1

0.8710653 0.1222387 -0.4757132 0
-0.2575674 -0.7110002 -0.6543226 0
-0.4182159 0.6924859 -0.5878428 0
0.03080596 0.0777387 0.007786512 1

0.6668032 -0.1170727 0.7359807 0
0.00702455 -0.9865522 -0.1632956 0
0.7452009 0.1140558 -0.6570139 0
-0.02543241 0.07662363 0.008937992 1

0.6389884 0.2271972 0.734898 0
0.6186612 -0.7195383 -0.3154727 0
0.4571128 0.6562364 -0.6003348 0
-0.02376667 0.0737457 0.01037555 1

0.6389881 0.2271994 0.7348978 0
0.6186624 -0.719538 -0.3154714 0
0.457112 0.6562359 -0.600336 0
-0.02417918 0.07256109 0.009733554 1

0.6389881 0.2271982 0.734898 0
0.6186619 -0.7195382 -0.3154721 0
0.4571125 0.6562363 -0.600335 0
-0.02528849 0.07270689 0.008330787 1

0.6389883 0.2271973 0.7348982 0
0.6186616 -0.7195382 -0.3154727 0
0.4571128 0.6562366 -0.6003347 0
-0.02663347 0.07372464 0.007172856 1

0.8619858 0.289252 -0.4163101 0
0.1760483 -0.9409286 -0.2892416 0
-0.4753816 0.1760314 -0.8619893 0
0.0270532 0.07843751 0.00875653 1

0.8710652 0.1222381 -0.4757136 0
-0.2575685 -0.7109994 -0.6543229 0
-0.4182153 0.6924866 -0.5878423 0
0.02648975 0.07526458 0.008490926 1

0.8710654 0.1222383 -0.4757133 0
-0.2575686 -0.7109988 -0.6543236 0
-0.418215 0.6924874 -0.5878415 0
0.02768067 0.07459366 0.00753046 1

0.8710656 0.1222381 -0.475713 0
-0.2575679 -0.7109997 -0.6543232 0
-0.418215 0.6924864 -0.5878425 0
0.02926432 0.07499743 0.007094335 1

0.8710653 0.1222387 -0.4757132 0
-0.2575674 -0.7110002 -0.6543226 0
-0.4182159 0.6924859 -0.5878428 0
0.03037592 0.07655162 0.006694056 1

0.9992478 0.01698991 0.03485738 0
-0.01455081 0.9975055 -0.06907179 0
-0.03594395 0.06851264 0.9970025 0
3.802754E-05 0.0982674 0.003068918 1

0.9969367 0.01946492 0.07575238 0
-0.004242264 0.9805684 -0.1961313 0
-0.07809807 0.1952091 0.9776472 0
8.356331E-05 0.1051982 0.00118884 1

-0.9883276 0.04191134 0.1464653 0
-0.007773765 -0.9740347 0.2262656 0
0.1521454 0.2224859 0.9629911 0
0.00977799 0.09449339 0.003248345 1

-0.982636 -0.01246623 -0.1851241 0
-0.08196639 -0.8659384 0.4933885 0
-0.1664567 0.4999954 0.8498805 0
-0.00907762 0.09417281 0.00259059 1

0.9932694 0.04474534 0.1068349 0
-0.02757068 0.9871926 -0.1571318 0
-0.1124975 0.1531287 0.9817821 0
4.802044E-05 0.1134136 -0.0004544037 1

-0.9672393 0.05276484 0.2483229 0
-0.1336183 -0.9375221 -0.3212457 0
0.2158577 -0.343902 0.9138583 0
0.009454913 0.05401257 0.01265193 1

-0.9549312 0.05681679 -0.2913387 0
0.03627282 -0.9518164 -0.3045158 0
-0.2946025 -0.3013593 0.9068583 0
-0.01248414 0.05818441 0.02309582 1

0.9869402 0.08391759 0.1375024 0
-0.09458338 0.9928402 0.07295416 0
-0.1303958 -0.0850068 0.987811 0
-0.0002159739 0.1228662 -0.001958969 1

-0.9393502 -0.05385163 0.3387056 0
0.2761325 -0.7044775 0.6538062 0
0.203402 0.7076805 0.6766211 0
0.00331782 0.01095217 -0.002102896 1

-0.9106309 0.140906 -0.388454 0
-0.3395374 -0.7909315 0.5090595 0
-0.235511 0.5954602 0.7680897 0
-0.01081813 0.01446749 0.009109409 1

0.983525 0.1207614 0.1345182 0
-0.1178208 0.9925923 -0.0296405 0
-0.1371011 0.01330315 0.9904677 0
-0.0007894961 0.133546 -0.003243324 1

-0.1670577 -0.09783158 0.9810814 0
-0.81893 -0.5403492 -0.1933294 0
0.5490404 -0.8357341 0.01015232 0
-0.005644284 0.1307782 -0.00408353 1

0.2183848 0.1249637 -0.9678288 0
0.9044126 -0.3984244 0.1526318 0
-0.366533 -0.9086486 -0.2000287 0
0.004329018 0.1316319 -0.002771214 1

0.09938134 0.08660945 -0.991273 0
-0.04124986 -0.9949898 -0.09106974 0
-0.994194 0.04994045 -0.09531075 0
-0.01293784 0.1208147 -0.005866938 1

-0.9452327 0.007681059 0.3263069 0
0.3259341 -0.03102988 0.9448832 0
0.01738301 0.9994891 0.02682697 0
0.00663141 0.002498426 0.005742781 1

-0.9188491 0.07794853 -0.3868337 0
-0.3945661 -0.1670161 0.9035615 0
0.005823817 0.9828681 0.1842185 0
-0.01489258 0.00497631 0.01521812 1

0.9939065 0.08141347 0.07430845 0
-0.06290653 0.9725296 -0.2241173 0
-0.09051336 0.2180772 0.971725 0
-0.001255419 0.1370103 -0.002946695 1

0.1903769 0.00132157 0.9817101 0
-0.3651833 -0.928142 0.07206713 0
0.9112618 -0.3722242 -0.1762142 0
-0.01490011 0.124671 -0.006268606 1

0.4278717 0.09240977 -0.8991032 0
0.4593049 -0.8789737 0.1282364 0
-0.7784376 -0.4678311 -0.4185323 0
0.01425055 0.1272611 -0.001096821 1

0.09938134 0.08660945 -0.991273 0
-0.04124986 -0.9949898 -0.09106974 0
-0.994194 0.04994045 -0.09531075 0
-0.01361534 0.1044726 -0.007362707 1

-0.9452327 0.007681059 0.3263069 0
0.3259341 -0.03102988 0.9448832 0
0.01738301 0.9994891 0.02682697 0
0.008065537 0.002361894 0.009900313 1

-0.9188491 0.07794853 -0.3868337 0
-0.3945661 -0.1670161 0.9035615 0
0.005823817 0.9828681 0.1842185 0
-0.01662867 0.004241444 0.01919379 1

0.9939065 0.08141347 0.07430845 0
-0.06290653 0.9725296 -0.2241173 0
-0.09051336 0.2180772 0.971725 0
-0.002991061 0.1606064 -0.005584047 1

0.9939065 0.08141347 0.07430845 0
-0.06290653 0.9725296 -0.2241173 0
-0.09051336 0.2180772 0.971725 0
-0.005517788 0.146599 0.003942192 1

0.9939065 0.08141347 0.07430845 0
-0.06290653 0.9725296 -0.2241173 0
-0.09051336 0.2180772 0.971725 0
-0.0003228543 0.1470245 0.004330575 1

0.335615 0.4232316 0.8415685 0
-0.2386727 -0.8260291 0.5105988 0
0.9112617 -0.3722242 -0.176214 0
-0.0217593 0.1072378 -0.004914977 1

0.5913516 -0.3228845 -0.7389516 0
0.210567 -0.822727 0.5279981 0
-0.7784376 -0.4678312 -0.4185323 0
0.02286097 0.1107833 0.00130718 1

0.5414631 0.3329953 0.7719662 0
0.1003869 -0.937254 0.3338819 0
0.8347096 -0.1032895 -0.540917 0
-0.02803103 0.08553186 0.008502281 1

0.9226158 0.02807277 -0.384698 0
0.08304202 -0.988417 0.12703 0
-0.3766758 -0.1491459 -0.91426 0
0.02834128 0.08937069 0.01504908 1

0.5740231 0.4599869 0.6774287 0
0.4236469 -0.8748053 0.2350298 0
0.7007288 0.152078 -0.6970304 0
-0.02672131 0.08349963 0.0097001 1

0.5495897 0.2976318 0.7806193 0
0.3300324 -0.9357346 0.1244167 0
0.7674828 0.1892515 -0.6124983 0
-0.02633179 0.07836479 0.01173014 1

0.5495784 0.2976648 0.7806147 0
0.3298375 -0.9357768 0.1246149 0
0.7675745 0.1889904 -0.6124639 0
-0.02722234 0.07798748 0.01118989 1

0.5495898 0.2976321 0.7806191 0
0.3300335 -0.9357343 0.1244161 0
0.7674822 0.1892526 -0.6124985 0
-0.02804017 0.07784557 0.009656162 1

0.5713054 0.2306716 0.7876552 0
0.2834985 -0.9560847 0.07436935 0
0.7702201 0.1808115 -0.6116114 0
-0.02869216 0.07796548 0.008394072 1

0.9433085 -0.1355449 -0.3029801 0
-0.175332 -0.9785562 -0.1081062 0
-0.2818298 0.1550996 -0.9468455 0
0.02728304 0.08637763 0.01524501 1

0.9211764 0.07472713 -0.381903 0
-0.02269824 -0.9694006 -0.2444328 0
-0.3884829 0.2338342 -0.8912929 0
0.02757427 0.08131316 0.01631382 1

0.9211765 0.07472732 -0.381903 0
-0.02269818 -0.9694006 -0.2444334 0
-0.3884828 0.2338347 -0.8912927 0
0.02900962 0.08141308 0.01607242 1

0.9211767 0.0747263 -0.3819029 0
-0.02269892 -0.9694008 -0.2444326 0
-0.3884825 0.2338343 -0.8912931 0
0.0305299 0.08112164 0.01536722 1

0.9211765 0.0747274 -0.3819029 0
-0.02269797 -0.9694007 -0.244433 0
-0.388483 0.2338343 -0.8912929 0
0.0315707 0.08187442 0.01462549 1

0.6375073 0.05998828 0.7681055 0
0.1830858 -0.9802011 -0.07540356 0
0.7483743 0.1886994 -0.6358682 0
-0.02580685 0.08161133 0.01020742 1

0.5709862 0.2562147 0.7799543 0
0.5703599 -0.8071322 -0.1524043 0
0.5904779 0.5318753 -0.6069961 0
-0.02575201 0.07672095 0.01194871 1

0.5709861 0.2562166 0.7799538 0
0.5703606 -0.8071321 -0.1524031 0
0.5904775 0.5318749 -0.6069969 0
-0.02654768 0.07607342 0.01144478 1

0.5709861 0.2562152 0.7799542 0
0.5703599 -0.8071324 -0.1524039 0
0.5904779 0.5318753 -0.6069962 0
-0.02737342 0.07595515 0.009907514 1

0.5709863 0.2562145 0.7799544 0
0.5703598 -0.8071324 -0.1524045 0
0.5904781 0.5318753 -0.6069958 0
-0.0282318 0.07641298 0.008514835 1

0.9316082 0.2089771 -0.2973802 0
0.1394095 -0.9610528 -0.2386272 0
-0.3356659 0.1808493 -0.9244578 0
0.02683691 0.08388765 0.01496993 1

0.9238217 0.1108777 -0.3664147 0
-0.109727 -0.8402875 -0.5309215 0
-0.366761 0.5306822 -0.7641094 0
0.02753369 0.07957978 0.01587675 1

0.9238217 0.1108777 -0.3664145 0
-0.1097268 -0.8402876 -0.5309213 0
-0.3667609 0.5306821 -0.7641096 0
0.02896538 0.07952414 0.01559613 1

0.9238219 0.1108771 -0.3664144 0
-0.1097269 -0.8402881 -0.5309203 0
-0.3667605 0.5306811 -0.7641103 0
0.03048919 0.07938294 0.0149288 1

0.9238218 0.1108782 -0.3664145 0
-0.109726 -0.840288 -0.5309206 0
-0.3667613 0.5306812 -0.76411 0
0.0315383 0.08049051 0.01427655 1

0.6245189 -0.1046415 0.773968 0
0.04947858 -0.983692 -0.172921 0
0.7794408 0.1462871 -0.6091568 0
-0.02533299 0.07907441 0.01001227 1

0.5854657 0.238536 0.77481 0
0.6600542 -0.6951643 -0.2847373 0
0.4707001 0.6781204 -0.5644414 0
-0.02489142 0.07550313 0.01171876 1

0.5854653 0.2385382 0.7748098 0
0.6600552 -0.6951639 -0.284736 0
0.4706993 0.6781199 -0.5644425 0
-0.02553523 0.07464068 0.01117425 1

0.5854653 0.2385369 0.7748099 0
0.6600547 -0.6951639 -0.2847367 0
0.4706998 0.6781203 -0.5644418 0
-0.02645536 0.07465598 0.009662203 1

0.5854653 0.2385362 0.7748103 0
0.6600543 -0.6951641 -0.2847371 0
0.4707 0.6781207 -0.5644413 0
-0.02747855 0.07534702 0.008313558 1

0.9057807 0.2953762 -0.3038333 0
0.2334213 -0.9462206 -0.2240129 0
-0.3536614 0.1319853 -0.9260151 0
0.02715256 0.08171158 0.01442962 1

0.9263927 0.1265646 -0.3546528 0
-0.1494076 -0.7409757 -0.6547006 0
-0.345651 0.6594974 -0.6675245 0
0.02737746 0.07838345 0.01512087 1

0.9263928 0.1265649 -0.3546525 0
-0.1494076 -0.7409751 -0.6547014 0
-0.3456509 0.6594982 -0.6675239 0
0.02877269 0.07804848 0.01466376 1

0.926393 0.1265648 -0.3546521 0
-0.1494071 -0.7409757 -0.6547008 0
-0.3456506 0.6594975 -0.667525 0
0.03032906 0.07815669 0.01415403 1

0.9263926 0.1265652 -0.3546526 0
-0.1494067 -0.7409765 -0.6547001 0
-0.3456514 0.6594966 -0.6675251 0
0.03140763 0.07948984 0.01364429 1

0.6245189 -0.1046415 0.773968 0
0.04947858 -0.983692 -0.172921 0
0.7794408 0.1462871 -0.6091568 0
-0.02522547 0.07693665 0.009636477 1

0.5854657 0.238536 0.77481 0
0.6600542 -0.6951643 -0.2847373 0
0.4707001 0.6781204 -0.5644414 0
-0.02355569 0.07409634 0.01114254 1

0.5854653 0.2385382 0.7748098 0
0.6600552 -0.6951639 -0.284736 0
0.4706993 0.6781199 -0.5644425 0
-0.02388922 0.07290713 0.01046419 1

0.5854653 0.2385369 0.7748099 0
0.6600547 -0.6951639 -0.2847367 0
0.4706998 0.6781203 -0.5644418 0
-0.02491576 0.07303449 0.008998051 1

0.5854653 0.2385362 0.7748103 0
0.6600543 -0.6951641 -0.2847371 0
0.4707 0.6781207 -0.5644413 0
-0.02622104 0.07402262 0.007771086 1

0.9057807 0.2953762 -0.3038333 0
0.2334213 -0.9462206 -0.2240129 0
-0.3536614 0.1319853 -0.9260151 0
0.02754299 0.08012891 0.01405493 1

0.9263927 0.1265646 -0.3546528 0
-0.1494076 -0.7409757 -0.6547006 0
-0.345651 0.6594974 -0.6675245 0
0.02708541 0.0769351 0.01384114 1

0.9263928 0.1265649 -0.3546525 0
-0.1494076 -0.7409751 -0.6547014 0
-0.3456509 0.6594982 -0.6675239 0
0.02841196 0.07625949 0.01308306 1

0.926393 0.1265648 -0.3546521 0
-0.1494071 -0.7409757 -0.6547008 0
-0.3456506 0.6594975 -0.667525 0
0.03003268 0.07668677 0.01285525 1

0.9263926 0.1265652 -0.3546526 0
-0.1494067 -0.7409765 -0.6547001 0
-0.3456514 0.6594966 -0.6675251 0
0.03115818 0.07825272 0.0125512 1

0.9988083 0.02095136 0.04407981 0
-0.01781469 0.9973607 -0.07038619 0
-0.04543815 0.06951705 0.9965454 0
0.0001858025 0.09891788 0.005791563 1

0.9945299 0.0253377 0.1013332 0
-0.004886922 0.9803572 -0.1971694 0
-0.1043385 0.1955957 0.9751184 0
0.0002216125 0.1058466 0.003903769 1

-0.988204 0.04029568 0.1477475 0
-0.01483855 -0.9854171 0.169509 0
0.1524234 0.1653171 0.9743909 0
0.009938383 0.09518234 0.006065561 1

-0.9749924 -0.02888952 -0.2203534 0
-0.08502357 -0.8675956 0.4899481 0
-0.205332 0.4964307 0.8434426 0
-0.008908932 0.09478699 0.005233781 1

0.9879948 0.05362886 0.1448795 0
-0.03032638 0.9868928 -0.1585016 0
-0.1514808 0.1522051 0.9766715 0
0.0001806685 0.1140603 0.002251828 1

-0.9673062 0.04224343 0.2500691 0
-0.1271946 -0.933861 -0.334254 0
0.2194097 -0.3551334 0.9087023 0
0.009321693 0.05422845 0.01311034 1

-0.9492367 0.0100134 -0.314404 0
0.03549389 -0.9897007 -0.1386826 0
-0.3125545 -0.1428021 0.9391046 0
-0.01244251 0.05872972 0.02559602 1

0.9775278 0.095708 0.1878284 0
-0.1101872 0.9915681 0.06820051 0
-0.1797173 -0.08736413 0.9798313 0
-0.0001097121 0.12351 0.0007341467 1

-0.9379638 -0.05019533 0.3430807 0
0.2749298 -0.7105807 0.6476797 0
0.211276 0.7018233 0.680299 0
0.003479643 0.01133621 -0.00224195 1

-0.9050696 0.06559119 -0.4201752 0
-0.3439578 -0.6939389 0.6325679 0
-0.250085 0.7170403 0.6506233 0
-0.01081228 0.01327276 0.01922633 1

0.9749956 0.1331221 0.1779385 0
-0.1289976 0.991041 -0.0346037 0
-0.1809509 0.01078485 0.983433 0
-0.0007458544 0.1341832 -0.0005759238 1

-0.2160404 -0.1006739 0.9711804 0
-0.8009372 -0.5505992 -0.2352454 0
0.5584141 -0.8286768 0.03831803 0
-0.005517492 0.1313577 -0.001663899 1

0.266015 0.1282164 -0.955404 0
0.9003901 -0.3870313 0.1987573 0
-0.3442872 -0.9131086 -0.2184011 0
0.004364575 0.1323306 0.0001570778 1

0.1489035 0.08859526 -0.984875 0
-0.02450564 -0.9953418 -0.09324185 0
-0.9885482 0.038019 -0.1460387 0
-0.01258928 0.1213083 -0.003819915 1

-0.9435221 0.01126147 0.3311186 0
0.3304124 -0.0415355 0.9429224 0
0.02437188 0.999074 0.0354687 0
0.006778802 0.002809234 0.005530208 1

-0.9130339 0.004602512 -0.4078582 0
-0.4078624 -0.02064561 0.9128101 0
-0.004219189 0.9997765 0.02072713 0
-0.01493977 0.004945517 0.02681715 1

0.9945139 0.06541364 0.08162753 0
-0.04629444 0.975005 -0.2173062 0
-0.09380203 0.2123351 0.9726845 0
-0.00126843 0.137641 -0.0002994295 1

0.1425182 -0.01349005 0.9897004 0
-0.3584658 -0.9327319 0.0389059 0
0.9226 -0.3603184 -0.1377671 0
-0.01456996 0.1251346 -0.004322723 1

0.4799478 0.1065365 -0.8708043 0
0.4843445 -0.8597932 0.1617592 0
-0.7314783 -0.4994053 -0.4642565 0
0.01424198 0.1280847 0.002337475 1

0.1489035 0.08859526 -0.984875 0
-0.02450564 -0.9953418 -0.09324185 0
-0.9885482 0.038019 -0.1460387 0
-0.01299177 0.1049604 -0.005351358 1

-0.9435221 0.01126147 0.3311186 0
0.3304124 -0.0415355 0.9429224 0
0.02437188 0.999074 0.0354687 0
0.008232634 0.002626479 0.009679114 1

-0.9130339 0.004602512 -0.4078582 0
-0.4078624 -0.02064561 0.9128101 0
-0.004219189 0.9997765 0.02072713 0
-0.01673437 0.004854672 0.03083351 1

0.9945139 0.06541364 0.08162753 0
-0.04629444 0.975005 -0.2173062 0
-0.09380203 0.2123351 0.9726845 0
-0.002620237 0.1612799 -0.002773083 1

0.9945139 0.06541364 0.08162753 0
-0.04629444 0.975005 -0.2173062 0
-0.09380203 0.2123351 0.9726845 0
-0.005429029 0.147244 0.006631539 1

0.9945139 0.06541364 0.08162753 0
-0.04629444 0.975005 -0.2173062 0
-0.09380203 0.2123351 0.9726845 0
-0.0002309185 0.147586 0.007058175 1

0.2913139 0.4166664 0.8611189 0
-0.252874 -0.8346016 0.4893822 0
0.9226001 -0.3603182 -0.137767 0
-0.02130297 0.1076152 -0.003591958 1

0.6547095 -0.3241739 -0.6828374 0
0.1905128 -0.8034337 0.5640916 0
-0.7314783 -0.4994053 -0.4642565 0
0.02332181 0.1119665 0.005369916 1

0.4932526 0.3378605 0.8015936 0
0.113279 -0.9385935 0.3258987 0
0.8624789 -0.06994677 -0.5012364 0
-0.02794787 0.08568398 0.00926778 1

0.96115 0.03050157 -0.2743365 0
0.08275798 -0.9799973 0.1809871 0
-0.2633286 -0.1966594 -0.9444489 0
0.02828018 0.09105602 0.0200512 1

0.5263536 0.4671597 0.710432 0
0.4388139 -0.8649194 0.2436322 0
0.7282819 0.1835108 -0.6602498 0
-0.0266347 0.08367497 0.01050051 1

0.5020475 0.3026361 0.8101602 0
0.3525432 -0.9270244 0.1278234 0
0.7897225 0.2214431 -0.5721028 0
-0.02618391 0.07852498 0.01247879 1

0.5020356 0.3026688 0.8101553 0
0.3523406 -0.9270757 0.1280115 0
0.7898206 0.2211843 -0.5720674 0
-0.02703541 0.07812884 0.01189115 1

0.5020475 0.3026364 0.8101601 0
0.3525442 -0.9270239 0.1278229 0
0.7897218 0.2214443 -0.572103 0
-0.027774 0.07798478 0.01031793 1

0.5254667 0.2362691 0.8173504 0
0.3091152 -0.9480374 0.07531896 0
0.7926742 0.2130778 -0.5711964 0
-0.02836814 0.07810344 0.009027478 1

0.9745551 -0.128933 -0.1833549 0
-0.1460567 -0.9857779 -0.08312232 0
-0.1700301 0.1077873 -0.9795265 0
0.02725282 0.08805294 0.02025792 1

0.9586648 0.07719323 -0.2738669 0
0.02149423 -0.9793933 -0.2008159 0
-0.283725 0.1866283 -0.9405693 0
0.02749404 0.08304703 0.02158405 1

0.9586648 0.07719351 -0.2738669 0
0.02149434 -0.9793933 -0.2008164 0
-0.283725 0.1866289 -0.9405692 0
0.02894615 0.08316622 0.02150891 1

0.9586649 0.07719243 -0.2738667 0
0.02149349 -0.9793934 -0.2008157 0
-0.2837246 0.1866283 -0.9405693 0
0.03054364 0.08287606 0.02100157 1

0.9586648 0.07719354 -0.273867 0
0.02149445 -0.9793933 -0.200816 0
-0.2837251 0.1866284 -0.9405693 0
0.03165316 0.08361734 0.02035384 1

0.5977899 0.06797872 0.7987654 0
0.216793 -0.9729798 -0.0794412 0
0.7717826 0.2206559 -0.5963749 0
-0.0256875 0.08180803 0.0110264 1

0.5247251 0.2619014 0.8099822 0
0.6017605 -0.7871291 -0.1353226 0
0.6021194 0.5584223 -0.5706284 0
-0.02556458 0.07689644 0.01270335 1

0.5247251 0.2619033 0.8099818 0
0.601761 -0.7871286 -0.1353213 0
0.6021189 0.5584218 -0.5706294 0
-0.02631473 0.07623257 0.01215299 1

0.5247251 0.2619019 0.8099819 0
0.6017604 -0.7871288 -0.1353221 0
0.6021195 0.5584221 -0.5706285 0
-0.02706177 0.07611195 0.01057616 1

0.5247253 0.2619011 0.8099824 0
0.6017603 -0.7871291 -0.1353228 0
0.6021195 0.5584223 -0.5706281 0
-0.02786619 0.076564 0.009149784 1

0.9569201 0.215187 -0.1949323 0
0.1816226 -0.9674242 -0.1763628 0
-0.2265332 0.1333607 -0.9648304 0
0.02688118 0.08554459 0.02004641 1

0.958894 0.1140317 -0.2598444 0
-0.03297198 -0.8647277 -0.5011578 0
-0.2818425 0.4891246 -0.8254225 0
0.02753248 0.08129577 0.02122497 1

0.958894 0.1140316 -0.2598442 0
-0.03297187 -0.864728 -0.5011575 0
-0.2818424 0.4891244 -0.8254226 0
0.02898803 0.08125781 0.02111761 1

0.9588944 0.114031 -0.2598441 0
-0.03297196 -0.8647283 -0.5011565 0
-0.2818418 0.4891234 -0.8254233 0
0.03058219 0.08111944 0.02064139 1

0.9588941 0.1140321 -0.2598442 0
-0.03297108 -0.8647284 -0.5011569 0
-0.2818426 0.4891234 -0.8254232 0
0.03168385 0.08221918 0.02006716 1

0.5896462 -0.09703761 0.8018112 0
0.08818626 -0.9790853 -0.1833439 0
0.8028329 0.1788166 -0.5687566 0
-0.02512641 0.0792898 0.01082079 1

0.5399758 0.2447476 0.8053104 0
0.6941801 -0.6705551 -0.2616677 0
0.4759627 0.7003245 -0.5319823 0
-0.02465663 0.07570879 0.01249917 1

0.5399753 0.2447498 0.8053102 0
0.6941809 -0.6705548 -0.2616663 0
0.4759619 0.7003239 -0.5319836 0
-0.02524654 0.07483534 0.01191278 1

0.5399753 0.2447485 0.8053104 0
0.6941805 -0.6705549 -0.261667 0
0.4759623 0.7003244 -0.5319828 0
-0.02609317 0.07484498 0.01035835 1

0.5399757 0.2447478 0.8053107 0
0.6941802 -0.6705549 -0.2616674 0
0.4759626 0.7003246 -0.5319821 0
-0.02707147 0.07552446 0.008971069 1

0.9306992 0.3006658 -0.2083241 0
0.2729984 -0.9500135 -0.151481 0
-0.2434559 0.08411087 -0.9662582 0
0.02729242 0.08335408 0.01964708 1

0.9598089 0.1302663 -0.2485915 0
-0.05924538 -0.7717525 -0.6331577 0
-0.2743303 0.6224379 -0.7330173 0
0.02748553 0.08006465 0.02051146 1

0.9598091 0.1302666 -0.2485913 0
-0.05924538 -0.7717518 -0.6331585 0
-0.27433 0.6224388 -0.7330167 0
0.02893013 0.07973924 0.0202375 1

0.959809 0.1302665 -0.2485908 0
-0.05924477 -0.7717525 -0.6331577 0
-0.2743296 0.6224379 -0.7330176 0
0.03053407 0.07985753 0.01991005 1

0.9598089 0.130267 -0.2485912 0
-0.05924444 -0.7717531 -0.633157 0
-0.2743305 0.6224371 -0.7330178 0
0.03164458 0.08118939 0.01947034 1

0.5896462 -0.09703761 0.8018112 0
0.08818626 -0.9790853 -0.1833439 0
0.8028329 0.1788166 -0.5687566 0
-0.02493476 0.07716206 0.01042235 1

0.5399758 0.2447476 0.8053104 0
0.6941801 -0.6705551 -0.2616677 0
0.4759627 0.7003245 -0.5319823 0
-0.02325183 0.0743518 0.01196964 1

0.5399753 0.2447498 0.8053102 0
0.6941809 -0.6705548 -0.2616663 0
0.4759619 0.7003239 -0.5319836 0
-0.02351543 0.07316314 0.01126026 1

0.5399753 0.2447485 0.8053104 0
0.6941805 -0.6705549 -0.261667 0
0.4759623 0.7003244 -0.5319828 0
-0.02447398 0.0732809 0.009748003 1

0.5399757 0.2447478 0.8053107 0
0.6941802 -0.6705549 -0.2616674 0
0.4759626 0.7003246 -0.5319821 0
-0.02574894 0.07424695 0.008472551 1

0.9306992 0.3006658 -0.2083241 0
0.2729984 -0.9500135 -0.151481 0
-0.2434559 0.08411087 -0.9662582 0
0.02774905 0.08176506 0.0193937 1

0.9598089 0.1302663 -0.2485915 0
-0.05924538 -0.7717525 -0.6331577 0
-0.2743303 0.6224379 -0.7330173 0
0.02736973 0.07855613 0.01927385 1

0.9598091 0.1302666 -0.2485913 0
-0.05924538 -0.7717518 -0.6331585 0
-0.27433 0.6224388 -0.7330167 0
0.02878709 0.07787593 0.01870882 1

0.959809 0.1302665 -0.2485908 0
-0.05924477 -0.7717525 -0.6331577 0
-0.2743296 0.6224379 -0.7330176 0
0.03041654 0.07832655 0.01865401 1

0.9598089 0.130267 -0.2485912 0
-0.05924444 -0.7717531 -0.633157 0
-0.2743305 0.6224371 -0.7330178 0
0.03154567 0.07990088 0.01841323 1

0.998261 0.02756856 0.05210526 0
-0.02395919 0.9973517 -0.06866938 0
-0.05386038 0.06730156 0.9962779 0
0.0003290425 0.09928266 0.008602501 1

0.9917403 0.03178245 0.1242614 0
-0.00672662 0.9803676 -0.1970639 0
-0.128085 0.1946003 0.9724839 0
0.0003333268 0.1062151 0.006727958 1

-0.9883251 0.0384352 0.1474325 0
-0.02106462 -0.9928351 0.1176208 0
0.1508969 0.113142 0.9820535 0
0.01010403 0.09561212 0.008947532 1

-0.9662862 -0.04545254 -0.2534263 0
-0.08317332 -0.8764158 0.4743177 0
-0.2436658 0.479405 0.8430882 0
-0.008732961 0.09509192 0.007964312 1

0.9819522 0.06286979 0.1783737 0
-0.03402442 0.9864678 -0.1603861 0
-0.1860434 0.1514224 0.9708033 0
0.0002769693 0.1144289 0.005076901 1

-0.9673515 0.03194169 0.2514175 0
-0.1220922 -0.9280581 -0.3518544 0
0.2220912 -0.371063 0.9016583 0
0.009228582 0.05434996 0.01383585 1

-0.9439975 -0.03294111 -0.3283038 0
0.02254293 -0.9991179 0.0354293 0
-0.3291813 0.02604426 0.9439076 0
-0.01218965 0.05866808 0.02767695 1

0.9668597 0.1077657 0.2314489 0
-0.1250021 0.9902732 0.06110213 0
-0.222613 -0.08800883 0.9709263 0
-4.88208E-05 0.1238745 0.003541175 1

-0.9367085 -0.04780406 0.3468313 0
0.274098 -0.7164627 0.6415228 0
0.2178243 0.6959855 0.6842198 0
0.003620882 0.01172422 -0.002324839 1

-0.8993288 -0.007002465 -0.4372169 0
-0.3556868 -0.5698866 0.7407537 0
-0.2543512 0.8216934 0.5100248 0
-0.01115425 0.0127786 0.02930422 1

0.9655356 0.1458081 0.2155941 0
-0.139595 0.989237 -0.04385467 0
-0.219668 0.01224739 0.9754977 0
-0.0007529489 0.1345372 0.002181534 1

-0.2587778 -0.101842 0.9605531 0
-0.7822481 -0.5612945 -0.2702523 0
0.5666763 -0.8213263 0.0655846 0
-0.00543659 0.1316527 0.0008857255 1

0.3067486 0.1296957 -0.9429126 0
0.895395 -0.3752661 0.2396731 0
-0.3227584 -0.9177988 -0.2312413 0
0.004341073 0.1327474 0.003147741 1

0.1920451 0.08886091 -0.9773547 0
-0.008371174 -0.9957076 -0.09217444 0
-0.9813503 0.02588322 -0.1904768 0
-0.01228335 0.1215156 -0.001565533 1

-0.9420088 0.01356843 0.3353137 0
0.3342296 -0.05188418 0.9410626 0
0.03016623 0.998561 0.04434044 0
0.006910059 0.003126658 0.005373435 1

-0.9077791 -0.06453401 -0.4144544 0
-0.4194485 0.1394579 0.897003 0
-8.830801E-05 0.9881228 -0.1536655 0
-0.01542249 0.00593996 0.03819326 1

0.9947079 0.05180406 0.08872569 0
-0.03149995 0.9757594 -0.216567 0
-0.09779397 0.212626 0.9722275 0
-0.001328086 0.1379893 0.002422587 1

0.1001441 -0.03243082 0.9944443 0
-0.3508031 -0.9364371 0.004788026 0
0.9310793 -0.3493336 -0.1051557 0
-0.01427783 0.1253088 -0.002168758 1

0.522718 0.1194683 -0.844093 0
0.5065777 -0.8398925 0.1948324 0
-0.6856713 -0.5294411 -0.499547 0
0.01416368 0.1286307 0.005776989 1

0.1920451 0.08886091 -0.9773547 0
-0.008371174 -0.9957076 -0.09217444 0
-0.9813503 0.02588322 -0.1904768 0
-0.01242085 0.1051617 -0.003079443 1

-0.9420088 0.01356843 0.3353137 0
0.3342296 -0.05188418 0.9410626 0
0.03016623 0.998561 0.04434044 0
0.008380687 0.002898388 0.009514159 1

-0.9077791 -0.06453401 -0.4144544 0
-0.4194485 0.1394579 0.897003 0
-8.830801E-05 0.9881228 -0.1536655 0
-0.01726807 0.00655356 0.04214009 1

0.9947079 0.05180406 0.08872569 0
-0.03149995 0.9757594 -0.216567 0
-0.09779397 0.212626 0.9722275 0
-0.002340968 0.1616469 -3.483612E-05 1

0.9947079 0.05180406 0.08872569 0
-0.03149995 0.9757594 -0.216567 0
-0.09779397 0.212626 0.9722275 0
-0.005406777 0.1476412 0.009334419 1

0.9947079 0.05180406 0.08872569 0
-0.03149995 0.9757594 -0.216567 0
-0.09779397 0.212626 0.9722275 0
-0.0002076525 0.147912 0.009798157 1

0.2516664 0.4063623 0.87837 0
-0.2641127 -0.8442963 0.4662709 0
0.9310794 -0.3493333 -0.1051557 0
-0.02086692 0.1077198 -0.002078826 1

0.7079977 -0.3256475 -0.6266524 0
0.1690995 -0.7833556 0.59813 0
-0.6856712 -0.5294412 -0.499547 0
0.02366031 0.1128855 0.00942944 1

0.4528003 0.3353649 0.8261371 0
0.1275759 -0.9414011 0.312232 0
0.8824378 -0.03598358 -0.4690513 0
-0.02780713 0.08553381 0.01017361 1

0.9798449 0.02988198 -0.1975128 0
0.07741818 -0.96828 0.2375719 0
-0.1841487 -0.2480746 -0.9510775 0
0.02806136 0.09249756 0.02499663 1

0.4856248 0.4673247 0.7387669 0
0.4537552 -0.857098 0.243904 0
0.7471781 0.2167735 -0.6282791 0
-0.02648478 0.08353783 0.01141762 1

0.4622652 0.3002344 0.8343683 0
0.3737244 -0.9192513 0.1237234 0
0.8041401 0.2546306 -0.5371428 0
-0.02596253 0.0783639 0.0133142 1

0.4622524 0.3002668 0.8343638 0
0.3735163 -0.9193118 0.1239026 0
0.8042442 0.2543741 -0.5371086 0
-0.02677961 0.07795609 0.012687 1

0.4622651 0.3002347 0.8343682 0
0.3737255 -0.9192509 0.1237231 0
0.8041396 0.2546317 -0.5371431 0
-0.02745383 0.07782299 0.01108418 1

0.4872767 0.2344124 0.8411971 0
0.3329266 -0.9404098 0.06920643 0
0.8072928 0.2463341 -0.5362819 0
-0.02800195 0.07795082 0.009774388 1

0.9874042 -0.1245182 -0.09761183 0
-0.1292194 -0.9906661 -0.04339636 0
-0.09129709 0.05546325 -0.9942782 0
0.02705005 0.08949487 0.02527551 1

0.9768738 0.07649797 -0.1996639 0
0.047231 -0.9879436 -0.1474335 0
-0.208535 0.1345938 -0.9687094 0
0.0272321 0.08456671 0.02687427 1

0.9768738 0.07649821 -0.1996639 0
0.0472311 -0.9879436 -0.1474341 0
-0.208535 0.1345942 -0.9687093 0
0.0286843 0.08470212 0.02690987 1

0.976874 0.0764972 -0.1996637 0
0.0472302 -0.9879438 -0.1474334 0
-0.2085346 0.1345938 -0.9687094 0
0.03032034 0.08440878 0.02654811 1

0.9768738 0.07649821 -0.1996639 0
0.0472312 -0.9879437 -0.1474336 0
-0.2085351 0.1345938 -0.9687093 0
0.03147132 0.08513153 0.02595399 1

0.5650142 0.0685973 0.8222247 0
0.2472635 -0.9648134 -0.0894207 0
0.7871594 0.2538301 -0.5620949 0
-0.02550532 0.08168776 0.0119441 1

0.4860844 0.2601562 0.8342907 0
0.6286175 -0.7672766 -0.1269935 0
0.6070935 0.5861791 -0.5364998 0
-0.025306 0.07674902 0.01353155 1

0.4860841 0.260158 0.8342903 0
0.6286179 -0.7672762 -0.1269922 0
0.607093 0.5861786 -0.5365009 0
-0.0260156 0.07607569 0.01294043 1

0.4860844 0.2601566 0.8342906 0
0.6286174 -0.7672765 -0.1269931 0
0.6070933 0.5861789 -0.5365 0
-0.02669881 0.07596587 0.01133414 1

0.4860845 0.2601559 0.8342907 0
0.6286171 -0.7672766 -0.1269937 0
0.6070936 0.586179 -0.5364996 0
-0.02746134 0.07642377 0.009886769 1

0.967403 0.2182894 -0.1283792 0
0.2047326 -0.9725201 -0.1108592 0
-0.1490508 0.08096223 -0.9855098 0
0.02672124 0.08697408 0.02516508 1

0.9756082 0.1140015 -0.1875955 0
0.01611639 -0.8894677 -0.4567138 0
-0.2189263 0.4425505 -0.8696094 0
0.02731655 0.08280016 0.02661064 1

0.9756083 0.1140014 -0.1875955 0
0.01611649 -0.8894678 -0.4567136 0
-0.2189262 0.4425503 -0.8696095 0
0.02877633 0.08277705 0.02662258 1

0.9756085 0.1140009 -0.1875952 0
0.01611629 -0.8894683 -0.4567124 0
-0.2189257 0.4425495 -0.8696102 0
0.03040504 0.08263683 0.02628367 1

0.9756083 0.1140019 -0.1875955 0
0.01611719 -0.8894684 -0.4567127 0
-0.2189264 0.4425493 -0.86961 0
0.03153875 0.08372116 0.02574352 1

0.5614647 -0.09660943 0.821842 0
0.1228993 -0.9724116 -0.1982715 0
0.8183234 0.2123261 -0.5341015 0
-0.02486537 0.07919066 0.01171266 1

0.5019827 0.2435286 0.8298838 0
0.7223852 -0.6456873 -0.2474826 0
0.4755765 0.7237277 -0.5000455 0
-0.02435752 0.07559133 0.01333994 1

0.5019822 0.2435308 0.8298836 0
0.7223862 -0.6456873 -0.247481 0
0.4755758 0.7237275 -0.5000468 0
-0.02489974 0.07471371 0.01271501 1

0.5019823 0.2435295 0.8298838 0
0.7223859 -0.6456872 -0.2474818 0
0.4755763 0.7237277 -0.5000458 0
-0.02568699 0.07473085 0.01112973 1

0.5019825 0.2435287 0.8298842 0
0.7223855 -0.6456873 -0.2474824 0
0.4755764 0.7237278 -0.5000452 0
-0.02663114 0.07541046 0.009719049 1

0.9415175 0.3026036 -0.1482428 0
0.2936222 -0.952597 -0.07965877 0
-0.1653206 0.03147279 -0.9857377 0
0.02718481 0.08477203 0.02491407 1

0.9754515 0.1307984 -0.1771617 0
-0.0003021918 -0.8036994 -0.5950354 0
-0.2202146 0.5804818 -0.7839303 0
0.0273395 0.08153383 0.02596042 1

0.9754516 0.1307987 -0.1771615 0
-0.0003020875 -0.8036989 -0.5950363 0
-0.2202146 0.5804828 -0.7839295 0
0.02880463 0.08121501 0.02582052 1

0.9754516 0.1307986 -0.1771609 0
-0.000301566 -0.8036993 -0.5950357 0
-0.2202141 0.5804819 -0.7839305 0
0.03042857 0.08133881 0.02561719 1

0.9754515 0.1307991 -0.1771614 0
-0.000301335 -0.8037 -0.5950347 0
-0.2202148 0.5804809 -0.7839308 0
0.03155794 0.08266192 0.02519963 1

0.5614647 -0.09660943 0.821842 0
0.1228993 -0.9724116 -0.1982715 0
0.8183234 0.2123261 -0.5341015 0
-0.02459828 0.07707743 0.01128178 1

0.5019827 0.2435286 0.8298838 0
0.7223852 -0.6456873 -0.2474826 0
0.4755765 0.7237277 -0.5000455 0
-0.02289564 0.07428466 0.01283911 1

0.5019822 0.2435308 0.8298836 0
0.7223862 -0.6456873 -0.247481 0
0.4755758 0.7237275 -0.5000468 0
-0.02309829 0.07310352 0.01209785 1

0.5019823 0.2435295 0.8298838 0
0.7223859 -0.6456872 -0.2474818 0
0.4755763 0.7237277 -0.5000458 0
-0.024002 0.07322478 0.01055247 1

0.5019825 0.2435287 0.8298842 0
0.7223855 -0.6456873 -0.2474824 0
0.4755764 0.7237278 -0.5000452 0
-0.02525487 0.07418033 0.009247556 1

0.9415175 0.3026036 -0.1482428 0
0.2936222 -0.952597 -0.07965877 0
-0.1653206 0.03147279 -0.9857377 0
0.02767593 0.0831787 0.02478083 1

0.9754515 0.1307984 -0.1771617 0
-0.0003021918 -0.8036994 -0.5950354 0
-0.2202146 0.5804818 -0.7839303 0
0.02733891 0.07996285 0.02479732 1

0.9754516 0.1307987 -0.1771615 0
-0.0003020875 -0.8036989 -0.5950363 0
-0.2202146 0.5804828 -0.7839295 0
0.0288039 0.07927459 0.02438388 1

0.9754516 0.1307986 -0.1771609 0
-0.000301566 -0.8036993 -0.5950357 0
-0.2202141 0.5804819 -0.7839305 0
0.03042797 0.07974446 0.02443677 1

0.9754515 0.1307991 -0.1771614 0
-0.000301335 -0.8037 -0.5950347 0
-0.2202148 0.5804809 -0.7839308 0
0.03155744 0.08132006 0.02420616 1

0.9975752 0.03740473 0.05869111 0
-0.03361169 0.9973622 -0.0643347 0
-0.06094271 0.06220599 0.996201 0
0.0004428404 0.09901696 0.01158652 1

0.9887858 0.03998413 0.1438885 0
-0.01117318 0.9805981 -0.1957104 0
-0.1489221 0.191908 0.9700482 0
0.0003890022 0.1059575 0.009743258 1

-0.9887305 0.03784124 0.1448442 0
-0.02717775 -0.9968204 0.07490417 0
0.1472181 0.07012352 0.9866152 0
0.01025206 0.09544373 0.01197832 1

-0.9567741 -0.05930619 -0.2847221 0
-0.07805359 -0.8907107 0.4478201 0
-0.2801634 0.4506862 0.8475792 0
-0.008571989 0.09473792 0.01087082 1

0.9755734 0.07362739 0.2069678 0
-0.0399483 0.9859113 -0.162429 0
-0.2160111 0.1501934 0.96477 0
0.0002953902 0.1141733 0.00810354 1

-0.9673673 0.02335855 0.2522991 0
-0.120359 -0.9185913 -0.3764359 0
0.2229668 -0.3945183 0.8914264 0
0.009122551 0.05401594 0.01509133 1

-0.9390571 -0.07024837 -0.3365081 0
-0.005198559 -0.975884 0.2182295 0
-0.343723 0.2066792 0.9160449 0
-0.0118159 0.05771999 0.02948223 1

0.9556608 0.121231 0.2683571 0
-0.1401622 0.988737 0.05247459 0
-0.2589731 -0.08776144 0.9618892 0
-8.712217E-05 0.1236136 0.006548253 1

-0.9357352 -0.04638026 0.3496404 0
0.2731498 -0.7224404 0.6351923 0
0.223134 0.689876 0.6886815 0
0.003594458 0.01182503 -0.002198383 1

-0.8933785 -0.07330921 -0.4432844 0
-0.378274 -0.409669 0.8301086 0
-0.2424545 0.9092842 0.3382581 0
-0.01205467 0.01289763 0.03950551 1

0.9556754 0.1597398 0.247321 0
-0.1504752 0.9870238 -0.05604671 0
-0.2530646 0.01634679 0.9673113 0
-0.0008766992 0.1342616 0.005122134 1

-0.2951332 -0.1022025 0.9499743 0
-0.7629851 -0.5732576 -0.2987139 0
0.5751091 -0.8129766 0.09120803 0
-0.005468554 0.1313115 0.003656577 1

0.3406068 0.1303211 -0.9311302 0
0.8906191 -0.3620948 0.275109 0
-0.3013049 -0.9229864 -0.2393983 0
0.004198843 0.1325421 0.006291878 1

0.2286693 0.08819033 -0.9695013 0
0.00817775 -0.9960271 -0.08867439 0
-0.9734699 0.01234873 -0.2284819 0
-0.01208244 0.1210773 0.0009799208 1

